# shuffled stratified split (indices referring to UCR database)
TESTINDEX=[386 277 480 594 209 409 211  59 824 667 810 288 333 408 704  29 494 206
 434  53 214 567 151 173   1 854 229   7 432 707 291 847  99 330 191  17
 262 694 374  91  35  47 677 111 471 618 661 859 745 785 829 145 775 627
 120   5  61  11 201 447 904 591 528 675 863 683 294 540  34 728 527  45
 313 273 159 770 384 538 441 801 430 403 276 275 498 561  98 200 713 686
 761 595 737 341 154 466 503 896 632 841 182 549  50 571 680 475 478 870
   6  90 782 361 530 893  72 688 355  80 852 455 359 532 696 373 388 723
 884 517 513 105 738  42 457 419 580   0 253 634 758  94 482 888 130 461
 190 535 629 483 456 894 109 437 718 268 106 800 454 882 238  93 352 784
 149 691  33 631 144 122 314 524  49 500 381 311 246 550 647 226 619 307
 678 579  37 316 369 604 788  77 510 840  95 458  78 792 759 504 193 389
 462 258   2 304 589 337 450 778 385 679 391 656 101 358 544 113 135 897
 387 131 553 832 536 610 449 395 666 179 448 400  13 780 491 126 180 397
 451 776 383 412 808 218 416 188 382 716 487 555 835 682  65 305 439 753
 660 271 119 695 563 673 225  54 266 376 263 216 184 754  83 642 423 725
  88 166 199 163 196 328 599  12 831 670 818 828 798 295 176 576 331 751
 826 194 520 838  25 557  28 414 843 413 786  79 354 479 371 806  70 529
 236 228 537 137 344 124 349 404 607 319 407 646 630  18 125 815 659 411
 774 613 855 347 324 853 342 637 903 472  55 772  27 650 257 898 584 370
 757 574 616 467 431 429 507 756 586 318  74 664 442  15 164 208 221 641
 308 541 856 877 223 445 526 210 622 767 593 107  14 846 282 741 732 590
 241 672 628  84  46 233 620 779 663 803  82 142 139 486 791 244 254 286
 890 681 598  87  31 138 735 365 648 715 155 334  16 197 325 240 418 426
 239 551 614 172 146 364 697 626 519 421 204 493 525 297 545 708 609 845
 582 569 865 425 655 821 624 198 259 147 153 568 899 375  24 231 748  64
 235 790 453 747 548 255 468 415 463 749 115  58 281]
TRAININDEX=[ 52 638 160 270 132 692 833 769 542 585 596 100 170 502 802 505 280 720
  69  36 556 874 871 162 114 481 793 531 249 301 420 823 640 222 473 495
 345 203 773 783 300 350 237 570 362 272 185 565 698 264 356 868 488 368
 175 714 129 506 615 390 183 743 702 699 727 118 885 771 511 836 653 560
 726  96 547 875  51 731 227 902 321 860 224 849 736 267 150  10 474 134
 287 192 844 689 729 623 292  30 866 309 635  20 322 559 602 401 303 422
 393 809 701 588 127 760 470 508 804 879 717 577 892 645 705  68  71 721
 711 518 242 327 336 278 539 763 651 603 476 133 521  23 872 446 562 152
 709 394 654 219 730 795 822 367 396 156 722 858 217  63 499 693 901 608
 658 104 592 136 583 862 687 366 399 514 110 256 781 378 338 643 886 320
 880 489 293 112 762 690 796 606 639 834 665   9 777 895 492 789 108 220
  73 740 554 353 186 326 799 410 250  81 169 861 232 485 207 290 189 706
 552 812  85 158 819 497 797 668  21 148 814   3 452 372 750  26 752 438
 117 733  48 676 296 177 876 165 469 128 335 649 839 881 444 558 575 621
 245 578 662 674  97 710 348 889 805 433 212 274 459 644  89 883   4  32
 443 842 755 140 534  39 515 424 417 178 564 380 402 285 857 864 900 435
 323 512 543 477 298 807 157 873 174 509  22 234 611 794 742 247 181  56
 360 343 306 252 171 851 265 719 317 597 167 436 765 123 601 427 581 357
 600 612 260 213 837 820 392 315 573 746 116 284 279   8  62 332 351 633
  76  41  43 261 230 703 310 605  38 669 496 440 490 283  40 764 817 248
 299 887 289 312 813 302 340  86 329 465 339 102 587 363 269 652 811 671
 406 168 501 161 867  19 724 830 825 566 850 428  60 405 251 878 377 739
 712 202 572 816 143 379 787  44 744  67 195 522 617 625 827 398 243 766
 484 141 700 516 187 684 734 546 636 891 205  92 523  57 533 103 121 464
 346 869 848 460 657  75 215  66 685 768]

# learned parameters for cdtw and gem
# dtw ((error, size, error/size), (window, sqr))
# gem ((error, size, error/size), (St0, St1, E, sym, sqr))
BESTLEARNCONSDTW=((95, 442, 0.21493212669683259), (0.089999999999999997, True))
LISTLEARNCONSDTW=[((95, 442, 0.21493212669683259), (0.089999999999999997, True)), ((97, 442, 0.21945701357466063), (0.059999999999999998, True)), ((98, 442, 0.22171945701357465), (0.050000000000000003, True)), ((100, 442, 0.22624434389140272), (0.080000000000000002, True)), ((100, 442, 0.22624434389140272), (0.10000000000000001, True)), ((101, 442, 0.22850678733031674), (0.070000000000000007, True)), ((101, 442, 0.22850678733031674), (0.12, True)), ((102, 442, 0.23076923076923078), (0.11, True)), ((103, 442, 0.2330316742081448), (0.040000000000000001, True)), ((105, 442, 0.23755656108597284), (0.13, True)), ((106, 442, 0.23981900452488689), (0.14000000000000001, True)), ((110, 442, 0.24886877828054299), (0.029999999999999999, True)), ((111, 442, 0.25113122171945701), (0.14999999999999999, True)), ((114, 442, 0.25791855203619912), (0.16, True)), ((115, 442, 0.26018099547511314), (0.17000000000000001, True)), ((118, 442, 0.2669683257918552), (0.17999999999999999, True)), ((119, 442, 0.26923076923076922), (0.19, True)), ((122, 442, 0.27601809954751133), (0.02, True)), ((122, 442, 0.27601809954751133), (0.20000000000000001, True)), ((138, 442, 0.31221719457013575), (0.01, True)), ((160, 442, 0.36199095022624433), (0.0, True))]

BESTLEARNGEM=((114, 442, 0.25791855203619912), (2, 2, 0.5, True, True))
LISTLEARNGEM=[((114, 442, 0.25791855203619912), (2, 2, 0.5, True, True)), ((125, 442, 0.28280542986425339), (2, 2, 0.25, True, True)), ((129, 442, 0.29185520361990952), (2, 2, 0.0078125, True, True)), ((130, 442, 0.29411764705882354), (2, 2, 0.00390625, True, True)), ((130, 442, 0.29411764705882354), (2, 2, 0.03125, True, True)), ((132, 442, 0.29864253393665158), (2, 2, 0.015625, True, True)), ((133, 442, 0.3009049773755656), (2, 2, 0.0625, True, True)), ((135, 442, 0.30542986425339369), (2, 2, 0, True, True)), ((136, 442, 0.30769230769230771), (2, 2, 0.125, True, True)), ((161, 442, 0.36425339366515835), (1, 1, 0.0078125, True, True)), ((161, 442, 0.36425339366515835), (1, 1, 0.015625, True, True)), ((161, 442, 0.36425339366515835), (1, 2, 0.0078125, True, True)), ((161, 442, 0.36425339366515835), (1, 2, 0.015625, True, True)), ((162, 442, 0.36651583710407237), (1, 1, 0.00390625, True, True)), ((162, 442, 0.36651583710407237), (1, 2, 0.00390625, True, True)), ((169, 442, 0.38235294117647056), (1, 1, 0, True, True)), ((169, 442, 0.38235294117647056), (1, 2, 0, True, True)), ((171, 442, 0.38687782805429866), (1, 1, 0.03125, True, True)), ((171, 442, 0.38687782805429866), (1, 2, 0.03125, True, True)), ((182, 442, 0.41176470588235292), (1, 1, 0.0625, True, True)), ((182, 442, 0.41176470588235292), (1, 2, 0.0625, True, True)), ((190, 442, 0.42986425339366519), (1, 1, 0.125, True, True)), ((190, 442, 0.42986425339366519), (1, 2, 0.125, True, True)), ((197, 442, 0.44570135746606337), (1, 1, 0.25, True, True)), ((197, 442, 0.44570135746606337), (1, 2, 0.25, True, True)), ((201, 442, 0.45475113122171945), (2, 1, 0.5, True, True)), ((202, 442, 0.45701357466063347), (2, 1, 0.25, True, True)), ((208, 442, 0.47058823529411764), (2, 1, 0.0625, True, True)), ((211, 442, 0.47737556561085975), (2, 1, 0.125, True, True)), ((213, 442, 0.48190045248868779), (2, 1, 0.03125, True, True)), ((216, 442, 0.48868778280542985), (1, 1, 0.5, True, True)), ((216, 442, 0.48868778280542985), (1, 2, 0.5, True, True)), ((228, 442, 0.51583710407239824), (2, 1, 0.015625, True, True)), ((240, 442, 0.54298642533936647), (2, 1, 0.0078125, True, True)), ((247, 442, 0.55882352941176472), (2, 1, 0.00390625, True, True)), ((251, 442, 0.5678733031674208), (2, 1, 0, True, True))]


# error rates for different distance measures
# (error, size, error/size) and binary mask
BESTLP=(162, 463, 0.34989200863930886)
LISTLP=[0, 1, 1, 0, 0, 0, 1, 0, 1, 0, 1, 0, 1, 0, 0, 0, 1, 0, 0, 1, 1, 1, 1, 1, 1, 0, 0, 0, 0, 0, 0, 0, 0, 0, 1, 0, 0, 0, 1, 0, 0, 1, 1, 0, 0, 0, 1, 0, 1, 0, 0, 0, 0, 0, 0, 1, 0, 0, 0, 1, 0, 0, 1, 1, 1, 1, 0, 0, 0, 1, 0, 1, 1, 1, 0, 1, 0, 0, 0, 0, 1, 1, 1, 1, 0, 1, 1, 0, 0, 0, 1, 0, 1, 1, 0, 1, 0, 0, 0, 1, 0, 0, 1, 0, 0, 0, 1, 0, 1, 0, 0, 1, 1, 1, 1, 0, 1, 0, 1, 0, 0, 1, 0, 1, 1, 1, 0, 0, 0, 1, 0, 0, 0, 0, 0, 0, 1, 0, 1, 0, 1, 0, 0, 1, 1, 0, 0, 0, 1, 1, 0, 1, 0, 1, 0, 0, 0, 0, 0, 0, 0, 1, 1, 0, 1, 1, 0, 0, 1, 0, 1, 0, 0, 0, 0, 0, 0, 0, 0, 1, 0, 1, 0, 0, 1, 1, 0, 0, 0, 0, 0, 0, 1, 0, 1, 1, 0, 0, 1, 0, 1, 0, 0, 1, 0, 1, 0, 1, 1, 0, 0, 1, 0, 1, 1, 0, 1, 1, 0, 0, 0, 0, 0, 1, 0, 0, 1, 1, 1, 1, 1, 0, 0, 0, 0, 0, 0, 0, 0, 0, 1, 1, 0, 1, 0, 1, 1, 0, 1, 1, 0, 1, 0, 0, 1, 0, 0, 0, 1, 1, 0, 0, 1, 0, 0, 0, 0, 0, 0, 0, 0, 0, 1, 1, 1, 0, 0, 0, 0, 0, 0, 0, 1, 1, 0, 1, 0, 1, 1, 1, 1, 0, 1, 1, 0, 0, 0, 0, 0, 0, 1, 0, 0, 1, 0, 0, 1, 0, 0, 1, 0, 0, 0, 0, 1, 0, 0, 0, 0, 0, 0, 1, 0, 0, 1, 0, 0, 0, 0, 0, 0, 0, 0, 0, 1, 0, 0, 0, 0, 0, 0, 0, 0, 1, 0, 0, 0, 1, 0, 1, 1, 0, 0, 0, 1, 1, 0, 0, 0, 0, 0, 1, 1, 0, 1, 1, 0, 1, 0, 0, 0, 1, 0, 0, 0, 0, 1, 0, 0, 0, 0, 0, 0, 0, 1, 1, 0, 0, 0, 0, 0, 0, 0, 0, 0, 0, 0, 0, 0, 0, 0, 1, 0, 0, 0, 0, 0, 0, 0, 0, 0, 0, 0, 0, 0, 0, 0, 0, 0, 1, 1, 1, 0, 0, 1, 0, 1, 1, 0, 1, 0, 0, 1, 0, 0, 0, 0, 1, 1, 0, 1, 1, 0, 0, 0, 0, 0, 0, 1, 1, 1, 0, 0, 0, 1, 1, 1, 0, 0, 0, 1, 0, 1]

BESTFULLDTW=(152, 463, 0.3282937365010799)
LISTFULLDTW=[0, 0, 1, 0, 1, 0, 1, 0, 1, 0, 1, 0, 1, 1, 0, 0, 1, 0, 0, 1, 1, 1, 1, 1, 1, 1, 0, 0, 1, 1, 0, 0, 0, 0, 1, 0, 0, 0, 1, 1, 0, 0, 0, 0, 0, 1, 1, 1, 1, 0, 0, 0, 0, 0, 0, 1, 0, 1, 0, 1, 0, 0, 1, 1, 1, 1, 1, 1, 0, 1, 0, 1, 0, 1, 1, 0, 0, 0, 0, 1, 1, 1, 0, 0, 0, 1, 0, 1, 0, 1, 1, 0, 1, 1, 0, 1, 0, 1, 1, 1, 0, 0, 1, 0, 0, 0, 1, 0, 0, 0, 1, 1, 1, 0, 0, 1, 0, 0, 1, 0, 0, 0, 0, 0, 1, 0, 0, 0, 0, 1, 0, 0, 0, 0, 0, 0, 0, 0, 1, 0, 0, 0, 0, 0, 1, 0, 0, 0, 1, 1, 0, 0, 0, 0, 1, 0, 0, 0, 0, 0, 0, 1, 1, 0, 1, 0, 1, 0, 1, 0, 1, 0, 0, 0, 0, 0, 0, 0, 0, 0, 0, 1, 0, 0, 1, 1, 0, 0, 0, 0, 1, 0, 0, 0, 0, 0, 0, 0, 1, 0, 0, 0, 1, 1, 0, 0, 0, 0, 0, 1, 0, 1, 0, 0, 1, 0, 1, 1, 0, 1, 1, 0, 0, 1, 0, 0, 1, 1, 0, 1, 0, 0, 1, 0, 0, 0, 1, 0, 1, 0, 0, 0, 0, 1, 0, 1, 1, 0, 1, 1, 1, 0, 1, 1, 0, 0, 0, 0, 0, 0, 0, 1, 1, 1, 0, 0, 0, 0, 0, 0, 0, 0, 0, 0, 0, 0, 0, 1, 0, 0, 0, 0, 0, 0, 0, 0, 0, 0, 0, 0, 1, 0, 1, 1, 0, 0, 1, 0, 0, 1, 1, 0, 0, 1, 0, 0, 0, 0, 0, 0, 0, 0, 1, 0, 0, 0, 0, 0, 1, 0, 1, 0, 0, 0, 1, 0, 1, 0, 0, 0, 1, 0, 0, 0, 1, 0, 0, 1, 0, 0, 0, 0, 0, 1, 1, 0, 0, 1, 0, 1, 0, 1, 0, 0, 1, 1, 1, 1, 1, 1, 0, 0, 1, 0, 0, 1, 0, 0, 0, 0, 1, 1, 0, 0, 0, 0, 1, 0, 0, 0, 1, 0, 0, 0, 0, 0, 1, 0, 0, 0, 0, 0, 0, 0, 1, 1, 0, 0, 0, 0, 0, 1, 0, 0, 0, 0, 1, 0, 0, 0, 0, 0, 0, 0, 0, 0, 0, 0, 1, 0, 1, 1, 0, 0, 1, 0, 0, 1, 0, 0, 0, 0, 0, 1, 0, 0, 0, 0, 0, 0, 1, 0, 0, 0, 0, 0, 0, 0, 1, 0, 1, 0, 0, 1, 0, 1, 0, 1, 0, 0, 0, 0, 0]

BESTCONSDTW=(113, 463, 0.24406047516198703)
LISTCONSDTW=[0, 0, 1, 0, 1, 0, 1, 0, 1, 0, 1, 0, 1, 0, 0, 0, 1, 0, 0, 0, 0, 1, 1, 1, 1, 0, 1, 0, 0, 0, 0, 0, 0, 0, 1, 0, 0, 0, 1, 0, 0, 0, 0, 1, 0, 0, 1, 0, 1, 0, 0, 0, 0, 0, 0, 1, 0, 0, 0, 1, 0, 0, 1, 1, 0, 1, 0, 1, 0, 0, 0, 1, 0, 1, 1, 0, 0, 0, 0, 1, 1, 1, 0, 0, 0, 1, 0, 1, 0, 1, 1, 0, 1, 0, 0, 1, 0, 0, 1, 1, 0, 0, 1, 0, 0, 0, 1, 0, 0, 0, 0, 1, 1, 0, 0, 0, 1, 0, 1, 0, 0, 0, 0, 0, 0, 0, 0, 0, 0, 1, 0, 0, 0, 0, 0, 0, 0, 0, 1, 0, 1, 0, 0, 0, 0, 0, 0, 0, 0, 0, 0, 0, 0, 0, 0, 0, 0, 0, 1, 0, 0, 1, 1, 0, 1, 1, 1, 0, 0, 0, 1, 0, 0, 0, 0, 0, 0, 0, 0, 0, 0, 1, 0, 0, 0, 1, 0, 0, 0, 0, 1, 0, 1, 0, 0, 0, 0, 0, 1, 0, 0, 0, 1, 1, 1, 0, 0, 0, 0, 1, 0, 1, 0, 1, 1, 0, 1, 1, 0, 1, 0, 0, 0, 1, 0, 0, 1, 1, 0, 1, 0, 0, 1, 0, 0, 0, 0, 0, 0, 0, 0, 0, 0, 0, 0, 1, 1, 0, 1, 1, 0, 0, 0, 0, 0, 0, 0, 0, 1, 1, 0, 0, 0, 0, 0, 0, 0, 0, 0, 0, 0, 0, 0, 0, 1, 0, 0, 0, 0, 0, 0, 0, 0, 0, 0, 0, 0, 0, 0, 1, 1, 0, 1, 1, 0, 0, 1, 0, 0, 0, 1, 0, 0, 1, 0, 0, 0, 0, 0, 0, 0, 0, 1, 0, 0, 0, 0, 0, 1, 0, 0, 0, 0, 0, 0, 0, 0, 0, 0, 0, 0, 0, 0, 0, 0, 0, 0, 0, 0, 0, 0, 0, 0, 0, 0, 0, 0, 1, 0, 1, 0, 0, 0, 0, 0, 1, 0, 0, 1, 1, 0, 1, 1, 0, 0, 0, 0, 0, 0, 0, 1, 1, 1, 0, 0, 0, 1, 0, 0, 0, 0, 0, 1, 0, 0, 0, 0, 0, 0, 0, 0, 0, 0, 0, 0, 0, 0, 0, 0, 0, 0, 0, 0, 0, 0, 0, 1, 0, 0, 0, 0, 0, 0, 0, 0, 0, 0, 0, 0, 0, 0, 1, 0, 0, 1, 0, 0, 1, 0, 0, 0, 0, 1, 1, 0, 0, 0, 0, 0, 0, 0, 1, 0, 0, 0, 0, 0, 0, 0, 0, 1, 0, 0, 0, 0, 1, 1, 1, 0, 0, 1, 0, 0]

BESTGEM=(107, 463, 0.23110151187904968)
LISTGEM=[0, 1, 0, 0, 0, 0, 1, 0, 1, 0, 1, 0, 1, 0, 0, 0, 1, 0, 0, 0, 0, 0, 1, 1, 1, 1, 1, 0, 1, 0, 0, 0, 0, 0, 1, 0, 0, 0, 0, 0, 0, 1, 0, 1, 0, 0, 0, 0, 1, 0, 1, 0, 0, 0, 0, 1, 0, 0, 0, 0, 0, 0, 0, 1, 0, 0, 1, 0, 0, 0, 0, 1, 0, 1, 0, 0, 0, 0, 0, 0, 1, 1, 0, 0, 0, 0, 0, 1, 0, 0, 0, 0, 1, 0, 0, 1, 0, 0, 0, 1, 0, 0, 1, 0, 0, 0, 1, 0, 0, 0, 0, 1, 0, 0, 0, 1, 0, 0, 0, 0, 0, 0, 0, 0, 0, 1, 0, 0, 0, 1, 0, 0, 1, 0, 0, 0, 1, 0, 1, 0, 1, 0, 0, 0, 0, 0, 0, 0, 0, 1, 0, 1, 0, 0, 0, 0, 0, 0, 0, 0, 0, 0, 1, 0, 0, 1, 1, 0, 0, 0, 1, 0, 0, 1, 0, 0, 0, 0, 0, 0, 0, 1, 0, 0, 0, 1, 0, 0, 0, 0, 0, 0, 1, 0, 1, 0, 0, 0, 1, 0, 1, 0, 1, 1, 0, 0, 0, 0, 0, 0, 0, 1, 0, 0, 1, 0, 1, 1, 0, 0, 1, 0, 0, 1, 0, 0, 1, 0, 0, 1, 0, 0, 0, 0, 0, 0, 0, 0, 1, 0, 0, 0, 0, 0, 0, 1, 0, 0, 0, 1, 1, 0, 0, 0, 0, 0, 0, 0, 0, 1, 0, 1, 1, 1, 0, 0, 0, 0, 0, 0, 0, 0, 0, 0, 1, 0, 0, 0, 0, 0, 0, 0, 0, 0, 0, 0, 0, 0, 0, 0, 1, 0, 0, 1, 0, 0, 0, 0, 0, 0, 1, 0, 0, 1, 0, 0, 1, 0, 0, 0, 0, 0, 1, 0, 0, 0, 0, 0, 0, 0, 0, 1, 0, 0, 0, 0, 1, 0, 0, 0, 1, 0, 0, 0, 1, 0, 0, 0, 0, 0, 0, 0, 0, 0, 1, 0, 0, 1, 0, 0, 0, 0, 0, 0, 1, 1, 1, 0, 0, 1, 0, 0, 0, 0, 0, 1, 0, 1, 0, 0, 0, 0, 0, 0, 0, 0, 0, 0, 0, 1, 1, 0, 0, 0, 0, 0, 0, 0, 0, 0, 1, 0, 0, 0, 0, 0, 0, 0, 0, 0, 0, 1, 0, 0, 0, 0, 1, 0, 0, 0, 0, 0, 0, 0, 0, 0, 0, 0, 1, 0, 0, 0, 0, 0, 1, 0, 0, 1, 0, 0, 0, 1, 1, 0, 0, 0, 0, 0, 0, 0, 1, 1, 0, 0, 0, 1, 0, 0, 1, 0, 1, 0, 0, 0, 0, 1, 1, 1, 0, 0, 1, 0, 0]

