# shuffled stratified split (indices referring to UCR database)
TESTINDEX=[669 264 376 293 661 708   2  22 240 742 848 729 837 399  97  18 751 290
 304 371  46 575 604 261 850 298 217 557 484 726 737 159  81 710 840 402
 794 467 415 431 242 800 695 749  96 289 500 170 143  65 515 542 349 153
 712 299 650  63 303 366 535 107 440 723 611 631 227 401  41 109  39 369
 267 131 112 626 468 773 278 363 576 231 499 432 852 249 741 341 807 277
 287 862 127 410 470 226 405  64 332 273 189 144 464 305 233 263 100  83
 573 212 623 123 463 434 772 359  31 291 420 678 838 602 321 719 534 579
 619 653 204 872 703 685 630 625 129 397 294 718 445 229 255 469 687 680
  27 384 525 829 243 311 386 398 302 901 252 165  78 775 337 454 266  44
 301 786 628 709 251 372 805 444 459 262 657 411 361 193 151 190 485 758
 743 268 509 641 329 594 443 488 560 682 598 832 271 381 768 649 637 673
 740 873  93 894 797 870 191 239 521 121  48 809 696 822 785 324 462 601
 745 176 665 552 599 765 427 815 559 639 605 265   6 652 214 754 549 841
 336  85 537 827 766 414 561 666 474 353 375 209 228 312 902 238 784 475
  71 516 645  80 566 134 393 179 382  12 282 446 230 591 556  67 861 504
 792 106 374 272 606 853  35 522 812 571 526 409 874 867 681 348 517 760
 774 370 817 569 421 477 395 778 715 753  90 662 859 731 213 675 886 889
 258  51 887 586 383 904 388 550 317 344 254  70 572 194 244 733 679 824
 747 757 481 503 672 855 655  14 422 466 408 472 285 793 497 114  82 491
 362 884 314 585 563 295 452 175 584 589  19 450 881  69 664 433 308  43
 181 292 506 735 365 530 725 234 788 135 610 451 642 899  32 701 583 392
 200 510 767 810 328 877 581 167 811 248  55 111 148 105 116 796 274 847
 102 333 347 531 806 871 770 688 880 284  54 839  56 635 441 246 340 771
 646 486 634 648 306 437 222 396 828 460 357  79 113 636 532 178 608 691
  50 752 716 275 835 698 607 795 769 400 132 620 801 640 868  60 830  73
 633  38 232 721 651 138  98 763 498 697 276 219 220]
TRAININDEX=[748 473 683 574 423 736 624 319 182 256 235 714 587 453  30 206 803 172
 157 150 541 350 377 732  89 323 693 416 609 368 582 156 180 551 269 659
 565 174 834 670 492 455 208 343  24  49 728 744 705  13 543 286 456 279
 356  87 424 296 493 613 903 511 533 508 122 846 162 671  53 241 334 490
 115 699 313 307 596 802 717 387 155 507 790 799 476 538 391 539 338 616
 816 110 199 496  62 555 656  42 425 720 570 558 225 378  47 702  59 885
 706 660 897 426 739 137 101 629 297 621 821  75 184 139 163 676 876 198
 618 857 704 130 119 798 883 201 779 407 253 300 777 842 820 223 866 564
 892 458 644 700 505 202 406  23 823   8 592 351 442 890 320 864 270 316
 330 524 512 520 813 711 224 326 528 692 327  77 674 128 325  74 663   5
 761 448 257 247 205 756   7 502 259 667 471 281 856 390 141 429 483 789
 879 722 580 804 315  72 577 250 764  20  84 389 643 529 418  68 177 192
 590 713 858 438 210 117 875 869 457 487 183 622 495 782 603 187 283  36
 849 196 658 346 553  15 780 221 364 322 568 844 891 417 403 367 140 288
 146 724 545  11 654 197 413 124 523 694 627 863 845 527 412 727 168 519
 380 833 684 260 781 514 677 203 851  17 668  34 171 310  99 900 103 730
  28 882 339 186 360 762 888  40 808 439 707 394  94  29 896 787 734 136
   1 814 593 597 166 843 615 632 895 379 373 404 120 783 548 169  91 164
 547 482 826 358 449 494 647  95 600 818 831 355 173  45 207 125 142 617
 898 419 160 544 461 746 480 152 158  88 436 245 638 236 536 776 686 825
  25 118 562  58 578 428 145 791 755 595  57 588 126 478  37 860 447 104
 318 489 540 154 554 237 854 188 147  61 345 216 750 309  21   9  86 893
 280  52  16 218 352 215 149 354 878 465 865 612 567 195 161 430  66 819
 335 108 518  92 614 331  76 513   0 342  26  10 836 690 689 479 435  33
   3 185 385 759 211   4 501 133 546 738]

# learned parameters for cdtw and gem
# dtw ((error, size, error/size), (window, sqr))
# gem ((error, size, error/size), (St0, St1, E, sym, sqr))
BESTLEARNCONSDTW=((101, 442, 0.22850678733031674), (0.059999999999999998, True))
LISTLEARNCONSDTW=[((101, 442, 0.22850678733031674), (0.059999999999999998, True)), ((103, 442, 0.2330316742081448), (0.050000000000000003, True)), ((104, 442, 0.23529411764705882), (0.070000000000000007, True)), ((105, 442, 0.23755656108597284), (0.080000000000000002, True)), ((107, 442, 0.24208144796380091), (0.089999999999999997, True)), ((111, 442, 0.25113122171945701), (0.040000000000000001, True)), ((112, 442, 0.25339366515837103), (0.10000000000000001, True)), ((115, 442, 0.26018099547511314), (0.029999999999999999, True)), ((115, 442, 0.26018099547511314), (0.11, True)), ((115, 442, 0.26018099547511314), (0.12, True)), ((117, 442, 0.26470588235294118), (0.13, True)), ((121, 442, 0.27375565610859731), (0.14000000000000001, True)), ((124, 442, 0.28054298642533937), (0.14999999999999999, True)), ((126, 442, 0.28506787330316741), (0.17999999999999999, True)), ((127, 442, 0.28733031674208143), (0.16, True)), ((127, 442, 0.28733031674208143), (0.19, True)), ((128, 442, 0.2895927601809955), (0.17000000000000001, True)), ((129, 442, 0.29185520361990952), (0.02, True)), ((129, 442, 0.29185520361990952), (0.20000000000000001, True)), ((146, 442, 0.33031674208144796), (0.01, True)), ((168, 442, 0.38009049773755654), (0.0, True))]

BESTLEARNGEM=((106, 442, 0.23981900452488689), (2, 2, 0.5, True, True))
LISTLEARNGEM=[((106, 442, 0.23981900452488689), (2, 2, 0.5, True, True)), ((112, 442, 0.25339366515837103), (2, 2, 0.25, True, True)), ((117, 442, 0.26470588235294118), (2, 2, 0.0625, True, True)), ((117, 442, 0.26470588235294118), (2, 2, 0.125, True, True)), ((125, 442, 0.28280542986425339), (2, 2, 0.03125, True, True)), ((138, 442, 0.31221719457013575), (2, 2, 0.015625, True, True)), ((142, 442, 0.32126696832579188), (2, 2, 0.0078125, True, True)), ((144, 442, 0.32579185520361992), (2, 2, 0.00390625, True, True)), ((147, 442, 0.33257918552036198), (2, 2, 0, True, True)), ((160, 442, 0.36199095022624433), (1, 1, 0, True, True)), ((160, 442, 0.36199095022624433), (1, 2, 0, True, True)), ((163, 442, 0.36877828054298645), (1, 1, 0.015625, True, True)), ((163, 442, 0.36877828054298645), (1, 2, 0.015625, True, True)), ((168, 442, 0.38009049773755654), (1, 1, 0.0078125, True, True)), ((168, 442, 0.38009049773755654), (1, 2, 0.0078125, True, True)), ((169, 442, 0.38235294117647056), (1, 1, 0.00390625, True, True)), ((169, 442, 0.38235294117647056), (1, 2, 0.00390625, True, True)), ((170, 442, 0.38461538461538464), (1, 1, 0.03125, True, True)), ((170, 442, 0.38461538461538464), (1, 2, 0.03125, True, True)), ((180, 442, 0.40723981900452488), (1, 1, 0.0625, True, True)), ((180, 442, 0.40723981900452488), (1, 2, 0.0625, True, True)), ((190, 442, 0.42986425339366519), (1, 1, 0.125, True, True)), ((190, 442, 0.42986425339366519), (1, 2, 0.125, True, True)), ((197, 442, 0.44570135746606337), (2, 1, 0.5, True, True)), ((199, 442, 0.45022624434389141), (1, 1, 0.25, True, True)), ((199, 442, 0.45022624434389141), (1, 2, 0.25, True, True)), ((201, 442, 0.45475113122171945), (2, 1, 0.125, True, True)), ((204, 442, 0.46153846153846156), (2, 1, 0.0625, True, True)), ((205, 442, 0.46380090497737558), (2, 1, 0.25, True, True)), ((211, 442, 0.47737556561085975), (2, 1, 0.03125, True, True)), ((212, 442, 0.47963800904977377), (2, 1, 0.015625, True, True)), ((218, 442, 0.49321266968325794), (1, 1, 0.5, True, True)), ((218, 442, 0.49321266968325794), (1, 2, 0.5, True, True)), ((237, 442, 0.53619909502262442), (2, 1, 0.0078125, True, True)), ((242, 442, 0.54751131221719462), (2, 1, 0.00390625, True, True)), ((244, 442, 0.55203619909502266), (2, 1, 0, True, True))]


# error rates for different distance measures
# (error, size, error/size) and binary mask
BESTLP=(162, 463, 0.34989200863930886)
LISTLP=[0, 0, 0, 1, 1, 1, 1, 0, 0, 1, 0, 0, 1, 0, 0, 0, 1, 0, 0, 0, 1, 0, 1, 0, 0, 1, 0, 1, 0, 1, 0, 0, 0, 0, 0, 0, 0, 1, 0, 0, 1, 0, 0, 0, 0, 1, 0, 0, 0, 1, 0, 1, 0, 0, 1, 0, 0, 0, 0, 0, 0, 1, 1, 1, 1, 1, 0, 0, 0, 1, 0, 1, 0, 0, 0, 1, 1, 0, 0, 0, 1, 0, 1, 0, 1, 0, 0, 1, 0, 1, 1, 1, 0, 0, 0, 1, 1, 1, 0, 1, 1, 0, 0, 1, 0, 1, 0, 0, 1, 0, 0, 0, 1, 0, 1, 0, 0, 0, 0, 0, 0, 0, 0, 0, 1, 1, 0, 1, 1, 1, 1, 0, 0, 0, 0, 0, 0, 0, 1, 0, 1, 1, 0, 0, 0, 0, 1, 0, 0, 1, 0, 1, 0, 0, 1, 0, 1, 0, 0, 0, 0, 0, 0, 0, 0, 0, 1, 0, 0, 0, 1, 0, 0, 0, 1, 0, 1, 1, 0, 0, 0, 1, 0, 0, 0, 1, 0, 0, 1, 0, 1, 0, 0, 0, 1, 0, 0, 0, 1, 0, 0, 0, 0, 0, 1, 0, 0, 0, 1, 0, 1, 0, 0, 0, 1, 1, 1, 0, 1, 1, 0, 1, 0, 1, 0, 0, 1, 0, 1, 0, 1, 1, 0, 1, 1, 0, 0, 0, 0, 0, 1, 0, 0, 0, 1, 1, 0, 1, 0, 0, 0, 0, 0, 1, 0, 0, 0, 1, 1, 0, 0, 0, 0, 0, 1, 0, 1, 0, 0, 1, 0, 0, 1, 1, 1, 0, 0, 1, 0, 1, 0, 0, 0, 1, 0, 1, 1, 0, 1, 0, 0, 0, 0, 0, 1, 1, 0, 1, 0, 0, 0, 0, 0, 1, 0, 0, 0, 1, 0, 0, 0, 0, 1, 1, 1, 0, 0, 0, 0, 1, 0, 1, 1, 1, 0, 0, 0, 0, 0, 0, 0, 0, 0, 1, 0, 0, 0, 0, 0, 0, 0, 0, 1, 0, 1, 1, 0, 0, 1, 1, 0, 0, 0, 1, 0, 0, 0, 0, 0, 0, 0, 0, 1, 0, 0, 1, 0, 0, 0, 1, 0, 0, 0, 0, 0, 0, 0, 0, 0, 0, 0, 1, 0, 0, 0, 1, 0, 0, 1, 0, 0, 1, 0, 0, 0, 0, 0, 1, 0, 0, 1, 0, 1, 0, 0, 0, 1, 1, 0, 1, 0, 0, 0, 0, 0, 0, 0, 0, 1, 1, 1, 1, 0, 1, 1, 0, 1, 0, 1, 0, 0, 1, 1, 1, 0, 1, 1, 0, 1, 0, 0, 1, 0, 1, 0, 0, 1, 1, 1, 0, 1, 0, 1, 1, 0, 1, 0, 0, 0, 1, 1, 0, 1]

BESTFULLDTW=(152, 463, 0.3282937365010799)
LISTFULLDTW=[1, 0, 1, 1, 1, 0, 1, 0, 0, 1, 1, 1, 1, 0, 0, 0, 1, 0, 0, 0, 1, 0, 1, 0, 0, 1, 0, 1, 0, 1, 0, 0, 0, 0, 0, 0, 0, 0, 1, 0, 1, 1, 0, 1, 0, 0, 0, 1, 0, 1, 1, 0, 1, 0, 0, 0, 1, 0, 0, 0, 0, 1, 0, 0, 0, 0, 0, 0, 0, 0, 0, 0, 0, 1, 0, 1, 0, 0, 0, 0, 0, 0, 0, 1, 0, 1, 0, 1, 0, 0, 1, 0, 0, 0, 0, 0, 1, 0, 0, 1, 0, 1, 0, 1, 0, 1, 1, 0, 1, 0, 0, 0, 0, 0, 0, 0, 0, 0, 0, 0, 1, 1, 0, 1, 1, 0, 1, 0, 1, 1, 0, 0, 1, 0, 0, 0, 1, 1, 1, 0, 1, 1, 0, 0, 0, 0, 0, 0, 0, 0, 0, 1, 0, 0, 1, 0, 0, 0, 1, 0, 0, 0, 1, 0, 1, 0, 1, 0, 0, 0, 0, 0, 0, 1, 1, 0, 1, 1, 0, 1, 0, 0, 0, 0, 0, 0, 0, 0, 1, 0, 0, 0, 1, 0, 0, 0, 0, 1, 0, 0, 1, 1, 1, 0, 1, 0, 1, 0, 0, 0, 0, 0, 0, 0, 1, 1, 1, 0, 0, 0, 0, 1, 0, 0, 1, 0, 1, 0, 0, 1, 1, 0, 0, 1, 1, 0, 0, 0, 0, 0, 1, 0, 0, 0, 0, 1, 0, 0, 0, 1, 0, 0, 0, 1, 0, 0, 1, 1, 0, 0, 1, 1, 0, 0, 1, 0, 0, 0, 0, 1, 0, 1, 1, 1, 1, 0, 0, 1, 0, 0, 0, 0, 0, 0, 0, 0, 0, 0, 1, 0, 0, 1, 0, 1, 0, 1, 0, 0, 0, 0, 1, 1, 0, 1, 0, 1, 0, 1, 1, 0, 1, 0, 1, 1, 1, 0, 0, 0, 0, 0, 0, 0, 0, 1, 0, 0, 0, 0, 0, 1, 0, 0, 0, 1, 1, 0, 0, 0, 0, 0, 0, 0, 1, 0, 1, 1, 0, 0, 1, 0, 0, 1, 0, 1, 0, 0, 0, 0, 0, 0, 0, 1, 0, 0, 0, 1, 0, 0, 0, 1, 0, 0, 0, 0, 0, 0, 0, 0, 0, 0, 0, 0, 0, 0, 1, 0, 0, 0, 1, 0, 1, 0, 1, 0, 1, 0, 1, 1, 0, 0, 1, 0, 0, 1, 0, 0, 0, 1, 0, 1, 0, 0, 0, 0, 0, 0, 0, 0, 0, 1, 1, 0, 0, 1, 1, 1, 0, 1, 0, 0, 0, 1, 1, 0, 1, 0, 1, 0, 0, 1, 0, 1, 0, 0, 1, 0, 0, 1, 1, 0, 1, 0, 1, 0, 0, 0, 0, 0, 0, 1, 0, 0, 1]

BESTCONSDTW=(112, 463, 0.24190064794816415)
LISTCONSDTW=[0, 0, 0, 1, 0, 0, 0, 0, 0, 1, 0, 1, 0, 0, 0, 0, 0, 0, 0, 0, 1, 0, 1, 0, 0, 0, 0, 1, 0, 1, 0, 0, 0, 0, 0, 0, 0, 0, 1, 0, 0, 0, 0, 1, 0, 1, 0, 0, 0, 1, 0, 0, 0, 0, 0, 0, 0, 0, 0, 0, 0, 1, 0, 0, 0, 1, 0, 0, 0, 0, 0, 0, 0, 1, 0, 1, 0, 0, 0, 0, 1, 0, 0, 0, 0, 0, 0, 1, 0, 1, 1, 0, 0, 0, 0, 0, 1, 0, 0, 1, 1, 1, 0, 1, 0, 1, 0, 0, 1, 0, 0, 0, 1, 0, 1, 0, 0, 0, 0, 0, 0, 1, 0, 0, 1, 1, 0, 0, 1, 1, 1, 0, 1, 1, 0, 0, 0, 1, 0, 0, 1, 0, 0, 0, 0, 0, 0, 0, 0, 0, 0, 1, 0, 0, 1, 0, 1, 0, 0, 0, 0, 0, 0, 0, 0, 0, 1, 0, 0, 0, 0, 0, 0, 0, 1, 0, 1, 0, 0, 0, 0, 0, 0, 0, 0, 0, 0, 0, 1, 0, 0, 0, 0, 0, 0, 0, 0, 0, 1, 0, 0, 1, 0, 0, 1, 0, 0, 0, 1, 0, 0, 0, 0, 0, 1, 1, 1, 0, 1, 0, 0, 1, 0, 0, 0, 0, 1, 0, 0, 0, 0, 0, 0, 1, 0, 0, 0, 0, 0, 0, 1, 0, 0, 0, 0, 0, 0, 1, 0, 1, 0, 0, 0, 1, 0, 0, 0, 1, 0, 0, 0, 0, 0, 0, 1, 0, 0, 0, 0, 1, 0, 0, 1, 1, 1, 0, 0, 1, 0, 1, 0, 0, 0, 0, 0, 0, 0, 0, 0, 0, 0, 1, 0, 0, 1, 1, 0, 0, 0, 0, 0, 0, 1, 1, 0, 0, 0, 1, 0, 0, 0, 0, 0, 1, 1, 0, 0, 0, 0, 1, 0, 0, 0, 1, 0, 0, 0, 0, 0, 0, 0, 0, 0, 1, 0, 0, 0, 0, 0, 0, 0, 0, 0, 0, 0, 1, 0, 0, 0, 0, 0, 1, 0, 1, 0, 0, 0, 0, 0, 0, 0, 1, 1, 0, 0, 0, 0, 0, 0, 1, 0, 0, 0, 0, 0, 0, 0, 0, 0, 0, 0, 0, 0, 0, 0, 0, 0, 0, 0, 1, 0, 1, 0, 0, 0, 0, 0, 1, 0, 0, 1, 0, 1, 0, 0, 0, 1, 1, 0, 1, 0, 0, 0, 0, 0, 0, 0, 0, 1, 0, 0, 0, 0, 1, 1, 1, 1, 0, 1, 0, 1, 1, 1, 1, 1, 0, 1, 0, 0, 1, 0, 1, 0, 0, 0, 0, 0, 1, 1, 0, 1, 0, 1, 0, 0, 0, 0, 0, 0, 0, 0, 0, 1]

BESTGEM=(109, 463, 0.23542116630669546)
LISTGEM=[0, 0, 0, 1, 0, 0, 0, 0, 0, 0, 0, 1, 0, 0, 0, 0, 0, 0, 0, 0, 0, 0, 1, 0, 0, 0, 0, 1, 0, 0, 0, 0, 1, 0, 0, 0, 0, 0, 0, 1, 1, 0, 0, 0, 0, 0, 0, 0, 1, 1, 0, 0, 0, 0, 0, 0, 0, 0, 0, 0, 0, 1, 0, 1, 1, 0, 0, 0, 0, 0, 0, 0, 0, 1, 0, 0, 1, 0, 0, 0, 1, 0, 0, 1, 0, 1, 1, 0, 0, 1, 1, 0, 0, 0, 0, 0, 1, 1, 0, 1, 1, 1, 0, 1, 0, 1, 1, 0, 1, 0, 0, 0, 0, 0, 0, 0, 0, 0, 0, 0, 1, 1, 0, 0, 0, 1, 0, 0, 1, 0, 0, 0, 0, 0, 0, 0, 0, 0, 1, 0, 0, 1, 0, 0, 0, 0, 0, 1, 0, 0, 0, 1, 0, 0, 1, 0, 0, 0, 1, 0, 0, 0, 0, 0, 0, 0, 1, 0, 0, 0, 0, 0, 1, 0, 1, 0, 1, 0, 0, 1, 0, 0, 0, 0, 0, 0, 0, 0, 1, 0, 0, 0, 0, 0, 1, 0, 1, 0, 0, 0, 0, 1, 0, 0, 1, 0, 0, 0, 0, 0, 0, 0, 0, 0, 1, 0, 1, 0, 1, 0, 0, 0, 1, 1, 0, 0, 0, 1, 0, 1, 0, 0, 0, 1, 0, 0, 0, 0, 1, 0, 0, 0, 0, 1, 1, 0, 0, 0, 0, 1, 0, 0, 0, 0, 0, 0, 1, 1, 0, 0, 0, 0, 0, 0, 1, 0, 0, 0, 0, 1, 0, 0, 0, 0, 1, 0, 0, 1, 0, 0, 0, 0, 0, 0, 0, 0, 0, 0, 1, 0, 0, 0, 0, 1, 0, 1, 0, 0, 0, 0, 0, 0, 1, 1, 0, 0, 0, 1, 0, 0, 0, 0, 0, 1, 1, 0, 0, 0, 0, 0, 0, 0, 0, 1, 0, 0, 1, 0, 0, 0, 0, 0, 0, 1, 0, 0, 0, 0, 0, 0, 1, 0, 1, 0, 0, 1, 0, 1, 0, 1, 0, 0, 0, 1, 0, 0, 0, 1, 0, 0, 0, 1, 0, 0, 0, 0, 0, 0, 0, 0, 0, 0, 0, 0, 0, 0, 0, 0, 0, 0, 0, 1, 0, 0, 0, 0, 0, 0, 0, 1, 0, 0, 0, 0, 0, 0, 0, 1, 0, 0, 1, 0, 1, 0, 0, 0, 1, 1, 1, 1, 0, 0, 0, 0, 0, 0, 0, 0, 0, 1, 0, 0, 0, 1, 1, 0, 0, 0, 0, 1, 0, 1, 1, 0, 1, 0, 0, 1, 0, 1, 0, 0, 0, 0, 0, 0, 0, 0, 1, 0, 1, 0, 1, 0, 0, 1, 0, 0, 0, 0, 0, 0, 1]

