# shuffled stratified split (indices referring to UCR database)
TESTINDEX=[130 462 132  88 249 195 656 822 385  64 439 712  23 177 203 425 892 378
 552  96 541 542 304 806 467 269 365 220  91 227 426 861 550  10 136 770
 529 306 592 101   4 761 109 714 900 361 417  55 180 857 628 896 113 798
 657 889 775  53 287 341 387 571 825 121  15 316  81 718 321  67 226 684
 871 783 172 681 265 406 814 741 689 572 615 729 755 757 722 507 744 540
 149 233 551 834 745 370 286 479 163  49 251 191 678 107 334 198 655 108
 152 295 473 248 537 169 184 575 810 641 442 424 740 598 301  20 239 284
 715 232 548 127 105 621 748 612 902  38 530 224 899 538 675  76 526 633
 821 852 708 832 634  80 271 489 112  54 826 168 581 640 250 275 477   2
 115 646  82 144 647 582 255   5 652 706 840 588 713  27 865  71 752 841
  92 650 520 257 738 322 591 800 773 490 602 228  72 103 568 759  94 403
 703 482 853 677 593  87  90 614 157  86 643 464 238 576  35 422 716 381
 719 879 811 762  83 516 111 618 276 725 890 278 128 680 786 264 883 288
 353 801 358 212 272 428 209 692 577 313 367 720 488 413 799 868 340 347
 629 407 308  66 553 565 664 531 544 895  62   3 326 803 828 485 555 611
 456 686 291 644 166 421 663 305 727 443 829 658 252 274  79 848 625 746
 486 298 219   7 632 546 512 594 307 613 580 880  78 156 162 873 277 495
 179 808 235  74 311 446 405 833 328 100 534 245 355 197   0 193 506 674
  75 216 511 431 412 642  33 584 294 863  99 300 797 200 753  31 182 694
 522 204 382 336 747  58 454 173 737 887 758  48 380 702 123 349 878 695
  21 366 751 524 104 102 352 237 607 818 211 872 870 807 768 767 414 330
 189 668 455 683 562 630 437 371 389 293 106 263 448 487 453 610 875 436
  59 704 835 651  73 120  69  46 660 545 390 469 819 886 754 452 583 432
 854 566 721 280 589 225 845 309 158   6 742 215  36  32 732 299 756  26
 362 784   8 778 497 124 772 206 620 585 262 302  22 765 196 501 554 386
 884  42 635 894 831 457 743 185 134 289  65 874 528]
TRAININDEX=[843 869 891 194 533 327  39 669 904 626 137 812 876 126 760  19 666 394
 701 864 242 270 624 804 125 344 229 119 474 685 847 133 388 131 314 563
 494  61 856  95 440 319 859 145 449 118 796 764 369 667  63 329 165 243
 364 849   9 350  37 697  45 682 444 897 273 527 223 167 122 147 401 465
 636 736 793 665 409  51 491 343  68 458 510 517  12 285 543 418 205 603
  13 839 331 210 373 535 398 723 731 399 733 639 579  40  47  34 208  29
 654 384 175 844 710 460 750 536 659 726 493 609 303 788 281 155 187 569
 779 310 178 564 590 160 898 372 561 547 438 498 858 696 317  77 393 383
 258 231  16  11 478 893 539 222 587 368 698 268 518 769 514 325 192 247
 181 627 790 789 777 140 649 296 792  14 570  93  41 595 463 763 375 525
 559 476 363 901 154 780 815 586 379 117 164 159 217 459 499 266 445 234
 749 472 735  85  43 734 606 830 267 357 851 411  18 186 549 420 416 377
 791 138 202 337 709 827 433 292 419 617 671 785 623  84 509 376 148 466
 139 805 842 877 142 201 508 374  50 631 279 679 850 855 557 693  60 461
 199 645 430 483 320 823 781 838 161 687 519 802 881 141 150 429 599 447
 567 348  70 500 523 867 221 699 335 356 354 688 824 597 728 116 475 114
 882 648  30 776 259 717 324 774 345 151 256 392 351 110 608 427 558 480
 574 254 241 402 600 637  28 146 332 176 730 503 318 619   1 670 359 188
 253 312 638 691 218 244 502 771 410 662 816 400  44  17  25 470 190 404
 170 515 661 616 888 468 556 578 395 471 596 724 282 396 809 492  57 836
 434 700 408 435 504 214 622 601 207 261 711 360 346 397 339 676 333 820
 707 673 705 787  98 795 560 297 505 236 391 174 604 782 484 837 690 532
 171 860  24 135 441 739 338 766 605 573 653 323 415  89 866 450  56 481
 885 903 143 496 451 846 283 240 230 290 423 246 794 513 153 129 521 213
 862 817  52 813 672 183  97 315 260 342]

# learned parameters for cdtw and gem
# dtw ((error, size, error/size), (window, sqr))
# gem ((error, size, error/size), (St0, St1, E, sym, sqr))
BESTLEARNCONSDTW=((101, 442, 0.22850678733031674), (0.059999999999999998, True))
LISTLEARNCONSDTW=[((101, 442, 0.22850678733031674), (0.059999999999999998, True)), ((102, 442, 0.23076923076923078), (0.070000000000000007, True)), ((102, 442, 0.23076923076923078), (0.080000000000000002, True)), ((104, 442, 0.23529411764705882), (0.089999999999999997, True)), ((104, 442, 0.23529411764705882), (0.10000000000000001, True)), ((105, 442, 0.23755656108597284), (0.050000000000000003, True)), ((105, 442, 0.23755656108597284), (0.12, True)), ((106, 442, 0.23981900452488689), (0.11, True)), ((108, 442, 0.24434389140271492), (0.040000000000000001, True)), ((108, 442, 0.24434389140271492), (0.13, True)), ((109, 442, 0.24660633484162897), (0.14999999999999999, True)), ((111, 442, 0.25113122171945701), (0.14000000000000001, True)), ((114, 442, 0.25791855203619912), (0.16, True)), ((115, 442, 0.26018099547511314), (0.029999999999999999, True)), ((119, 442, 0.26923076923076922), (0.17000000000000001, True)), ((123, 442, 0.27828054298642535), (0.17999999999999999, True)), ((123, 442, 0.27828054298642535), (0.19, True)), ((128, 442, 0.2895927601809955), (0.20000000000000001, True)), ((137, 442, 0.30995475113122173), (0.02, True)), ((150, 442, 0.33936651583710409), (0.01, True)), ((172, 442, 0.38914027149321267), (0.0, True))]

BESTLEARNGEM=((108, 442, 0.24434389140271492), (2, 2, 0.125, True, True))
LISTLEARNGEM=[((108, 442, 0.24434389140271492), (2, 2, 0.125, True, True)), ((113, 442, 0.25565610859728505), (2, 2, 0.25, True, True)), ((116, 442, 0.26244343891402716), (2, 2, 0.0625, True, True)), ((122, 442, 0.27601809954751133), (2, 2, 0.5, True, True)), ((125, 442, 0.28280542986425339), (2, 2, 0.03125, True, True)), ((130, 442, 0.29411764705882354), (2, 2, 0.00390625, True, True)), ((132, 442, 0.29864253393665158), (2, 2, 0.0078125, True, True)), ((134, 442, 0.30316742081447962), (2, 2, 0.015625, True, True)), ((136, 442, 0.30769230769230771), (2, 2, 0, True, True)), ((171, 442, 0.38687782805429866), (1, 1, 0.015625, True, True)), ((171, 442, 0.38687782805429866), (1, 2, 0.015625, True, True)), ((173, 442, 0.39140271493212669), (1, 1, 0.0078125, True, True)), ((173, 442, 0.39140271493212669), (1, 2, 0.0078125, True, True)), ((176, 442, 0.39819004524886875), (1, 1, 0.00390625, True, True)), ((176, 442, 0.39819004524886875), (1, 2, 0.00390625, True, True)), ((177, 442, 0.40045248868778283), (1, 1, 0.03125, True, True)), ((177, 442, 0.40045248868778283), (1, 2, 0.03125, True, True)), ((178, 442, 0.40271493212669685), (1, 1, 0, True, True)), ((178, 442, 0.40271493212669685), (1, 2, 0, True, True)), ((186, 442, 0.42081447963800905), (1, 1, 0.0625, True, True)), ((186, 442, 0.42081447963800905), (1, 2, 0.0625, True, True)), ((195, 442, 0.44117647058823528), (1, 1, 0.125, True, True)), ((195, 442, 0.44117647058823528), (1, 2, 0.125, True, True)), ((205, 442, 0.46380090497737558), (1, 1, 0.25, True, True)), ((205, 442, 0.46380090497737558), (1, 2, 0.25, True, True)), ((209, 442, 0.47285067873303166), (2, 1, 0.0625, True, True)), ((210, 442, 0.47511312217194568), (2, 1, 0.5, True, True)), ((211, 442, 0.47737556561085975), (2, 1, 0.03125, True, True)), ((211, 442, 0.47737556561085975), (2, 1, 0.125, True, True)), ((214, 442, 0.48416289592760181), (1, 1, 0.5, True, True)), ((214, 442, 0.48416289592760181), (1, 2, 0.5, True, True)), ((218, 442, 0.49321266968325794), (2, 1, 0.015625, True, True)), ((220, 442, 0.49773755656108598), (2, 1, 0.25, True, True)), ((224, 442, 0.50678733031674206), (2, 1, 0.0078125, True, True)), ((228, 442, 0.51583710407239824), (2, 1, 0.00390625, True, True)), ((235, 442, 0.53167420814479638), (2, 1, 0, True, True))]


# error rates for different distance measures
# (error, size, error/size) and binary mask
BESTLP=(166, 463, 0.35853131749460043)
LISTLP=[0, 1, 0, 1, 1, 0, 0, 0, 1, 1, 0, 1, 1, 0, 0, 0, 1, 0, 1, 0, 0, 1, 0, 1, 1, 0, 0, 1, 0, 0, 0, 0, 0, 1, 0, 1, 0, 1, 1, 0, 0, 1, 1, 0, 0, 1, 1, 1, 0, 0, 0, 0, 1, 1, 0, 0, 1, 1, 1, 1, 1, 1, 0, 0, 1, 0, 0, 0, 0, 0, 1, 0, 0, 0, 0, 0, 0, 0, 0, 0, 1, 0, 1, 1, 1, 1, 0, 0, 1, 1, 1, 0, 0, 1, 1, 0, 0, 0, 0, 1, 1, 1, 0, 1, 0, 0, 0, 0, 0, 0, 1, 1, 0, 1, 0, 1, 1, 0, 1, 0, 1, 0, 0, 0, 0, 0, 0, 1, 1, 0, 1, 1, 1, 1, 1, 0, 0, 0, 0, 0, 1, 0, 0, 1, 1, 1, 1, 0, 0, 0, 0, 1, 0, 1, 1, 0, 1, 0, 0, 1, 0, 1, 1, 1, 0, 0, 0, 1, 1, 1, 0, 0, 0, 1, 0, 0, 0, 0, 0, 1, 0, 0, 1, 0, 0, 0, 0, 0, 0, 0, 0, 0, 1, 0, 0, 0, 0, 0, 1, 1, 0, 1, 0, 0, 0, 0, 0, 0, 0, 0, 0, 1, 0, 0, 1, 0, 0, 0, 0, 0, 0, 1, 1, 1, 0, 0, 0, 0, 1, 0, 1, 0, 0, 0, 0, 0, 1, 0, 1, 0, 0, 1, 0, 1, 1, 0, 0, 0, 0, 1, 0, 0, 0, 0, 0, 0, 0, 1, 0, 0, 0, 1, 0, 0, 1, 0, 0, 0, 1, 1, 1, 0, 0, 0, 1, 0, 0, 1, 1, 0, 0, 0, 1, 0, 1, 0, 0, 0, 0, 0, 0, 0, 1, 0, 0, 0, 1, 0, 0, 1, 1, 0, 1, 0, 1, 0, 0, 0, 1, 0, 1, 0, 0, 0, 0, 0, 1, 0, 0, 1, 0, 0, 1, 1, 1, 0, 0, 0, 0, 0, 1, 0, 0, 1, 0, 0, 0, 0, 1, 0, 0, 0, 1, 1, 0, 1, 0, 0, 1, 1, 0, 0, 0, 1, 0, 0, 0, 1, 1, 0, 0, 0, 1, 1, 0, 0, 0, 0, 1, 0, 1, 0, 0, 0, 0, 0, 0, 0, 0, 1, 1, 1, 0, 0, 1, 0, 0, 1, 0, 1, 0, 0, 0, 0, 0, 0, 0, 1, 1, 0, 0, 0, 0, 0, 0, 0, 0, 1, 0, 0, 0, 1, 0, 0, 0, 0, 1, 0, 0, 1, 0, 0, 0, 1, 1, 1, 0, 0, 1, 0, 1, 1, 1, 0, 1, 0, 0, 0, 1, 0, 1, 1, 0, 0, 0, 1, 1, 0, 0, 0, 0, 0, 1, 0, 0, 0, 0, 1, 1, 1, 1, 0, 1]

BESTFULLDTW=(148, 463, 0.31965442764578833)
LISTFULLDTW=[0, 1, 0, 1, 1, 0, 0, 0, 0, 0, 1, 0, 0, 1, 0, 0, 0, 1, 0, 0, 0, 0, 0, 1, 0, 0, 0, 1, 0, 0, 0, 0, 0, 1, 0, 0, 0, 0, 0, 0, 0, 1, 0, 0, 1, 1, 0, 1, 1, 0, 0, 0, 0, 1, 0, 1, 1, 0, 1, 1, 1, 0, 0, 0, 1, 0, 0, 0, 0, 0, 0, 0, 1, 0, 0, 0, 0, 1, 1, 0, 0, 0, 1, 1, 0, 1, 0, 0, 0, 1, 1, 0, 0, 1, 1, 0, 0, 0, 0, 1, 1, 1, 0, 1, 0, 0, 0, 1, 0, 0, 1, 0, 0, 0, 0, 1, 0, 0, 1, 0, 0, 0, 0, 0, 0, 0, 0, 1, 0, 0, 1, 1, 1, 1, 0, 0, 0, 0, 0, 0, 1, 0, 0, 1, 0, 1, 0, 1, 0, 0, 1, 1, 0, 0, 0, 0, 1, 0, 0, 0, 1, 0, 1, 0, 0, 1, 0, 0, 1, 1, 1, 0, 0, 0, 0, 0, 0, 0, 0, 1, 0, 0, 0, 0, 0, 0, 0, 0, 0, 0, 1, 0, 0, 0, 0, 0, 0, 1, 0, 0, 0, 0, 1, 0, 0, 0, 0, 1, 0, 0, 1, 0, 0, 0, 0, 0, 1, 0, 0, 0, 0, 1, 0, 1, 0, 0, 0, 1, 0, 0, 0, 0, 0, 1, 0, 1, 1, 0, 1, 0, 1, 1, 1, 0, 0, 0, 0, 1, 0, 0, 0, 0, 0, 0, 0, 0, 0, 0, 0, 0, 0, 1, 0, 1, 0, 0, 0, 0, 1, 1, 1, 1, 0, 0, 0, 0, 1, 1, 0, 0, 0, 0, 1, 1, 1, 0, 1, 0, 0, 0, 0, 0, 1, 1, 0, 0, 0, 0, 0, 1, 0, 0, 0, 0, 0, 0, 0, 1, 1, 0, 0, 0, 1, 1, 0, 1, 0, 0, 0, 1, 0, 0, 0, 1, 1, 1, 0, 0, 0, 0, 0, 0, 1, 1, 0, 0, 0, 0, 0, 0, 0, 0, 1, 1, 1, 1, 1, 0, 0, 1, 0, 0, 1, 0, 1, 0, 0, 0, 0, 0, 0, 0, 1, 1, 0, 0, 0, 0, 0, 0, 1, 1, 0, 0, 0, 0, 0, 0, 0, 1, 0, 1, 1, 1, 0, 0, 0, 1, 1, 1, 1, 0, 0, 0, 0, 0, 0, 0, 1, 0, 0, 0, 0, 0, 1, 0, 0, 1, 1, 0, 1, 0, 0, 1, 1, 0, 0, 0, 1, 1, 0, 0, 0, 1, 1, 1, 0, 0, 1, 0, 1, 1, 1, 1, 1, 0, 0, 0, 0, 0, 0, 1, 0, 0, 0, 1, 0, 0, 1, 0, 0, 0, 1, 1, 0, 0, 0, 1, 1, 0, 1, 0, 1]

BESTCONSDTW=(108, 463, 0.23326133909287258)
LISTCONSDTW=[0, 1, 0, 1, 1, 0, 0, 0, 0, 0, 0, 0, 0, 0, 0, 0, 0, 0, 0, 0, 0, 0, 0, 1, 0, 0, 0, 1, 0, 0, 0, 0, 0, 1, 0, 1, 0, 0, 1, 0, 0, 1, 0, 0, 1, 1, 1, 1, 0, 0, 0, 0, 1, 1, 0, 1, 0, 0, 1, 0, 1, 1, 0, 0, 1, 0, 0, 0, 0, 0, 0, 0, 0, 0, 0, 0, 0, 1, 0, 0, 0, 0, 0, 0, 0, 0, 0, 0, 0, 1, 1, 0, 0, 1, 1, 0, 0, 0, 0, 1, 0, 1, 0, 0, 0, 0, 0, 0, 0, 0, 0, 0, 0, 0, 0, 0, 0, 0, 1, 0, 0, 0, 0, 0, 0, 0, 0, 1, 0, 0, 1, 1, 0, 1, 0, 0, 0, 0, 0, 0, 1, 0, 0, 1, 1, 0, 1, 1, 0, 0, 0, 1, 0, 1, 0, 0, 0, 0, 0, 0, 0, 0, 1, 0, 0, 0, 0, 1, 1, 1, 0, 0, 0, 0, 0, 0, 0, 0, 0, 1, 0, 0, 0, 0, 0, 0, 0, 0, 0, 0, 1, 0, 0, 0, 0, 0, 0, 1, 0, 1, 0, 1, 0, 0, 0, 0, 0, 0, 0, 0, 1, 0, 0, 0, 1, 0, 1, 0, 0, 0, 0, 0, 1, 1, 0, 0, 0, 0, 0, 0, 0, 0, 0, 0, 0, 0, 1, 0, 1, 0, 0, 1, 0, 0, 1, 0, 0, 0, 0, 0, 0, 0, 0, 0, 0, 0, 0, 0, 0, 0, 0, 1, 0, 0, 0, 0, 0, 0, 1, 0, 1, 1, 0, 0, 0, 0, 0, 1, 0, 0, 0, 0, 1, 1, 0, 0, 1, 0, 0, 0, 0, 0, 1, 0, 0, 0, 1, 0, 0, 0, 1, 0, 0, 0, 0, 0, 0, 0, 1, 0, 0, 0, 1, 0, 0, 0, 1, 0, 0, 0, 0, 0, 1, 1, 0, 0, 0, 0, 0, 0, 1, 0, 0, 1, 0, 0, 0, 0, 0, 0, 0, 0, 1, 1, 0, 1, 0, 0, 0, 1, 0, 0, 0, 1, 0, 0, 0, 0, 0, 0, 0, 0, 1, 1, 0, 0, 0, 0, 0, 0, 1, 1, 0, 0, 0, 0, 0, 0, 0, 1, 0, 1, 1, 1, 0, 0, 0, 1, 0, 1, 1, 0, 0, 0, 0, 0, 0, 0, 1, 0, 0, 0, 0, 1, 0, 0, 0, 0, 1, 0, 0, 0, 0, 0, 0, 0, 0, 0, 0, 1, 0, 0, 0, 0, 1, 1, 0, 0, 1, 0, 1, 0, 0, 0, 1, 0, 0, 0, 1, 0, 0, 1, 0, 0, 0, 1, 1, 0, 0, 0, 0, 0, 1, 0, 0, 0, 0, 0, 1, 1, 0, 0, 1]

BESTGEM=(134, 463, 0.2894168466522678)
LISTGEM=[0, 1, 0, 1, 1, 0, 1, 0, 0, 1, 0, 0, 0, 1, 0, 0, 0, 0, 0, 0, 0, 0, 0, 1, 0, 0, 0, 1, 0, 0, 0, 0, 0, 1, 0, 0, 0, 0, 0, 0, 1, 0, 0, 0, 1, 1, 1, 1, 1, 0, 0, 0, 0, 1, 0, 0, 0, 0, 1, 0, 1, 0, 0, 0, 1, 0, 1, 0, 0, 0, 0, 0, 1, 0, 0, 0, 0, 1, 0, 0, 0, 0, 0, 1, 0, 0, 0, 0, 0, 1, 1, 1, 0, 1, 0, 1, 0, 0, 0, 1, 1, 1, 0, 1, 0, 1, 0, 0, 0, 0, 1, 0, 0, 1, 0, 1, 1, 0, 1, 0, 0, 0, 0, 0, 0, 0, 0, 1, 0, 0, 0, 1, 0, 1, 0, 0, 0, 0, 1, 0, 1, 0, 0, 1, 0, 1, 0, 0, 0, 0, 0, 1, 0, 0, 0, 0, 0, 0, 0, 0, 1, 0, 1, 1, 0, 1, 0, 1, 1, 1, 1, 0, 0, 0, 0, 0, 0, 0, 0, 1, 0, 0, 0, 0, 0, 0, 0, 0, 0, 0, 1, 0, 1, 0, 0, 0, 0, 0, 0, 0, 0, 0, 0, 0, 0, 0, 0, 0, 0, 0, 1, 0, 0, 1, 0, 0, 1, 0, 0, 0, 0, 0, 1, 1, 0, 0, 0, 1, 0, 0, 0, 0, 0, 0, 1, 0, 1, 0, 1, 0, 0, 1, 0, 0, 0, 0, 0, 0, 1, 0, 1, 0, 0, 0, 0, 0, 0, 0, 0, 0, 0, 1, 0, 0, 0, 0, 0, 1, 1, 0, 0, 0, 0, 0, 0, 0, 0, 1, 0, 0, 0, 0, 1, 1, 0, 0, 1, 0, 0, 0, 0, 0, 1, 1, 0, 0, 0, 0, 0, 0, 0, 0, 0, 0, 0, 0, 0, 1, 1, 0, 0, 0, 1, 0, 0, 1, 0, 0, 0, 0, 0, 0, 1, 1, 0, 1, 0, 0, 0, 0, 0, 0, 0, 1, 0, 0, 0, 0, 0, 0, 0, 0, 1, 1, 0, 1, 0, 0, 1, 1, 0, 0, 1, 1, 0, 0, 0, 1, 0, 1, 0, 0, 1, 0, 0, 0, 0, 0, 0, 0, 1, 1, 0, 0, 1, 0, 1, 0, 1, 1, 0, 0, 1, 1, 0, 0, 0, 1, 0, 0, 0, 0, 0, 1, 0, 0, 1, 0, 1, 1, 0, 0, 0, 1, 1, 0, 0, 1, 1, 0, 0, 0, 0, 1, 1, 1, 0, 0, 1, 0, 1, 0, 0, 0, 1, 1, 0, 0, 0, 0, 1, 0, 1, 1, 1, 0, 0, 0, 0, 0, 0, 1, 0, 0, 0, 1, 1, 0, 0, 0, 0, 0, 1, 1, 0, 1, 0, 1, 1, 0, 1, 0, 1]

