# shuffled stratified split (indices referring to UCR database)
TESTINDEX=[487 425 757 829 103 509 123  42 777 870  99 181 454  25 393 900 469 865
 256 558 838 498 223 232 785 501 660 108 822 666 712 173 792 319 742 894
 533 584 750 883 451 797 158 250  90 506 314 205 601 100 335 388 278 427
 110 576 316 554 339 161 535 189 174 791   5 639 733 107 685 659 462 376
 716 156 152 337 220 429 573 482 759 368  54 713   7   4 857 338 164 210
 840 841 230 237  38  22 774 125 737 612 201 298 710 365 676  50 129 625
 631  14 245 350 193 834 149 887 169 583 104 394 143 658 773  65  35 830
 515 724 360 221 114 450  44 296 209 441 839 373 491 591 694 575 534 613
 593 711  97  86 407  58 697 604 669 507 435 473 825 187 835  60 380 855
 391 239 144 308 695 252 105 206   3 424 592 904  48 595 806 563  10 807
 369 665 372  70  91 254  11 162 528 720 587 133 707 586 204  53 542 128
 216 811 812 734 214 499 222 392 579 847 633 122 864 590 881  39 730 480
 704 155 787 379 284 798 544 620 184 622   6 775 282 367 527 599  23 790
 782 334 383 468 141   0 172 893 671 111 582 799  74 871 700 794 667 502
 779 160 621 657 876 698 560 418 623 324 832 696 568 479 854 326 328  46
 320 555 580 186  33  18 809 862 406 895 755 120 134 354 448 519 648  93
 377 868 426 564 225 681 636 513  34 614 849 182 475 771 417 410 199 503
 896 745 397  64 858 307  94 151 562 217 224 756 342 449 439 516 117 632
 289 327 106 721 836 457 572 247 541 892 649  83 747 647 670 761 421 897
  84  87 396 552 701  61 176 776 116 208 901 690 526  26 414 803 684  27
 556 363 329  45 270 732 873 722  56 654 783 489 412 525 494 299 693 118
 740 891 442 531 313 898 233 281 813 880  71 362 537 285 708 150 188 195
 827 763 185 815 288 456 606 317  52 758 295 386 485 778 888 605 241 135
 618 190 578 272 727 650 356 280  36 292 231 238 769 843 678  77 574 146
 530 179 420  30 899 675 635 823 477 640  72 309 594 124 772 510 293 304
 163 488 423 264 500 275 627 460 532 389 490 689 277]
TRAININDEX=[180 581 551  40 310 127 818 749 570 741 682 796   2 306 445 766 816 268
 378 258 596 725 512  41 831 852 212 300 459 432 464 781 167 483 550 687
 718 802 662 409 166 505 754 536 472 663   8 630 853 686 262 263 788  43
 719 219 863 615 140 430 495 692 762 384 600 486 588 760  75 453 817 297
 602 884 348 259 879 886 726 336 332  24 553 661 333 142 702 566 109 793
  73 267 364 493 786 484 465 679  31  29 405 434 154 610  63 198 358 522
 804 467 784 814 387 347 345 226  95 748 351 171  28 842 408 229 743 523
 191 132 131 723 714 729 517 795 607 546 147 878 524 375 736 463 780 643
 543 846 265 213 821  21 382 844 709 411  92 808 826 800 276  51 197  20
 497 770  85 175 474 301  32 402  81 211 466 644 145 200 478 419 651 752
 395 168 311 422 153 196 470  89  80 677 119 248 112 609 739 136 668 261
 703 653 331 235  49 305 638 251 753 767 321 246 889 508 355 850 624 805
 115 717 215 461 447 540 577 139 789  12 192 399 352 828 194 656 428 637
 641 286  67 113 715 370 330 255 626 735 646 877 274 253 642 341 302 597
 655 349 680  16 705 589 619 385 413 706 561 361 398 138 672 130 845 294
 848 228 833   9 374 243 872 346 242 569 867 511 851 688 882 353  78 617
  62 315 903 869 866 557 885 652 603 861 856  98 137 496  15 325 645 559
 481 751 269 431  66 890 283 446 824 628 416 691 415 545 121 547 443 738
 608 287 433 549 504 731 874 240 357  57  69 178 273 571 492 819 529 303
  13 520 455 102 810 322 548 458 244 438 340 565  17 165 444 381 344 765
 801 318 746 159 611 673 236  76 860 290 585  88 616 371 699 452 343 234
 148 768 126 366 249  19  79  59 177 227 170 634 400 203  82 157 567 674
 837 403 629 664 202 271 437 266 101 518 683 404 279 514 820 207  96 764
  68 312 859 538 260  37 323   1 183 744 476 436 875 218 521 598  55 440
 902 291 359 471  47 401 728 257 539 390]

# learned parameters for cdtw and gem
# dtw ((error, size, error/size), (window, sqr))
# gem ((error, size, error/size), (St0, St1, E, sym, sqr))
BESTLEARNCONSDTW=((106, 442, 0.23981900452488689), (0.059999999999999998, True))
LISTLEARNCONSDTW=[((106, 442, 0.23981900452488689), (0.059999999999999998, True)), ((110, 442, 0.24886877828054299), (0.050000000000000003, True)), ((115, 442, 0.26018099547511314), (0.070000000000000007, True)), ((117, 442, 0.26470588235294118), (0.080000000000000002, True)), ((118, 442, 0.2669683257918552), (0.040000000000000001, True)), ((118, 442, 0.2669683257918552), (0.089999999999999997, True)), ((122, 442, 0.27601809954751133), (0.029999999999999999, True)), ((126, 442, 0.28506787330316741), (0.10000000000000001, True)), ((129, 442, 0.29185520361990952), (0.12, True)), ((132, 442, 0.29864253393665158), (0.02, True)), ((132, 442, 0.29864253393665158), (0.11, True)), ((133, 442, 0.3009049773755656), (0.13, True)), ((135, 442, 0.30542986425339369), (0.14000000000000001, True)), ((137, 442, 0.30995475113122173), (0.14999999999999999, True)), ((138, 442, 0.31221719457013575), (0.01, True)), ((139, 442, 0.31447963800904977), (0.16, True)), ((139, 442, 0.31447963800904977), (0.19, True)), ((140, 442, 0.31674208144796379), (0.17000000000000001, True)), ((140, 442, 0.31674208144796379), (0.17999999999999999, True)), ((143, 442, 0.3235294117647059), (0.20000000000000001, True)), ((159, 442, 0.35972850678733032), (0.0, True))]

BESTLEARNGEM=((139, 442, 0.31447963800904977), (2, 2, 0.5, True, True))
LISTLEARNGEM=[((139, 442, 0.31447963800904977), (2, 2, 0.5, True, True)), ((146, 442, 0.33031674208144796), (2, 2, 0.03125, True, True)), ((149, 442, 0.33710407239819007), (2, 2, 0.0078125, True, True)), ((150, 442, 0.33936651583710409), (2, 2, 0.125, True, True)), ((151, 442, 0.34162895927601811), (2, 2, 0.00390625, True, True)), ((151, 442, 0.34162895927601811), (2, 2, 0.015625, True, True)), ((151, 442, 0.34162895927601811), (2, 2, 0.0625, True, True)), ((151, 442, 0.34162895927601811), (2, 2, 0.25, True, True)), ((153, 442, 0.34615384615384615), (2, 2, 0, True, True)), ((160, 442, 0.36199095022624433), (1, 1, 0.00390625, True, True)), ((160, 442, 0.36199095022624433), (1, 2, 0.00390625, True, True)), ((161, 442, 0.36425339366515835), (1, 1, 0.0078125, True, True)), ((161, 442, 0.36425339366515835), (1, 2, 0.0078125, True, True)), ((162, 442, 0.36651583710407237), (1, 1, 0.015625, True, True)), ((162, 442, 0.36651583710407237), (1, 2, 0.015625, True, True)), ((163, 442, 0.36877828054298645), (1, 1, 0, True, True)), ((163, 442, 0.36877828054298645), (1, 2, 0, True, True)), ((175, 442, 0.39592760180995473), (1, 1, 0.03125, True, True)), ((175, 442, 0.39592760180995473), (1, 2, 0.03125, True, True)), ((185, 442, 0.41855203619909503), (1, 1, 0.0625, True, True)), ((185, 442, 0.41855203619909503), (1, 2, 0.0625, True, True)), ((195, 442, 0.44117647058823528), (1, 1, 0.125, True, True)), ((195, 442, 0.44117647058823528), (1, 2, 0.125, True, True)), ((211, 442, 0.47737556561085975), (1, 1, 0.25, True, True)), ((211, 442, 0.47737556561085975), (1, 2, 0.25, True, True)), ((219, 442, 0.49547511312217196), (1, 1, 0.5, True, True)), ((219, 442, 0.49547511312217196), (1, 2, 0.5, True, True)), ((222, 442, 0.50226244343891402), (2, 1, 0.0625, True, True)), ((224, 442, 0.50678733031674206), (2, 1, 0.03125, True, True)), ((224, 442, 0.50678733031674206), (2, 1, 0.125, True, True)), ((226, 442, 0.5113122171945701), (2, 1, 0.015625, True, True)), ((227, 442, 0.51357466063348411), (2, 1, 0.5, True, True)), ((228, 442, 0.51583710407239824), (2, 1, 0.25, True, True)), ((239, 442, 0.54072398190045246), (2, 1, 0.0078125, True, True)), ((243, 442, 0.54977375565610864), (2, 1, 0.00390625, True, True)), ((246, 442, 0.5565610859728507), (2, 1, 0, True, True))]


# error rates for different distance measures
# (error, size, error/size) and binary mask
BESTLP=(155, 463, 0.33477321814254862)
LISTLP=[0, 0, 0, 0, 0, 0, 0, 0, 0, 0, 0, 0, 1, 1, 1, 0, 1, 0, 0, 0, 0, 0, 0, 1, 0, 0, 1, 0, 0, 0, 0, 1, 0, 0, 1, 1, 1, 0, 0, 0, 0, 0, 0, 0, 0, 1, 1, 0, 1, 0, 1, 1, 0, 0, 0, 1, 0, 0, 0, 1, 1, 0, 0, 1, 1, 0, 1, 1, 0, 0, 1, 0, 0, 0, 0, 0, 1, 0, 1, 1, 0, 1, 1, 0, 1, 0, 1, 1, 0, 0, 0, 1, 0, 0, 0, 0, 1, 0, 1, 0, 0, 0, 0, 0, 1, 1, 0, 0, 1, 0, 0, 1, 1, 1, 1, 0, 1, 0, 0, 1, 0, 0, 0, 0, 0, 1, 1, 0, 0, 0, 0, 0, 0, 0, 0, 0, 0, 0, 0, 0, 0, 0, 1, 0, 0, 0, 1, 0, 0, 0, 1, 1, 0, 0, 0, 1, 0, 0, 1, 1, 0, 0, 1, 0, 0, 0, 0, 1, 1, 0, 0, 1, 1, 0, 1, 0, 1, 0, 1, 0, 0, 1, 0, 0, 0, 0, 0, 1, 0, 0, 0, 1, 0, 0, 1, 1, 0, 1, 0, 0, 0, 0, 0, 0, 1, 0, 1, 0, 1, 0, 0, 1, 0, 0, 0, 1, 1, 1, 0, 0, 0, 1, 0, 1, 0, 0, 1, 0, 0, 1, 0, 0, 0, 0, 0, 1, 0, 1, 0, 0, 0, 1, 0, 0, 1, 0, 0, 0, 1, 0, 0, 1, 1, 0, 1, 0, 0, 1, 1, 0, 0, 0, 0, 1, 0, 0, 0, 0, 0, 1, 1, 0, 0, 1, 1, 0, 1, 1, 0, 0, 1, 1, 1, 0, 1, 0, 0, 0, 0, 0, 0, 0, 1, 0, 0, 0, 0, 0, 1, 0, 0, 0, 1, 0, 1, 0, 0, 1, 0, 1, 1, 0, 0, 1, 0, 0, 0, 1, 0, 0, 0, 1, 0, 1, 1, 0, 0, 0, 0, 0, 0, 0, 0, 1, 0, 0, 0, 0, 0, 1, 0, 0, 0, 0, 1, 1, 0, 0, 0, 0, 0, 0, 0, 1, 0, 0, 0, 0, 0, 0, 1, 0, 0, 1, 0, 1, 0, 0, 1, 1, 0, 1, 0, 1, 1, 0, 0, 0, 1, 0, 1, 0, 1, 0, 0, 1, 0, 1, 0, 1, 0, 0, 1, 1, 1, 0, 0, 0, 0, 1, 0, 1, 1, 1, 0, 0, 0, 0, 0, 0, 0, 1, 0, 1, 1, 1, 1, 1, 0, 0, 1, 0, 0, 1, 0, 0, 0, 0, 0, 0, 1, 0, 1, 0, 0, 0, 0, 0, 1, 0, 0, 0, 0, 1, 0, 0, 1, 0, 1, 0, 0, 0, 0, 0, 0, 1, 0, 1, 1, 0, 0, 1, 1]

BESTFULLDTW=(163, 463, 0.35205183585313177)
LISTFULLDTW=[0, 0, 0, 1, 0, 0, 0, 0, 0, 0, 0, 0, 0, 1, 1, 1, 1, 0, 0, 0, 1, 0, 0, 1, 0, 0, 0, 0, 0, 0, 0, 1, 0, 0, 1, 0, 1, 0, 1, 0, 0, 1, 0, 0, 0, 0, 1, 0, 1, 1, 0, 1, 1, 0, 0, 0, 0, 1, 1, 0, 1, 1, 0, 0, 1, 0, 0, 1, 0, 0, 1, 1, 1, 0, 1, 1, 1, 1, 1, 0, 0, 1, 1, 0, 0, 0, 1, 0, 1, 0, 0, 1, 0, 0, 0, 0, 1, 1, 1, 1, 0, 1, 0, 0, 0, 1, 0, 0, 0, 0, 0, 1, 0, 1, 1, 0, 1, 0, 0, 1, 0, 0, 0, 1, 0, 1, 0, 0, 0, 0, 0, 1, 0, 1, 1, 0, 0, 0, 0, 0, 0, 1, 0, 0, 1, 0, 1, 1, 0, 0, 1, 1, 1, 0, 0, 1, 0, 0, 1, 1, 0, 1, 0, 0, 1, 0, 0, 1, 0, 0, 0, 0, 0, 0, 1, 0, 1, 0, 1, 0, 1, 1, 0, 0, 1, 1, 1, 0, 1, 0, 0, 1, 1, 0, 1, 0, 0, 0, 1, 0, 0, 0, 1, 1, 1, 0, 0, 0, 1, 0, 0, 0, 0, 0, 1, 1, 0, 0, 0, 0, 0, 1, 0, 0, 0, 1, 0, 0, 0, 0, 0, 0, 0, 0, 1, 0, 0, 0, 0, 0, 0, 1, 0, 0, 0, 0, 0, 1, 0, 0, 0, 0, 1, 0, 1, 0, 1, 0, 1, 0, 0, 0, 1, 0, 0, 0, 1, 0, 0, 1, 0, 1, 1, 0, 1, 0, 0, 0, 1, 0, 0, 1, 1, 1, 1, 0, 0, 1, 0, 0, 0, 0, 0, 0, 1, 1, 0, 0, 1, 0, 0, 0, 0, 0, 0, 0, 1, 1, 0, 0, 1, 0, 0, 1, 1, 1, 0, 1, 1, 0, 1, 1, 0, 1, 0, 1, 1, 0, 0, 0, 0, 0, 0, 0, 0, 0, 1, 0, 0, 1, 0, 0, 0, 0, 0, 0, 0, 0, 0, 0, 1, 0, 0, 1, 0, 1, 0, 0, 0, 0, 0, 0, 0, 1, 0, 1, 0, 0, 0, 1, 0, 1, 0, 0, 1, 0, 0, 0, 1, 1, 1, 0, 0, 0, 0, 0, 0, 0, 0, 1, 0, 0, 0, 0, 0, 0, 0, 0, 0, 0, 1, 1, 1, 1, 1, 1, 0, 0, 0, 0, 0, 1, 0, 1, 1, 1, 1, 1, 0, 1, 1, 0, 0, 1, 0, 1, 0, 1, 0, 0, 1, 0, 1, 0, 1, 0, 0, 1, 0, 0, 1, 0, 0, 1, 0, 0, 0, 0, 1, 0, 1, 0, 1, 0, 0, 0, 0, 1, 0, 0, 0, 1, 0]

BESTCONSDTW=(101, 463, 0.21814254859611232)
LISTCONSDTW=[0, 0, 0, 1, 0, 0, 0, 0, 0, 0, 0, 0, 0, 0, 0, 0, 1, 0, 0, 0, 0, 0, 0, 1, 0, 0, 0, 0, 0, 0, 0, 1, 0, 0, 1, 0, 0, 0, 0, 0, 0, 0, 0, 0, 0, 1, 1, 0, 1, 0, 0, 0, 0, 0, 0, 0, 0, 1, 0, 0, 1, 0, 0, 0, 1, 0, 1, 1, 0, 0, 1, 0, 1, 0, 0, 0, 1, 1, 0, 1, 0, 0, 1, 0, 0, 0, 1, 0, 0, 0, 0, 1, 0, 0, 0, 0, 0, 0, 1, 0, 0, 0, 0, 0, 1, 1, 0, 1, 1, 0, 0, 0, 0, 1, 1, 0, 0, 0, 0, 1, 0, 0, 0, 0, 0, 1, 1, 0, 0, 0, 0, 1, 0, 0, 0, 0, 0, 1, 0, 0, 0, 0, 0, 0, 0, 0, 1, 1, 0, 0, 0, 1, 0, 0, 0, 0, 0, 0, 1, 1, 0, 0, 0, 0, 1, 0, 0, 1, 0, 0, 0, 0, 0, 0, 1, 0, 1, 0, 1, 0, 0, 0, 0, 0, 1, 0, 1, 0, 0, 0, 0, 1, 0, 0, 1, 0, 0, 0, 0, 0, 0, 0, 0, 0, 1, 0, 1, 0, 1, 0, 0, 0, 0, 0, 0, 1, 0, 0, 0, 0, 0, 1, 0, 0, 0, 0, 0, 0, 0, 1, 0, 0, 0, 0, 0, 0, 0, 1, 0, 0, 0, 0, 0, 0, 1, 0, 0, 0, 0, 0, 0, 0, 0, 0, 0, 0, 0, 0, 1, 0, 0, 0, 1, 0, 0, 0, 0, 0, 0, 1, 0, 0, 0, 1, 1, 0, 0, 0, 0, 1, 0, 1, 1, 0, 1, 0, 0, 0, 0, 1, 0, 0, 1, 0, 0, 0, 0, 0, 1, 0, 0, 0, 0, 0, 0, 0, 0, 1, 0, 0, 1, 1, 0, 1, 1, 0, 1, 1, 0, 0, 0, 0, 0, 1, 0, 0, 0, 0, 0, 0, 0, 0, 0, 0, 0, 0, 0, 0, 0, 1, 0, 0, 0, 0, 0, 1, 0, 0, 0, 0, 0, 0, 0, 1, 0, 0, 0, 0, 0, 0, 1, 0, 0, 1, 0, 1, 0, 0, 0, 1, 0, 1, 0, 0, 0, 0, 0, 0, 0, 0, 1, 0, 0, 0, 0, 0, 0, 0, 0, 0, 0, 0, 0, 0, 0, 0, 0, 0, 1, 0, 0, 1, 1, 1, 0, 0, 0, 0, 0, 0, 0, 1, 0, 1, 1, 0, 1, 1, 0, 0, 1, 0, 0, 1, 0, 1, 0, 0, 0, 0, 0, 0, 0, 0, 0, 0, 0, 1, 1, 1, 0, 0, 0, 0, 0, 0, 0, 0, 1, 0, 0, 0, 0, 0, 0, 0, 0, 1, 0, 0, 0, 0, 0]

BESTGEM=(100, 463, 0.21598272138228941)
LISTGEM=[0, 0, 0, 1, 0, 0, 0, 0, 0, 0, 0, 0, 0, 0, 0, 0, 1, 0, 0, 0, 0, 0, 0, 1, 0, 0, 0, 1, 0, 0, 0, 1, 0, 0, 1, 0, 0, 1, 0, 0, 0, 0, 0, 0, 0, 1, 0, 0, 1, 1, 0, 0, 1, 0, 0, 0, 0, 0, 1, 0, 1, 1, 0, 0, 0, 0, 0, 0, 0, 0, 1, 1, 1, 0, 0, 1, 1, 1, 1, 0, 0, 0, 1, 0, 0, 0, 1, 0, 0, 0, 0, 1, 0, 0, 0, 0, 0, 0, 1, 1, 0, 0, 0, 0, 0, 1, 0, 0, 0, 0, 0, 1, 0, 0, 1, 0, 1, 0, 0, 0, 1, 0, 0, 0, 0, 1, 1, 0, 0, 0, 0, 1, 0, 0, 1, 0, 0, 1, 0, 0, 0, 1, 0, 0, 0, 0, 0, 0, 0, 0, 0, 1, 0, 0, 1, 0, 0, 0, 0, 0, 0, 0, 0, 0, 1, 0, 1, 1, 0, 0, 0, 0, 1, 0, 1, 0, 1, 0, 1, 0, 0, 1, 0, 0, 0, 0, 0, 0, 0, 0, 0, 1, 0, 0, 1, 0, 0, 0, 1, 0, 0, 0, 0, 0, 0, 0, 1, 0, 1, 0, 0, 0, 0, 0, 1, 0, 0, 1, 0, 1, 0, 0, 0, 0, 0, 1, 0, 0, 0, 0, 0, 0, 0, 0, 0, 0, 0, 1, 0, 0, 0, 0, 0, 1, 1, 0, 0, 1, 0, 0, 0, 0, 1, 0, 0, 0, 0, 0, 1, 0, 0, 0, 0, 0, 0, 0, 1, 0, 0, 1, 0, 1, 0, 1, 0, 0, 0, 0, 0, 1, 0, 0, 1, 1, 1, 0, 0, 0, 0, 1, 0, 0, 0, 0, 0, 0, 0, 0, 0, 0, 0, 0, 1, 0, 0, 0, 0, 0, 0, 0, 1, 0, 0, 1, 0, 1, 1, 1, 0, 0, 0, 0, 0, 0, 0, 0, 0, 0, 0, 0, 0, 0, 0, 0, 0, 0, 0, 0, 0, 0, 0, 0, 0, 0, 0, 0, 0, 0, 1, 0, 0, 0, 0, 1, 0, 1, 0, 0, 0, 0, 0, 0, 0, 1, 0, 0, 0, 0, 0, 0, 0, 1, 0, 0, 1, 0, 0, 0, 0, 0, 1, 0, 0, 0, 0, 0, 0, 0, 0, 1, 0, 0, 0, 0, 0, 0, 0, 0, 0, 1, 1, 0, 1, 1, 0, 1, 0, 0, 0, 1, 0, 0, 0, 0, 0, 0, 1, 0, 0, 1, 0, 0, 1, 1, 0, 1, 0, 0, 0, 0, 0, 0, 0, 0, 0, 0, 0, 0, 1, 0, 0, 0, 0, 1, 0, 0, 0, 0, 0, 0, 0, 0, 0, 0, 0, 0, 0, 1, 0, 0, 0, 0, 1]

