# shuffled stratified split (indices referring to UCR database)
TESTINDEX=[401  20 669 282 845 673 201 886 875 776 416 284 713 582 290 336 212 630
 259 685 575 493 117 597 280 770 415 517 629 244 887 863 748 717 341 185
 207 724 733 261 602 114  54 716 899 652 641 182 836 296  23 192  49 628
 872 702 546 637 278 298  62 703 468 699 509 226  90 173 429 283 438  86
 681 746  89 445 750 157 563 830  69  58  67 315 184 218 175 824  73 505
 381 519 353 258 882 721 316 215 311 805 513 553 661  91 674 603 781 839
 869 873 778 122 662 163 678 515 570  63 221 197 391 289 346   0  77 136
 848 150 337 180 827 245 228 375 209 202 551 263 366  45 611  56 765 270
 831 153 860 526 172 643 600 756  38 113 864  32 320 538  50 471 769 838
 355 159 644 431 522 425 441 398 334 387 417 664 722 305 760 149 720  37
 427 755 731 473 482 506 758 655 529 625 689 102 137 881 186 247 246 749
 451  24  36 584 732 745 459 710 193 897 253 447  14 112 739 759 726 448
 469 324 432 904 798 528 358 651 592 262  72 230 619 502 412 578   5 676
 347 495 586 333 314 378 504 601 751 234 614 317  42 328 808 130 567 534
 853 783 594 730 208 532  52 406 161 399 773 686 362  47 374 855 656 902
 252 288 465 870 267 285   4 281 365  99 620 457 632  88 670 326 456 767
 475 789 486 323 660 535 825 455 140 727 743  43  18 128 139 256   8 815
 754 589 248 224  76 753 490 404 103 222 141 236 880 772 377 389 308 170
 541 307 645 200 410 833 472 373 801 555 437 747 171 380 294  92 794 449
 680 734 624 204 531 327 462 851  95 598 428 554  35 349 322 596 847 560
 119 649 565 697 394 577 304 536  41 116 608 452 516 638 454 167 133 795
 152 474 892 785 810 400 820 762 352 658 782 826 542 784 239  44 496 187
  96 363 194 823 111 588 806 581   3  12 503 709 871 299 499  97 312  80
 360 856 771  78 659 420 530 780 693 109 433 719 158 607 266 740 700 402
  10   2  13 293 901 435 151 479 790 650 802 439 545  48 274 344 325 524
 500 788 434 214 354 537 898 511 666  93 491   6 613]
TRAININDEX=[295 687 368 255  27  65  21 725 648 844 302 544 735  68 508  57 622 707
 595 356 691 332 683 605 701 631  15 198 804 623 639 556  46  51 879 145
 647 494 527 388 225  28 418 331 343 606 885 572 900 345 177 313 569 174
 297 179 679 442 576 840  75 104 690 736 232 599 423 188 138 470 865 858
 585 663 764  17 675 321 861 131 896 497 671 464  64 430 350 640 216 408
 792 799 672 277 254 684 682 189 372 800 633 220 115 525 811 176 521 549
 654 821  59 243 533 460 695 164 306 107   1 835 120 492 797 807 878 883
 272 376 241 300 269 443  31 540 339 169 458  70 587  33  22 444 249 397
 191 634 223 386 276 183 478 110 199 559 409 264 155 696 591 888 715 712
 874 846 287 489 168 852 395 364 217 351  25  74 779 330 487 890 706 583
 615 829 793 876 705 752 338 195 573 711 694 485 121 108 166 766 286 514
 390 319 642 843 501 547 557 677 235 144 342 742 849 484 543 190 369 367
 891 498 512 135 382 461 564 146 894 610 206 481 419 877 618 411 126 834
 738 737 148 205 708 809 178 842 181 233 450 453 768  87  71 854 562 348
  40 238 219 463 868 292 698 580 895  53 405 812 665 884  26 903 621  84
 271 552 414 818 467 803 646 303 275 250  81 273 143 867 237 550  16 100
 147  94 574 260  55 668 520 229 413 101 657  30 893 510 446 318 813 422
 744 667 240 741 718 866 558 774 265 857 523 889 407 359 227 862 383 393
  60 213 796 340 850 859   9 763 392 590 571 819 814 728 566 196 242 476
 403  66 310 154 142 118 251  61 124 371 370 518 609 604 832 817 162 507
 123 488 548 822 210 714 483 291 579 729 268 593 335 466 257  82 329 357
 627 440  29 626 688 203 617  83  11 279 426 309 301 612  19 786  79 477
 379 385   7 165 761 211  98 127 653 134 828 132 424 837 539 841 757 436
 692 616 361 129 568  34 480 787 635 816 384 775 106 125 791 156  85 561
 396 231 421 777 160 723 105 636  39 704]

# learned parameters for cdtw and gem
# dtw ((error, size, error/size), (window, sqr))
# gem ((error, size, error/size), (St0, St1, E, sym, sqr))
BESTLEARNCONSDTW=((107, 442, 0.24208144796380091), (0.059999999999999998, True))
LISTLEARNCONSDTW=[((107, 442, 0.24208144796380091), (0.059999999999999998, True)), ((111, 442, 0.25113122171945701), (0.050000000000000003, True)), ((112, 442, 0.25339366515837103), (0.070000000000000007, True)), ((114, 442, 0.25791855203619912), (0.040000000000000001, True)), ((118, 442, 0.2669683257918552), (0.080000000000000002, True)), ((120, 442, 0.27149321266968324), (0.029999999999999999, True)), ((122, 442, 0.27601809954751133), (0.089999999999999997, True)), ((126, 442, 0.28506787330316741), (0.10000000000000001, True)), ((132, 442, 0.29864253393665158), (0.11, True)), ((135, 442, 0.30542986425339369), (0.14999999999999999, True)), ((136, 442, 0.30769230769230771), (0.12, True)), ((136, 442, 0.30769230769230771), (0.14000000000000001, True)), ((137, 442, 0.30995475113122173), (0.13, True)), ((138, 442, 0.31221719457013575), (0.02, True)), ((143, 442, 0.3235294117647059), (0.16, True)), ((143, 442, 0.3235294117647059), (0.17000000000000001, True)), ((144, 442, 0.32579185520361992), (0.17999999999999999, True)), ((146, 442, 0.33031674208144796), (0.01, True)), ((146, 442, 0.33031674208144796), (0.19, True)), ((148, 442, 0.33484162895927599), (0.20000000000000001, True)), ((169, 442, 0.38235294117647056), (0.0, True))]

BESTLEARNGEM=((130, 442, 0.29411764705882354), (2, 2, 0.5, True, True))
LISTLEARNGEM=[((130, 442, 0.29411764705882354), (2, 2, 0.5, True, True)), ((141, 442, 0.3190045248868778), (2, 2, 0.25, True, True)), ((146, 442, 0.33031674208144796), (2, 2, 0.0625, True, True)), ((151, 442, 0.34162895927601811), (2, 2, 0.125, True, True)), ((152, 442, 0.34389140271493213), (2, 2, 0.03125, True, True)), ((154, 442, 0.34841628959276016), (2, 2, 0.015625, True, True)), ((157, 442, 0.35520361990950228), (2, 2, 0.0078125, True, True)), ((160, 442, 0.36199095022624433), (2, 2, 0, True, True)), ((161, 442, 0.36425339366515835), (2, 2, 0.00390625, True, True)), ((165, 442, 0.37330316742081449), (1, 1, 0, True, True)), ((165, 442, 0.37330316742081449), (1, 2, 0, True, True)), ((166, 442, 0.3755656108597285), (1, 1, 0.00390625, True, True)), ((166, 442, 0.3755656108597285), (1, 2, 0.00390625, True, True)), ((170, 442, 0.38461538461538464), (1, 1, 0.0078125, True, True)), ((170, 442, 0.38461538461538464), (1, 2, 0.0078125, True, True)), ((173, 442, 0.39140271493212669), (1, 1, 0.015625, True, True)), ((173, 442, 0.39140271493212669), (1, 2, 0.015625, True, True)), ((176, 442, 0.39819004524886875), (1, 1, 0.03125, True, True)), ((176, 442, 0.39819004524886875), (1, 2, 0.03125, True, True)), ((184, 442, 0.41628959276018102), (1, 1, 0.0625, True, True)), ((184, 442, 0.41628959276018102), (1, 2, 0.0625, True, True)), ((187, 442, 0.42307692307692307), (1, 1, 0.125, True, True)), ((187, 442, 0.42307692307692307), (1, 2, 0.125, True, True)), ((195, 442, 0.44117647058823528), (1, 1, 0.25, True, True)), ((195, 442, 0.44117647058823528), (1, 2, 0.25, True, True)), ((207, 442, 0.46832579185520362), (1, 1, 0.5, True, True)), ((207, 442, 0.46832579185520362), (1, 2, 0.5, True, True)), ((213, 442, 0.48190045248868779), (2, 1, 0.5, True, True)), ((225, 442, 0.50904977375565608), (2, 1, 0.25, True, True)), ((226, 442, 0.5113122171945701), (2, 1, 0.125, True, True)), ((231, 442, 0.5226244343891403), (2, 1, 0.0625, True, True)), ((234, 442, 0.52941176470588236), (2, 1, 0.03125, True, True)), ((235, 442, 0.53167420814479638), (2, 1, 0.015625, True, True)), ((238, 442, 0.53846153846153844), (2, 1, 0.0078125, True, True)), ((244, 442, 0.55203619909502266), (2, 1, 0.00390625, True, True)), ((251, 442, 0.5678733031674208), (2, 1, 0, True, True))]


# error rates for different distance measures
# (error, size, error/size) and binary mask
BESTLP=(149, 463, 0.32181425485961124)
LISTLP=[0, 0, 0, 0, 0, 0, 0, 0, 0, 0, 0, 0, 0, 1, 0, 1, 0, 0, 0, 0, 0, 0, 0, 0, 0, 1, 1, 0, 0, 0, 0, 1, 1, 1, 0, 0, 0, 1, 1, 0, 0, 0, 1, 1, 0, 0, 0, 0, 0, 0, 0, 1, 1, 0, 0, 0, 0, 0, 0, 0, 0, 1, 1, 0, 0, 0, 0, 1, 0, 0, 0, 0, 1, 0, 0, 0, 0, 0, 0, 1, 0, 0, 0, 0, 0, 1, 0, 1, 0, 0, 0, 0, 1, 0, 0, 0, 0, 1, 0, 0, 0, 0, 1, 1, 1, 1, 0, 1, 0, 0, 1, 0, 0, 0, 0, 0, 0, 0, 0, 1, 1, 1, 0, 0, 0, 0, 0, 1, 0, 0, 0, 0, 0, 0, 0, 1, 0, 1, 0, 1, 1, 1, 1, 1, 0, 0, 0, 0, 0, 0, 1, 1, 0, 1, 0, 0, 0, 1, 1, 0, 0, 0, 1, 0, 0, 0, 1, 0, 0, 1, 0, 1, 1, 0, 0, 1, 1, 1, 0, 0, 0, 1, 0, 1, 1, 1, 0, 0, 0, 0, 1, 0, 1, 0, 1, 0, 0, 0, 1, 0, 0, 0, 1, 1, 0, 0, 0, 0, 1, 1, 0, 0, 0, 0, 1, 1, 1, 0, 0, 1, 1, 0, 1, 0, 1, 0, 1, 0, 0, 0, 0, 1, 1, 1, 0, 0, 0, 1, 1, 1, 1, 1, 0, 0, 0, 1, 1, 0, 0, 0, 1, 1, 0, 0, 0, 0, 0, 1, 0, 0, 1, 0, 0, 0, 1, 1, 0, 0, 0, 0, 1, 0, 1, 0, 0, 0, 0, 1, 0, 0, 1, 0, 0, 1, 0, 0, 1, 0, 0, 0, 0, 0, 0, 0, 0, 1, 0, 1, 0, 1, 1, 1, 1, 0, 1, 1, 0, 0, 1, 0, 0, 0, 0, 0, 0, 1, 0, 1, 1, 1, 0, 0, 0, 0, 0, 1, 0, 0, 0, 0, 0, 1, 0, 1, 1, 0, 1, 0, 1, 0, 0, 0, 0, 0, 1, 1, 0, 0, 1, 0, 0, 0, 0, 0, 0, 1, 0, 0, 0, 1, 1, 0, 1, 1, 0, 0, 0, 0, 0, 0, 0, 1, 0, 0, 0, 1, 1, 0, 0, 0, 0, 0, 1, 1, 1, 0, 0, 0, 0, 1, 0, 0, 0, 0, 1, 0, 0, 0, 1, 0, 0, 1, 1, 0, 0, 1, 0, 0, 0, 0, 0, 0, 1, 0, 0, 1, 0, 1, 0, 0, 0, 1, 0, 0, 0, 0, 0, 1, 0, 0, 1, 0, 1, 1, 1, 1, 0, 1, 1, 0, 0, 0, 1, 0, 0, 1, 0, 0, 0, 0, 0, 0, 0, 0, 0, 0, 0, 1, 0, 0, 0, 1, 0]

BESTFULLDTW=(133, 463, 0.28725701943844495)
LISTFULLDTW=[0, 0, 1, 0, 0, 1, 0, 0, 0, 0, 1, 0, 0, 0, 0, 1, 0, 1, 1, 0, 1, 0, 0, 0, 0, 0, 1, 0, 0, 0, 0, 1, 1, 1, 1, 0, 0, 0, 0, 0, 1, 0, 0, 0, 0, 1, 0, 0, 0, 1, 0, 1, 1, 0, 1, 0, 1, 0, 1, 0, 0, 0, 0, 1, 0, 0, 0, 1, 1, 0, 0, 0, 0, 0, 0, 1, 1, 0, 0, 1, 0, 0, 0, 0, 0, 0, 0, 1, 0, 1, 0, 0, 0, 0, 0, 0, 0, 1, 0, 0, 0, 0, 1, 0, 0, 0, 0, 1, 1, 0, 0, 0, 0, 0, 0, 0, 0, 0, 1, 1, 0, 0, 1, 0, 0, 1, 0, 0, 1, 0, 0, 0, 0, 1, 1, 1, 0, 0, 0, 1, 0, 0, 1, 0, 0, 1, 0, 0, 0, 0, 0, 1, 0, 1, 0, 0, 0, 0, 1, 0, 0, 1, 0, 0, 0, 1, 1, 0, 0, 1, 0, 1, 0, 0, 0, 1, 0, 1, 0, 0, 0, 0, 0, 1, 1, 1, 1, 0, 0, 0, 1, 0, 0, 0, 0, 0, 0, 0, 0, 0, 0, 0, 1, 1, 0, 0, 0, 0, 0, 1, 1, 0, 0, 0, 1, 1, 1, 0, 0, 0, 0, 0, 1, 0, 1, 0, 0, 0, 1, 0, 0, 1, 0, 0, 0, 0, 0, 1, 1, 1, 0, 1, 1, 0, 0, 1, 0, 0, 1, 0, 0, 0, 0, 0, 0, 1, 0, 0, 0, 0, 0, 0, 0, 1, 1, 0, 1, 1, 1, 0, 1, 1, 0, 0, 0, 0, 0, 0, 0, 0, 0, 0, 1, 0, 0, 0, 1, 0, 0, 0, 0, 0, 1, 0, 1, 0, 0, 1, 0, 0, 0, 0, 0, 1, 0, 0, 1, 1, 0, 0, 0, 0, 0, 0, 0, 1, 0, 0, 0, 0, 0, 0, 0, 1, 0, 0, 0, 0, 0, 1, 0, 0, 1, 1, 1, 1, 0, 0, 1, 0, 0, 0, 0, 0, 0, 1, 0, 0, 1, 0, 1, 0, 0, 1, 0, 1, 0, 1, 0, 1, 1, 0, 0, 1, 0, 1, 0, 1, 0, 1, 0, 0, 1, 0, 0, 0, 1, 1, 0, 0, 0, 0, 0, 1, 1, 0, 0, 0, 0, 0, 0, 1, 0, 0, 0, 0, 0, 0, 0, 0, 0, 0, 1, 0, 0, 1, 0, 0, 1, 0, 1, 0, 0, 0, 0, 1, 0, 0, 0, 0, 0, 1, 0, 0, 0, 0, 0, 0, 0, 0, 0, 0, 1, 1, 0, 1, 0, 0, 1, 0, 0, 1, 1, 1, 0, 0, 1, 0, 0, 0, 0, 0, 0, 0, 1, 0, 0, 0, 0, 0, 0, 0, 0]

BESTCONSDTW=(93, 463, 0.20086393088552915)
LISTCONSDTW=[0, 0, 0, 0, 0, 0, 0, 0, 0, 0, 0, 0, 0, 1, 0, 1, 0, 0, 0, 0, 0, 0, 0, 0, 0, 1, 1, 0, 0, 0, 0, 1, 0, 1, 0, 0, 0, 0, 0, 0, 1, 0, 1, 1, 0, 0, 0, 0, 0, 0, 0, 1, 1, 0, 1, 0, 0, 0, 0, 0, 0, 0, 1, 1, 0, 0, 0, 1, 1, 0, 0, 1, 0, 0, 0, 0, 0, 0, 0, 1, 0, 0, 0, 0, 0, 0, 0, 1, 0, 0, 0, 0, 0, 0, 0, 0, 0, 1, 0, 0, 0, 0, 1, 0, 0, 0, 0, 1, 0, 0, 1, 0, 0, 0, 0, 0, 0, 0, 1, 0, 0, 1, 0, 0, 0, 0, 0, 0, 0, 0, 0, 0, 0, 0, 0, 1, 0, 0, 0, 1, 0, 0, 1, 0, 0, 0, 0, 0, 0, 0, 1, 1, 0, 1, 0, 0, 0, 0, 1, 0, 0, 0, 1, 0, 0, 0, 1, 0, 0, 1, 0, 1, 0, 0, 0, 1, 0, 1, 0, 0, 0, 0, 0, 0, 1, 1, 0, 0, 0, 1, 0, 0, 0, 0, 0, 0, 0, 0, 1, 0, 0, 0, 1, 1, 0, 0, 0, 0, 1, 1, 0, 0, 0, 0, 0, 1, 1, 0, 0, 0, 0, 0, 1, 0, 0, 0, 0, 0, 1, 0, 0, 1, 0, 0, 0, 0, 0, 1, 0, 0, 0, 1, 0, 0, 0, 1, 0, 0, 0, 0, 1, 0, 0, 0, 0, 0, 0, 0, 0, 0, 0, 0, 0, 1, 0, 0, 0, 0, 0, 0, 1, 0, 1, 0, 0, 0, 0, 0, 0, 0, 0, 0, 1, 0, 0, 0, 1, 0, 0, 0, 0, 1, 0, 0, 1, 0, 0, 0, 0, 1, 0, 0, 0, 0, 1, 0, 0, 0, 0, 0, 0, 0, 0, 0, 0, 1, 0, 0, 0, 1, 0, 0, 0, 0, 0, 1, 0, 0, 0, 0, 0, 0, 0, 1, 1, 0, 0, 0, 1, 0, 0, 0, 0, 0, 0, 1, 0, 0, 1, 0, 1, 0, 0, 1, 0, 1, 0, 0, 0, 1, 1, 0, 0, 0, 0, 0, 0, 0, 0, 0, 1, 0, 0, 0, 0, 0, 1, 1, 0, 0, 0, 0, 0, 1, 1, 0, 0, 0, 0, 0, 0, 0, 0, 0, 1, 0, 0, 0, 1, 1, 0, 0, 1, 0, 0, 0, 0, 0, 0, 0, 0, 0, 0, 0, 0, 1, 0, 0, 0, 0, 0, 1, 0, 0, 0, 1, 0, 0, 0, 0, 0, 0, 1, 0, 0, 1, 0, 0, 1, 0, 0, 0, 0, 0, 0, 0, 1, 0, 0, 0, 0, 0, 0, 0, 0, 0, 0, 0, 0, 0, 0, 0, 0]

BESTGEM=(107, 463, 0.23110151187904968)
LISTGEM=[0, 0, 0, 0, 1, 0, 0, 0, 0, 0, 0, 0, 0, 1, 0, 1, 0, 0, 0, 0, 1, 0, 0, 0, 0, 1, 0, 0, 0, 0, 0, 1, 0, 1, 0, 1, 0, 0, 0, 0, 1, 0, 1, 0, 0, 0, 0, 0, 0, 0, 0, 1, 1, 1, 0, 0, 0, 1, 1, 0, 0, 1, 1, 1, 0, 0, 0, 1, 1, 1, 0, 0, 0, 0, 0, 1, 0, 0, 0, 1, 0, 0, 0, 0, 0, 0, 1, 1, 0, 0, 0, 0, 1, 0, 0, 0, 0, 1, 0, 0, 0, 0, 1, 0, 0, 1, 0, 0, 1, 0, 0, 0, 0, 0, 0, 0, 0, 0, 0, 0, 0, 0, 0, 0, 0, 0, 0, 0, 1, 1, 0, 0, 0, 1, 0, 0, 0, 0, 0, 1, 0, 0, 0, 0, 0, 1, 0, 0, 0, 0, 1, 0, 0, 0, 0, 0, 0, 0, 1, 0, 0, 0, 0, 0, 0, 0, 1, 0, 0, 1, 0, 1, 0, 0, 0, 1, 0, 1, 0, 0, 1, 0, 0, 1, 1, 1, 1, 0, 0, 0, 0, 0, 0, 0, 0, 0, 0, 0, 0, 0, 0, 0, 1, 1, 0, 0, 0, 0, 1, 1, 0, 0, 0, 0, 1, 1, 1, 0, 1, 0, 0, 0, 1, 0, 1, 0, 0, 0, 0, 0, 0, 1, 0, 0, 0, 0, 0, 1, 1, 1, 0, 0, 0, 0, 0, 1, 0, 0, 1, 0, 1, 0, 0, 0, 0, 1, 0, 0, 0, 0, 0, 0, 0, 0, 1, 1, 0, 0, 1, 0, 1, 1, 0, 0, 0, 0, 0, 0, 0, 0, 0, 0, 1, 0, 0, 0, 1, 0, 0, 0, 0, 0, 0, 0, 1, 0, 0, 0, 0, 0, 0, 1, 1, 0, 0, 0, 0, 1, 0, 0, 0, 0, 0, 0, 0, 0, 0, 1, 0, 0, 0, 0, 0, 1, 0, 0, 0, 0, 0, 0, 0, 1, 0, 1, 1, 0, 1, 0, 0, 0, 0, 0, 0, 1, 0, 1, 0, 0, 1, 0, 1, 0, 0, 0, 0, 1, 0, 0, 0, 1, 0, 0, 0, 1, 0, 0, 0, 1, 0, 1, 0, 0, 0, 0, 0, 0, 1, 1, 0, 0, 0, 0, 1, 0, 0, 0, 0, 0, 0, 0, 0, 1, 0, 0, 0, 0, 0, 0, 0, 1, 1, 0, 1, 0, 0, 0, 1, 0, 1, 0, 0, 0, 0, 0, 0, 0, 0, 0, 0, 0, 0, 1, 0, 0, 0, 1, 0, 0, 0, 0, 0, 0, 1, 0, 0, 1, 0, 0, 1, 0, 0, 0, 0, 0, 0, 0, 0, 0, 0, 0, 0, 0, 0, 0, 1, 0, 0, 0, 0, 0, 0, 1, 0]

