# shuffled stratified split (indices referring to UCR database)
TESTINDEX=[811 347 845 367  41 210 705 276 709 713 288 534  15  75 130 759 832 404
 793 880 249   8 424 827 102 322 539 277 352 779 869 722 406 544 581 667
 750 165 616 331  55 182 810 318 833 456 116 198 478 313 205 415  28 407
 604 365 419 865 752 515 700 644 154 261 731 898 549 441 669 877 556 848
 579 673 311 169 523 184 609  56 863 586 570 375 292 107 506 633 437 530
 790 806 712 636 175 792 568 471 432 308 541 559 417 873 135 489 339 337
 698 462 229 719 344 126 766  29  87 362 408 381 891 838 533 715 147 587
 312 895 213 144 884   7 799 100 817 773 724 664 561 385 373 893 342 675
 687 797 371 772 894 889  77 760 872  36 499 329 878 733  82 632 809 740
 577  45 161 551 428  89 173  76 146 117 828 399  26 105  70 635 346 706
 888 400 791 239  95 279 682 783 819 485 623 348 621 176 629  96 566 890
 690 789 680 519 745 159 591 543 242 304 637  67 274 410 481 851  34 414
 711 830 199 652 271 124 823 808 326  16 545 511 299 460 642 174 450 238
 157 611 106 546 870 794 599 648 524 128 749 324 666 372 357 801 475 651
 781 620 514 257 665 569 470  85  68 163 643 497 595 765 355  60 538 111
  13 575 583 435 564 409 729  18 232 396  21 214 659 168 601 732  78 121
 615 818 735 688 825 151 748 325 858 319 657 495 305 212 778 492 557 170
 446 501 626 226 617 390 323 484 653 840 660  31 204 309 686 220 211 353
 430 590 805 206 243 861 737 862  37 535 160 180  46 286 360 463 336 378
 727 693 275 241 751 697  62 296 886 649 503 871 846 167 109 757  50 835
 125 868 655  64 370  97 245 728 264 316 289 605 356 826 368 619 190 224
 433 618 225 761 383 259 562 493  51 443 162 119 707 240 118 800 366 445
 849  53  65 656 223 273 293  47 302  35 341 488 786 536 377 517 200 763
 631 201 723 685 244 555 782 703 237  12 418 734  30 474 834 681 228 416
  14 303 641 382 327 123 134 855   1 141 394 815 504 412 762 283 725 197
 122  11 896 552 269 453 145 720 603 879 459 702 717]
TRAININDEX=[ 22 297 610 853 278 217 395 231 476 500 875 449 494 787 454 467 607 131
 505 285 295  19 839 699 897 477  69 576 263  81 900 349 272 112 452 202
 822  33 645 384 364 143 425 398 769 742 683 627 814  93 270  80 268 821
 784 359 842 674 472 148 127 796  20  43 203 461 218 413 440 571 718  84
 774 691  57 597  73 486 426 158 736   4 287 236 507 172 420 738 671 421
 672 310 658 885 612 262  39 754 354 521 403 254 596  99   3 602  17 351
 654  66 120 662 548 455 189 222 767 522 726 185 233 186  48 281 768 301
  40 531 129 803 606  32 115 255 306 153 315 427 816 444 142 771 282 496
 512  49 104 744 798 560  58 101 380 464 294 802 692 516 491 883 320 374
 447 696 402 864 216  27 451 857 256 537 747 689 250 679 156 183  74 487
 265  24 436 558 716 393 646 755 850   9 526 836 405 813 386 859 704 874
 829 166 187 333 678 563 195 468 837 770 219 572 739 714 253 553  92 178
 882 498 258 345 758 248  98 710 676 592 439 103 490 764 442 246 547 369
 114 422 139 252 133   2 860 509 820 192 565 140 230 458 582  72 804 613
 379 812 525 647 608 628 866 624 695 550 650 338  52  83 234 469 330 640
 208 881   5 392 753 110 708 594 328 247 663  10 431 625 843  71 510 221
 411 179 389 152 300 266 756 741 730 113 807  23 593 177 668 776  86   6
 335  79 479 361 588 578 852 630 856 902 701 903 388 155 483  44 473 284
 480 580 291 573 376 209  88 670 638  59 867 358 876 136 332 529 743 780
  94 387  63 574 188 429 677 901 542  61 824 844 482 207 363 598 164 235
 401 191  91 841  38 423 466 614 694 721 639 350 887 227 589 138  90 132
 847 540 434 280 321 831 584 457 528 298 150 267 290 622 527 634 334 108
 532 513  54 684 892 251 343 585 795 746 508  42 661 149 465 775 777 181
 554 171 854 317 137 196 438 391   0 502 788 307 520 260 899 518 340 194
 448 193 215 397 567  25 600 785 904 314]

# learned parameters for cdtw and gem
# dtw ((error, size, error/size), (window, sqr))
# gem ((error, size, error/size), (St0, St1, E, sym, sqr))
BESTLEARNCONSDTW=((109, 442, 0.24660633484162897), (0.10000000000000001, True))
LISTLEARNCONSDTW=[((109, 442, 0.24660633484162897), (0.089999999999999997, True)), ((109, 442, 0.24660633484162897), (0.10000000000000001, True)), ((110, 442, 0.24886877828054299), (0.080000000000000002, True)), ((114, 442, 0.25791855203619912), (0.070000000000000007, True)), ((115, 442, 0.26018099547511314), (0.059999999999999998, True)), ((116, 442, 0.26244343891402716), (0.050000000000000003, True)), ((118, 442, 0.2669683257918552), (0.040000000000000001, True)), ((120, 442, 0.27149321266968324), (0.12, True)), ((121, 442, 0.27375565610859731), (0.11, True)), ((125, 442, 0.28280542986425339), (0.029999999999999999, True)), ((125, 442, 0.28280542986425339), (0.13, True)), ((126, 442, 0.28506787330316741), (0.16, True)), ((127, 442, 0.28733031674208143), (0.14999999999999999, True)), ((127, 442, 0.28733031674208143), (0.17000000000000001, True)), ((128, 442, 0.2895927601809955), (0.14000000000000001, True)), ((129, 442, 0.29185520361990952), (0.19, True)), ((130, 442, 0.29411764705882354), (0.17999999999999999, True)), ((130, 442, 0.29411764705882354), (0.20000000000000001, True)), ((133, 442, 0.3009049773755656), (0.02, True)), ((144, 442, 0.32579185520361992), (0.01, True)), ((168, 442, 0.38009049773755654), (0.0, True))]

BESTLEARNGEM=((120, 442, 0.27149321266968324), (2, 2, 0.5, True, True))
LISTLEARNGEM=[((120, 442, 0.27149321266968324), (2, 2, 0.5, True, True)), ((125, 442, 0.28280542986425339), (2, 2, 0.25, True, True)), ((127, 442, 0.28733031674208143), (2, 2, 0.125, True, True)), ((132, 442, 0.29864253393665158), (2, 2, 0.0625, True, True)), ((133, 442, 0.3009049773755656), (2, 2, 0.03125, True, True)), ((135, 442, 0.30542986425339369), (2, 2, 0.00390625, True, True)), ((135, 442, 0.30542986425339369), (2, 2, 0.0078125, True, True)), ((136, 442, 0.30769230769230771), (2, 2, 0.015625, True, True)), ((143, 442, 0.3235294117647059), (2, 2, 0, True, True)), ((164, 442, 0.37104072398190047), (1, 1, 0, True, True)), ((164, 442, 0.37104072398190047), (1, 1, 0.00390625, True, True)), ((164, 442, 0.37104072398190047), (1, 2, 0, True, True)), ((164, 442, 0.37104072398190047), (1, 2, 0.00390625, True, True)), ((166, 442, 0.3755656108597285), (1, 1, 0.0078125, True, True)), ((166, 442, 0.3755656108597285), (1, 1, 0.015625, True, True)), ((166, 442, 0.3755656108597285), (1, 2, 0.0078125, True, True)), ((166, 442, 0.3755656108597285), (1, 2, 0.015625, True, True)), ((174, 442, 0.39366515837104071), (1, 1, 0.03125, True, True)), ((174, 442, 0.39366515837104071), (1, 2, 0.03125, True, True)), ((179, 442, 0.40497737556561086), (1, 1, 0.0625, True, True)), ((179, 442, 0.40497737556561086), (1, 2, 0.0625, True, True)), ((186, 442, 0.42081447963800905), (1, 1, 0.125, True, True)), ((186, 442, 0.42081447963800905), (1, 2, 0.125, True, True)), ((197, 442, 0.44570135746606337), (1, 1, 0.25, True, True)), ((197, 442, 0.44570135746606337), (1, 2, 0.25, True, True)), ((203, 442, 0.45927601809954749), (2, 1, 0.5, True, True)), ((204, 442, 0.46153846153846156), (1, 1, 0.5, True, True)), ((204, 442, 0.46153846153846156), (1, 2, 0.5, True, True)), ((207, 442, 0.46832579185520362), (2, 1, 0.125, True, True)), ((208, 442, 0.47058823529411764), (2, 1, 0.25, True, True)), ((214, 442, 0.48416289592760181), (2, 1, 0.0625, True, True)), ((215, 442, 0.48642533936651583), (2, 1, 0.03125, True, True)), ((221, 442, 0.5), (2, 1, 0.015625, True, True)), ((227, 442, 0.51357466063348411), (2, 1, 0.0078125, True, True)), ((228, 442, 0.51583710407239824), (2, 1, 0.00390625, True, True)), ((239, 442, 0.54072398190045246), (2, 1, 0, True, True))]


# error rates for different distance measures
# (error, size, error/size) and binary mask
BESTLP=(165, 463, 0.35637149028077753)
LISTLP=[0, 0, 0, 1, 0, 1, 0, 1, 0, 0, 0, 1, 1, 1, 0, 1, 0, 0, 0, 1, 0, 1, 0, 0, 0, 0, 0, 1, 0, 1, 0, 0, 0, 0, 0, 0, 0, 0, 0, 0, 0, 0, 1, 0, 0, 1, 0, 0, 1, 1, 0, 0, 0, 0, 1, 0, 0, 0, 0, 1, 1, 0, 0, 1, 1, 0, 0, 0, 0, 0, 1, 0, 1, 0, 1, 0, 0, 0, 0, 0, 1, 1, 1, 1, 0, 1, 1, 1, 1, 0, 0, 1, 1, 0, 0, 0, 0, 0, 1, 0, 1, 0, 1, 0, 1, 1, 1, 1, 0, 1, 0, 0, 0, 0, 0, 0, 0, 1, 0, 0, 0, 0, 1, 0, 1, 0, 1, 1, 0, 0, 0, 0, 0, 0, 0, 0, 1, 0, 1, 1, 1, 1, 0, 0, 0, 0, 0, 1, 1, 0, 0, 0, 1, 0, 0, 0, 0, 1, 0, 1, 1, 0, 0, 0, 1, 0, 0, 0, 1, 0, 0, 0, 0, 0, 1, 1, 0, 1, 0, 0, 0, 1, 0, 0, 0, 0, 1, 0, 1, 0, 0, 1, 1, 0, 0, 0, 0, 0, 1, 0, 0, 0, 1, 0, 0, 0, 1, 0, 0, 0, 0, 0, 0, 0, 0, 0, 1, 1, 1, 0, 0, 0, 0, 0, 1, 0, 0, 1, 0, 1, 0, 0, 1, 0, 0, 1, 0, 0, 0, 0, 0, 0, 1, 1, 0, 0, 0, 0, 1, 0, 0, 0, 0, 1, 0, 0, 1, 0, 0, 0, 1, 1, 0, 0, 0, 1, 1, 1, 0, 1, 1, 0, 0, 1, 0, 0, 0, 1, 1, 1, 0, 0, 0, 0, 1, 1, 1, 1, 1, 1, 0, 0, 0, 1, 1, 0, 1, 0, 0, 0, 1, 0, 1, 1, 1, 0, 0, 0, 1, 1, 0, 0, 0, 0, 1, 0, 0, 0, 1, 1, 1, 1, 1, 0, 1, 0, 0, 0, 0, 1, 1, 0, 0, 0, 0, 0, 1, 0, 0, 1, 1, 0, 0, 0, 1, 0, 0, 1, 0, 0, 0, 0, 0, 0, 0, 1, 0, 1, 1, 1, 0, 0, 0, 1, 0, 0, 0, 1, 0, 0, 1, 1, 0, 1, 1, 0, 1, 0, 1, 0, 1, 1, 0, 1, 0, 0, 1, 0, 0, 0, 0, 0, 0, 0, 0, 1, 1, 1, 1, 1, 1, 1, 1, 0, 0, 0, 1, 0, 0, 0, 0, 0, 0, 0, 1, 0, 1, 0, 0, 1, 0, 1, 0, 1, 1, 0, 0, 0, 1, 0, 0, 0, 0, 0, 0, 0, 0, 0, 1, 0, 1, 0, 0, 1, 1, 0, 1, 0, 0, 1, 0, 0, 0, 1, 0, 0, 0, 0, 1, 0, 1, 0, 1]

BESTFULLDTW=(150, 463, 0.32397408207343414)
LISTFULLDTW=[0, 0, 0, 1, 0, 0, 0, 0, 0, 0, 0, 0, 1, 0, 0, 0, 0, 0, 0, 1, 0, 1, 0, 0, 0, 0, 0, 0, 0, 0, 1, 0, 1, 0, 1, 0, 1, 0, 1, 0, 1, 0, 1, 0, 0, 1, 1, 0, 1, 0, 0, 1, 0, 0, 1, 0, 0, 0, 0, 0, 0, 0, 0, 0, 1, 0, 0, 0, 1, 0, 0, 0, 0, 0, 0, 1, 1, 0, 0, 0, 1, 0, 0, 0, 1, 1, 1, 1, 1, 0, 0, 1, 0, 1, 0, 1, 0, 0, 1, 1, 0, 1, 0, 0, 0, 1, 1, 1, 0, 1, 0, 0, 0, 0, 0, 0, 0, 1, 1, 0, 0, 1, 1, 0, 0, 0, 0, 1, 0, 1, 0, 0, 0, 1, 0, 0, 0, 0, 1, 1, 0, 1, 1, 1, 0, 1, 0, 0, 0, 1, 0, 0, 1, 0, 0, 0, 0, 0, 0, 0, 0, 0, 1, 0, 1, 0, 0, 0, 1, 0, 0, 0, 0, 0, 1, 1, 0, 0, 1, 0, 0, 1, 0, 0, 0, 0, 1, 0, 0, 0, 0, 0, 0, 0, 0, 0, 1, 0, 1, 0, 0, 0, 1, 1, 0, 1, 1, 0, 0, 0, 1, 0, 0, 0, 0, 0, 0, 1, 0, 1, 1, 0, 0, 1, 0, 0, 1, 0, 0, 1, 0, 0, 1, 1, 0, 1, 1, 1, 0, 0, 0, 0, 1, 1, 0, 0, 0, 0, 0, 1, 0, 0, 0, 0, 0, 0, 1, 0, 0, 0, 1, 0, 0, 0, 0, 1, 0, 1, 0, 0, 1, 1, 0, 0, 0, 0, 1, 0, 1, 0, 0, 1, 0, 1, 0, 1, 0, 0, 1, 0, 0, 1, 0, 1, 1, 0, 1, 0, 0, 0, 1, 0, 0, 0, 1, 1, 0, 0, 1, 0, 0, 0, 0, 0, 0, 0, 0, 0, 1, 1, 1, 1, 1, 0, 1, 0, 0, 0, 0, 0, 1, 0, 0, 0, 0, 0, 0, 1, 0, 0, 1, 0, 0, 0, 0, 0, 0, 0, 0, 1, 0, 1, 0, 1, 0, 0, 0, 0, 1, 1, 1, 0, 0, 0, 0, 1, 0, 1, 0, 0, 0, 1, 0, 0, 1, 1, 1, 0, 0, 0, 1, 1, 1, 1, 1, 0, 1, 0, 0, 0, 0, 0, 0, 0, 0, 1, 0, 1, 0, 1, 0, 1, 1, 0, 0, 0, 0, 0, 0, 1, 0, 1, 0, 0, 1, 0, 0, 0, 0, 1, 0, 0, 0, 1, 0, 0, 0, 0, 1, 0, 0, 0, 1, 0, 0, 0, 1, 0, 1, 1, 1, 0, 1, 0, 0, 0, 1, 0, 0, 0, 0, 1, 1, 0, 0, 0, 0, 0, 1, 1, 0, 0, 1]

BESTCONSDTW=(109, 463, 0.23542116630669546)
LISTCONSDTW=[0, 0, 0, 1, 0, 0, 0, 0, 0, 0, 0, 0, 1, 0, 0, 0, 0, 0, 0, 1, 0, 1, 0, 0, 0, 0, 0, 0, 0, 0, 1, 0, 0, 0, 1, 0, 0, 0, 0, 0, 0, 0, 0, 0, 0, 1, 0, 0, 1, 0, 0, 1, 0, 0, 1, 0, 0, 0, 0, 0, 0, 0, 0, 0, 1, 0, 0, 0, 0, 0, 0, 0, 0, 0, 0, 0, 0, 0, 0, 0, 1, 0, 0, 0, 1, 1, 1, 1, 0, 0, 0, 1, 0, 1, 0, 1, 0, 0, 1, 0, 0, 0, 0, 0, 0, 1, 1, 1, 0, 1, 0, 0, 0, 0, 1, 0, 0, 1, 1, 0, 0, 0, 0, 0, 1, 0, 1, 0, 0, 1, 0, 0, 0, 0, 0, 0, 0, 0, 1, 1, 0, 1, 0, 1, 0, 0, 0, 0, 0, 1, 0, 0, 1, 0, 0, 0, 0, 0, 0, 0, 0, 0, 0, 0, 0, 0, 0, 0, 1, 0, 0, 0, 0, 0, 1, 1, 0, 0, 0, 0, 0, 0, 0, 0, 0, 0, 0, 0, 0, 0, 0, 0, 0, 0, 0, 0, 0, 0, 1, 0, 0, 0, 1, 1, 0, 1, 1, 0, 0, 0, 0, 0, 0, 0, 0, 0, 0, 1, 0, 1, 1, 0, 0, 1, 0, 0, 1, 0, 0, 1, 0, 0, 1, 0, 0, 1, 0, 0, 0, 0, 0, 0, 0, 1, 0, 0, 0, 0, 1, 1, 0, 0, 0, 0, 0, 0, 1, 1, 0, 0, 1, 0, 0, 0, 0, 1, 0, 1, 0, 0, 1, 1, 0, 0, 0, 0, 1, 0, 1, 0, 0, 0, 0, 0, 0, 1, 0, 0, 1, 0, 0, 0, 0, 1, 0, 0, 0, 0, 0, 0, 1, 0, 1, 1, 1, 1, 0, 0, 1, 0, 0, 0, 0, 0, 0, 0, 0, 0, 1, 0, 1, 1, 1, 0, 1, 0, 0, 0, 0, 0, 0, 0, 0, 0, 0, 1, 1, 1, 0, 0, 1, 0, 0, 0, 0, 0, 0, 0, 0, 1, 0, 0, 0, 0, 0, 0, 0, 0, 1, 1, 1, 0, 0, 0, 0, 0, 0, 1, 0, 0, 0, 1, 0, 0, 1, 0, 1, 0, 0, 0, 1, 1, 0, 0, 1, 0, 1, 0, 0, 0, 0, 0, 0, 0, 0, 1, 0, 0, 0, 0, 0, 1, 1, 0, 0, 0, 0, 0, 0, 1, 0, 0, 0, 0, 1, 0, 0, 0, 0, 1, 0, 0, 0, 0, 0, 0, 0, 1, 1, 0, 0, 0, 1, 0, 0, 0, 0, 0, 1, 0, 1, 0, 1, 0, 0, 0, 0, 0, 0, 0, 0, 1, 0, 0, 0, 0, 0, 0, 0, 1, 0, 0, 1]

BESTGEM=(125, 463, 0.26997840172786175)
LISTGEM=[0, 0, 1, 1, 0, 1, 0, 0, 0, 0, 0, 0, 1, 0, 0, 1, 0, 0, 0, 1, 0, 1, 0, 0, 0, 0, 0, 1, 0, 0, 1, 0, 0, 0, 0, 0, 0, 0, 1, 0, 1, 0, 1, 0, 0, 1, 0, 0, 1, 0, 0, 0, 0, 0, 1, 0, 0, 0, 0, 0, 0, 0, 0, 0, 0, 0, 0, 0, 0, 0, 1, 0, 1, 0, 0, 1, 0, 0, 0, 0, 1, 0, 0, 1, 1, 1, 1, 1, 1, 0, 0, 1, 0, 0, 1, 1, 0, 0, 1, 0, 0, 0, 0, 0, 1, 1, 1, 1, 0, 1, 0, 0, 0, 0, 1, 0, 0, 1, 0, 0, 0, 0, 1, 0, 0, 0, 0, 1, 1, 1, 0, 0, 1, 1, 0, 0, 0, 0, 0, 1, 1, 0, 1, 1, 0, 0, 0, 0, 0, 1, 0, 1, 0, 1, 0, 0, 0, 0, 1, 1, 0, 0, 0, 1, 0, 0, 0, 0, 1, 0, 1, 0, 0, 0, 1, 1, 0, 1, 0, 0, 0, 0, 0, 0, 0, 0, 1, 0, 0, 0, 0, 0, 0, 0, 0, 0, 1, 1, 1, 0, 0, 0, 0, 0, 0, 1, 1, 0, 0, 0, 0, 0, 0, 0, 0, 0, 1, 1, 0, 1, 1, 0, 0, 1, 0, 0, 1, 0, 0, 1, 0, 0, 1, 1, 0, 1, 0, 1, 0, 0, 0, 0, 1, 1, 0, 0, 0, 0, 1, 0, 0, 0, 0, 0, 0, 0, 1, 0, 0, 0, 1, 0, 0, 0, 0, 1, 1, 1, 0, 1, 0, 0, 0, 0, 0, 0, 1, 0, 1, 0, 0, 0, 0, 0, 1, 1, 0, 0, 0, 0, 0, 0, 1, 1, 1, 0, 0, 0, 1, 0, 1, 0, 1, 0, 1, 1, 0, 0, 0, 0, 0, 1, 0, 0, 0, 0, 0, 0, 1, 1, 0, 1, 1, 0, 1, 0, 0, 0, 0, 0, 0, 0, 0, 0, 0, 0, 1, 0, 0, 0, 0, 0, 0, 0, 0, 0, 0, 0, 0, 1, 0, 0, 0, 1, 0, 0, 0, 0, 1, 0, 0, 0, 0, 0, 0, 0, 0, 0, 0, 0, 0, 0, 0, 0, 0, 0, 0, 1, 0, 0, 0, 0, 0, 1, 0, 0, 1, 0, 1, 0, 0, 0, 0, 0, 0, 1, 1, 0, 0, 0, 0, 1, 0, 0, 0, 0, 0, 0, 0, 1, 0, 0, 1, 0, 0, 0, 0, 0, 0, 1, 0, 0, 0, 0, 1, 0, 0, 0, 0, 0, 0, 1, 0, 0, 1, 0, 0, 0, 1, 0, 1, 0, 0, 0, 0, 0, 1, 1, 0, 0, 0, 0, 0, 0, 0, 0, 0, 0, 1, 1, 0, 0, 1]

