# shuffled stratified split (indices referring to UCR database)
TESTINDEX=[ 82 137 239  24 140 206  56  22  23 165 240 122  76 286 303 103 298 314
 198 243 208  83 203 223  70  46 209 156 301 307 215  96 269 169 216 250
  26 211  57 176  54 113 119 265 125  90  52  65 131   6 182 128 304   0
 194  87  88  27  69 185 200 138 197 159 295 115  93  99 279 155   1 276
 102  67 173 118  12 254  40 191 264 280 306 259 123 261 244  91 205 255
  18 174  75 183  25  14 213 111  44 189  86 285  73  31 153 281  84  39
 144 168  45 309 167 246 146 163 166 199 252 282  43 236 291  97 290  15
 201 151 179 232 100 130 114 109 110 253 108 136 129 187 210  64 305 294
 214 160  71 275  98 226   5  16 233 251 229  38 219  34  35 308 162  62
 180 227 312 107 267 234   9 164 120  77 278 188  94  55  29 300  19  85
 132 321 248  37 266 257  28 190 222 178 161 288  11  47 150 184  10 237
 101 220   3 142 245 158 289   2  95  92 135  72 260 124 238  33 283 145
  53  17 296 195 152 256 268 242 320 212  78 181 148  79 172 287  61 157
  20  59 297 299 292 313 318 204  48  41 221 217 274  51  81  68  58 147
 263 170 218 231 319 230  66 270 193 207 171  80 284   8 317 272 175 228
 139 106  89 247  21 105 262 310  63 127 225 196  32 271 186 192 126  60
 311 112  36  30 235 154 133 116 258 315 121 149  13 177  49 202   4]
TRAININDEX=[241  74 316   7 302 249 293 104  42 224 134 273 143 117  50 277 141]

# learned parameters for cdtw and gem
# dtw ((error, size, error/size), (window, sqr))
# gem ((error, size, error/size), (St0, St1, E, sym, sqr))
BESTLEARNCONSDTW=((2, 17, 0.11764705882352941), (0.19, True))
LISTLEARNCONSDTW=[((2, 17, 0.11764705882352941), (0.13, True)), ((2, 17, 0.11764705882352941), (0.19, True)), ((2, 17, 0.11764705882352941), (0.20000000000000001, True)), ((3, 17, 0.17647058823529413), (0.0, True)), ((3, 17, 0.17647058823529413), (0.01, True)), ((3, 17, 0.17647058823529413), (0.02, True)), ((3, 17, 0.17647058823529413), (0.029999999999999999, True)), ((3, 17, 0.17647058823529413), (0.040000000000000001, True)), ((3, 17, 0.17647058823529413), (0.050000000000000003, True)), ((3, 17, 0.17647058823529413), (0.059999999999999998, True)), ((3, 17, 0.17647058823529413), (0.070000000000000007, True)), ((3, 17, 0.17647058823529413), (0.080000000000000002, True)), ((3, 17, 0.17647058823529413), (0.089999999999999997, True)), ((3, 17, 0.17647058823529413), (0.10000000000000001, True)), ((3, 17, 0.17647058823529413), (0.11, True)), ((3, 17, 0.17647058823529413), (0.12, True)), ((3, 17, 0.17647058823529413), (0.14000000000000001, True)), ((3, 17, 0.17647058823529413), (0.14999999999999999, True)), ((3, 17, 0.17647058823529413), (0.16, True)), ((3, 17, 0.17647058823529413), (0.17000000000000001, True)), ((3, 17, 0.17647058823529413), (0.17999999999999999, True))]

BESTLEARNGEM=((2, 17, 0.11764705882352941), (1, 2, 0.125, True, True))
LISTLEARNGEM=[((2, 17, 0.11764705882352941), (1, 1, 0, True, True)), ((2, 17, 0.11764705882352941), (1, 1, 0.00390625, True, True)), ((2, 17, 0.11764705882352941), (1, 1, 0.0078125, True, True)), ((2, 17, 0.11764705882352941), (1, 1, 0.125, True, True)), ((2, 17, 0.11764705882352941), (1, 1, 0.25, True, True)), ((2, 17, 0.11764705882352941), (1, 1, 0.5, True, True)), ((2, 17, 0.11764705882352941), (1, 2, 0, True, True)), ((2, 17, 0.11764705882352941), (1, 2, 0.00390625, True, True)), ((2, 17, 0.11764705882352941), (1, 2, 0.0078125, True, True)), ((2, 17, 0.11764705882352941), (1, 2, 0.125, True, True)), ((2, 17, 0.11764705882352941), (1, 2, 0.25, True, True)), ((2, 17, 0.11764705882352941), (1, 2, 0.5, True, True)), ((2, 17, 0.11764705882352941), (2, 1, 0.5, True, True)), ((2, 17, 0.11764705882352941), (2, 2, 0.25, True, True)), ((2, 17, 0.11764705882352941), (2, 2, 0.5, True, True)), ((3, 17, 0.17647058823529413), (1, 1, 0.015625, True, True)), ((3, 17, 0.17647058823529413), (1, 1, 0.03125, True, True)), ((3, 17, 0.17647058823529413), (1, 1, 0.0625, True, True)), ((3, 17, 0.17647058823529413), (1, 2, 0.015625, True, True)), ((3, 17, 0.17647058823529413), (1, 2, 0.03125, True, True)), ((3, 17, 0.17647058823529413), (1, 2, 0.0625, True, True)), ((3, 17, 0.17647058823529413), (2, 1, 0, True, True)), ((3, 17, 0.17647058823529413), (2, 1, 0.00390625, True, True)), ((3, 17, 0.17647058823529413), (2, 1, 0.0078125, True, True)), ((3, 17, 0.17647058823529413), (2, 1, 0.015625, True, True)), ((3, 17, 0.17647058823529413), (2, 1, 0.03125, True, True)), ((3, 17, 0.17647058823529413), (2, 1, 0.0625, True, True)), ((3, 17, 0.17647058823529413), (2, 1, 0.125, True, True)), ((3, 17, 0.17647058823529413), (2, 1, 0.25, True, True)), ((3, 17, 0.17647058823529413), (2, 2, 0.0625, True, True)), ((4, 17, 0.23529411764705882), (2, 2, 0.125, True, True)), ((7, 17, 0.4117647058823529), (2, 2, 0.015625, True, True)), ((7, 17, 0.4117647058823529), (2, 2, 0.03125, True, True)), ((9, 17, 0.5294117647058824), (2, 2, 0.00390625, True, True)), ((9, 17, 0.5294117647058824), (2, 2, 0.0078125, True, True)), ((10, 17, 0.5882352941176471), (2, 2, 0, True, True))]


# error rates for different distance measures
# (error, size, error/size) and binary mask
BESTLP=(3, 305, 0.009836065573770493)
LISTLP=[0, 0, 0, 0, 0, 0, 0, 0, 0, 0, 0, 0, 0, 0, 0, 0, 0, 0, 0, 0, 0, 0, 0, 0, 0, 0, 0, 0, 0, 0, 0, 0, 0, 0, 1, 0, 0, 0, 0, 0, 0, 0, 0, 0, 0, 0, 0, 0, 0, 0, 0, 0, 0, 0, 0, 0, 0, 0, 0, 0, 0, 0, 0, 0, 0, 0, 0, 0, 0, 0, 0, 0, 0, 0, 0, 0, 0, 0, 0, 0, 0, 0, 0, 0, 0, 0, 0, 0, 0, 0, 0, 0, 0, 0, 0, 0, 0, 0, 0, 0, 0, 0, 0, 0, 0, 0, 0, 0, 0, 0, 0, 0, 0, 0, 0, 0, 0, 0, 0, 0, 0, 0, 0, 0, 0, 0, 0, 0, 0, 0, 0, 0, 0, 0, 0, 0, 0, 0, 0, 0, 0, 0, 0, 0, 0, 0, 0, 0, 0, 0, 0, 0, 0, 0, 0, 0, 0, 0, 0, 0, 0, 0, 0, 0, 0, 0, 0, 0, 0, 0, 0, 0, 0, 0, 0, 0, 0, 0, 0, 0, 0, 0, 0, 0, 0, 0, 0, 0, 0, 0, 0, 0, 0, 1, 0, 0, 0, 0, 0, 0, 0, 0, 0, 0, 0, 0, 0, 0, 1, 0, 0, 0, 0, 0, 0, 0, 0, 0, 0, 0, 0, 0, 0, 0, 0, 0, 0, 0, 0, 0, 0, 0, 0, 0, 0, 0, 0, 0, 0, 0, 0, 0, 0, 0, 0, 0, 0, 0, 0, 0, 0, 0, 0, 0, 0, 0, 0, 0, 0, 0, 0, 0, 0, 0, 0, 0, 0, 0, 0, 0, 0, 0, 0, 0, 0, 0, 0, 0, 0, 0, 0, 0, 0, 0, 0, 0, 0, 0, 0, 0, 0, 0, 0, 0, 0, 0, 0, 0, 0, 0, 0, 0, 0, 0, 0]

BESTFULLDTW=(3, 305, 0.009836065573770493)
LISTFULLDTW=[0, 0, 0, 0, 0, 0, 0, 0, 0, 0, 0, 0, 0, 0, 0, 0, 0, 0, 0, 0, 0, 0, 0, 0, 0, 0, 0, 0, 0, 0, 0, 0, 0, 0, 1, 0, 0, 0, 0, 0, 0, 0, 0, 0, 0, 0, 0, 0, 0, 0, 0, 0, 0, 0, 0, 0, 0, 0, 0, 0, 0, 0, 0, 0, 0, 0, 0, 0, 0, 0, 0, 0, 0, 0, 0, 0, 0, 0, 0, 0, 0, 0, 0, 0, 0, 0, 0, 0, 0, 0, 0, 0, 0, 0, 0, 0, 0, 0, 0, 0, 0, 0, 0, 0, 0, 0, 0, 0, 0, 0, 0, 0, 0, 0, 0, 0, 0, 0, 0, 0, 0, 0, 0, 0, 0, 0, 0, 0, 0, 0, 0, 0, 0, 0, 0, 0, 0, 0, 0, 0, 0, 0, 0, 0, 0, 0, 0, 0, 0, 0, 0, 0, 0, 0, 0, 0, 0, 0, 0, 0, 0, 0, 0, 0, 0, 0, 1, 0, 0, 0, 0, 0, 0, 0, 0, 0, 0, 0, 0, 0, 0, 0, 0, 0, 0, 0, 0, 0, 0, 0, 0, 0, 0, 0, 0, 0, 0, 0, 0, 0, 0, 0, 0, 0, 0, 0, 0, 0, 1, 0, 0, 0, 0, 0, 0, 0, 0, 0, 0, 0, 0, 0, 0, 0, 0, 0, 0, 0, 0, 0, 0, 0, 0, 0, 0, 0, 0, 0, 0, 0, 0, 0, 0, 0, 0, 0, 0, 0, 0, 0, 0, 0, 0, 0, 0, 0, 0, 0, 0, 0, 0, 0, 0, 0, 0, 0, 0, 0, 0, 0, 0, 0, 0, 0, 0, 0, 0, 0, 0, 0, 0, 0, 0, 0, 0, 0, 0, 0, 0, 0, 0, 0, 0, 0, 0, 0, 0, 0, 0, 0, 0, 0, 0, 0, 0]

BESTCONSDTW=(3, 305, 0.009836065573770493)
LISTCONSDTW=[0, 0, 0, 0, 0, 0, 0, 0, 0, 0, 0, 0, 0, 0, 0, 0, 0, 0, 0, 0, 0, 0, 0, 0, 0, 0, 0, 0, 0, 0, 0, 0, 0, 0, 1, 0, 0, 0, 0, 0, 0, 0, 0, 0, 0, 0, 0, 0, 0, 0, 0, 0, 0, 0, 0, 0, 0, 0, 0, 0, 0, 0, 0, 0, 0, 0, 0, 0, 0, 0, 0, 0, 0, 0, 0, 0, 0, 0, 0, 0, 0, 0, 0, 0, 0, 0, 0, 0, 0, 0, 0, 0, 0, 0, 0, 0, 0, 0, 0, 0, 0, 0, 0, 0, 0, 0, 0, 0, 0, 0, 0, 0, 0, 0, 0, 0, 0, 0, 0, 0, 0, 0, 0, 0, 0, 0, 0, 0, 0, 0, 0, 0, 0, 0, 0, 0, 0, 0, 0, 0, 0, 0, 0, 0, 0, 0, 0, 0, 0, 0, 0, 0, 0, 0, 0, 0, 0, 0, 0, 0, 0, 0, 0, 0, 0, 0, 1, 0, 0, 0, 0, 0, 0, 0, 0, 0, 0, 0, 0, 0, 0, 0, 0, 0, 0, 0, 0, 0, 0, 0, 0, 0, 0, 0, 0, 0, 0, 0, 0, 0, 0, 0, 0, 0, 0, 0, 0, 0, 1, 0, 0, 0, 0, 0, 0, 0, 0, 0, 0, 0, 0, 0, 0, 0, 0, 0, 0, 0, 0, 0, 0, 0, 0, 0, 0, 0, 0, 0, 0, 0, 0, 0, 0, 0, 0, 0, 0, 0, 0, 0, 0, 0, 0, 0, 0, 0, 0, 0, 0, 0, 0, 0, 0, 0, 0, 0, 0, 0, 0, 0, 0, 0, 0, 0, 0, 0, 0, 0, 0, 0, 0, 0, 0, 0, 0, 0, 0, 0, 0, 0, 0, 0, 0, 0, 0, 0, 0, 0, 0, 0, 0, 0, 0, 0, 0]

BESTGEM=(3, 305, 0.009836065573770493)
LISTGEM=[0, 0, 0, 0, 0, 0, 0, 0, 0, 0, 0, 0, 0, 0, 0, 0, 0, 0, 0, 0, 0, 0, 0, 0, 0, 0, 0, 0, 0, 0, 0, 0, 0, 0, 0, 0, 0, 0, 0, 0, 0, 0, 0, 0, 0, 0, 0, 0, 0, 0, 0, 0, 0, 0, 0, 0, 0, 0, 0, 0, 0, 0, 0, 0, 0, 0, 0, 0, 0, 0, 0, 0, 0, 0, 0, 0, 0, 0, 0, 0, 0, 0, 0, 0, 0, 0, 0, 0, 0, 0, 0, 0, 0, 0, 0, 0, 0, 0, 0, 0, 0, 0, 0, 0, 0, 0, 0, 0, 0, 0, 0, 0, 0, 0, 0, 0, 0, 0, 0, 0, 0, 0, 0, 0, 0, 0, 0, 0, 0, 0, 0, 0, 0, 0, 0, 0, 0, 0, 0, 0, 0, 0, 0, 0, 0, 0, 0, 0, 0, 0, 0, 0, 0, 0, 0, 0, 0, 0, 0, 0, 0, 0, 0, 0, 0, 0, 1, 0, 0, 0, 0, 0, 0, 0, 0, 0, 0, 0, 0, 0, 0, 0, 0, 0, 0, 0, 0, 0, 0, 0, 0, 0, 0, 1, 0, 0, 0, 0, 0, 0, 0, 0, 0, 0, 0, 0, 0, 0, 1, 0, 0, 0, 0, 0, 0, 0, 0, 0, 0, 0, 0, 0, 0, 0, 0, 0, 0, 0, 0, 0, 0, 0, 0, 0, 0, 0, 0, 0, 0, 0, 0, 0, 0, 0, 0, 0, 0, 0, 0, 0, 0, 0, 0, 0, 0, 0, 0, 0, 0, 0, 0, 0, 0, 0, 0, 0, 0, 0, 0, 0, 0, 0, 0, 0, 0, 0, 0, 0, 0, 0, 0, 0, 0, 0, 0, 0, 0, 0, 0, 0, 0, 0, 0, 0, 0, 0, 0, 0, 0, 0, 0, 0, 0, 0, 0]

