# shuffled stratified split (indices referring to UCR database)
TESTINDEX=[652 255 483 593 130 109 676 234 625 413 356 584 515 245 649  19 493 209
 693 147 375 178 270 780 777 381 638 252 694 377 765 703 168 757 643 508
 112 420 153  45 504  92 424 100 702 738  49 364 541 190 673 713 140 272
 207 106 557 249 778 142 320 677 734  83 575  41 382 269 303  84 565 350
  17  78 239 259  46 425 139 452 665 143 550  56 655  91 467 482 600 449
 297 170 210 735 278 712  87  36 474 664 619  63 230 559 161 613 537  25
  10 731 473 431 322 177 500 162 423 273 626 240 603 435 728 739 605 446
   3 429  11 658 514 544  67 200 560 101 235 608 376 179 107  32  80 564
 594 225 135 314 647 642 769 578 711 331 357  37  98 648 570 577 660 201
 227 441 214 675 458 546 117 466  53 386 692 370 586 669 464 561 383 133
 672 671 363 121 771 732 354 760 281 668 451 286 558 663 684 519 430  43
 591 295  61 216 705 123   5 742 129  81   0 552 233 104  94 502 563 184
 518 204 351 119 597  59 695 589 679 526 203 308 525 344 460  60  55 551
 108 736 691 392 592  75 347 187 349 402 380 499 188 576 517  18 568 186
 242 554 301 287 213 433 192 405 246 666 469 490 491 610 636 169 573 709
 116 556 237 686 510 277 399 111 465 311 285 156 212  13 199  28 174 337
 437  96 194 509 687 582 414 401 462 733 228 417 276 205 406  77 151 770
 421 438 358 628 327   1 412 374 410 369 737 718 389 764  31 527 747   8
   9 454 633 373 403 707 630 251  85 388 495 754 484 653 631  21 670 132
 310 265 596 618  51 138 520 336 110 486 645 266 706  52 146 247 690 193
 313 532 480 343 746 122 368 315 160 291 720 191 335  29 572 494 419 587
 539  88 567 661 511 215 196 253 182 481 175  62 144  20 748 254]
TRAININDEX=[547 662 126 682 304 411 222 155 725 489 637 223 439  95 360 396 258 323
 372 442 450 395  57 715 528 696 534 128 171 219 617 300 330 426 353 231
 226 279 456 148 751 476 217 461  64 506  86 583 221 479 581 595 120  69
 448  24 124 115 397  97 553 774 579 292 365 288 697 445 724 197 753 298
 646 727 345 371  16 548 478  99 173 113   7 470 762 328 428 306 250 333
  48 512 136 260 463 185 102 656 730 535 487  58 299 332 629  47 632 391
 134 236 609  70 404 348 749 654 321 346 588 127 585  38 513 359 602 141
 352 657 523 181 722 471 752   4 189 244 362 536 387 698 743 763 165 726
 267 622 105 766 503 443 361 325 530 218  14 612 498 408 198 624 118  89
 149 415  22 710 338 542 701 440 759 294 719 745 183 125 166 319  74  72
 309 678 150 545 768 744 772 601 758 615 261 427 341 159 708  93 522 312
 767  23 283 393 634 378 163  12 688 627 540 590 566 202 385 574 667 400
 598 543 208 640 284  65 680  68 689 390 316   6 740 549 505 683 409 416
 176 334 280 229 750 137 444 621 555 497 317 355 238  42   2 384 220 103
 729 569 324 659 488 167  79 302 650 305 271 257  54  44  33 289 275 329
 180 723 756 685 394 157 434  82 651 468 524 307 635 457 761 644 293 418
  39 507  76 741 681 614  30 154 274 616 268 340 599 152 453 158 459 422
 571  71 611 501 714 580 492 776 172 447 206 779  26  73 164 432 674 639
  50 521 195  27 248 641 232 775 773  66 623 366 407 145 263 398 538 282
 318 717 607 721 211 477 296  35  90 262 241 224 496 529 379 606 475 704
 367 604 699 562 131 755 326 716 114 455 620 256 243 533 342 531  40 485
 700 436  34 516 339  15 264 290 472]

# learned parameters for cdtw and gem
# dtw ((error, size, error/size), (window, sqr))
# gem ((error, size, error/size), (St0, St1, E, sym, sqr))
BESTLEARNCONSDTW=((150, 387, 0.38759689922480622), (0.01, True))
LISTLEARNCONSDTW=[((150, 387, 0.38759689922480622), (0.0, True)), ((150, 387, 0.38759689922480622), (0.01, True)), ((156, 387, 0.40310077519379844), (0.029999999999999999, True)), ((156, 387, 0.40310077519379844), (0.040000000000000001, True)), ((156, 387, 0.40310077519379844), (0.050000000000000003, True)), ((158, 387, 0.40826873385012918), (0.02, True)), ((158, 387, 0.40826873385012918), (0.059999999999999998, True)), ((158, 387, 0.40826873385012918), (0.070000000000000007, True)), ((158, 387, 0.40826873385012918), (0.080000000000000002, True)), ((158, 387, 0.40826873385012918), (0.089999999999999997, True)), ((158, 387, 0.40826873385012918), (0.10000000000000001, True)), ((158, 387, 0.40826873385012918), (0.11, True)), ((158, 387, 0.40826873385012918), (0.12, True)), ((158, 387, 0.40826873385012918), (0.13, True)), ((158, 387, 0.40826873385012918), (0.14000000000000001, True)), ((158, 387, 0.40826873385012918), (0.14999999999999999, True)), ((158, 387, 0.40826873385012918), (0.16, True)), ((158, 387, 0.40826873385012918), (0.17000000000000001, True)), ((158, 387, 0.40826873385012918), (0.17999999999999999, True)), ((158, 387, 0.40826873385012918), (0.19, True)), ((158, 387, 0.40826873385012918), (0.20000000000000001, True))]

BESTLEARNGEM=((119, 387, 0.30749354005167956), (1, 2, 0.25, True, True))
LISTLEARNGEM=[((119, 387, 0.30749354005167956), (1, 1, 0.25, True, True)), ((119, 387, 0.30749354005167956), (1, 2, 0.25, True, True)), ((125, 387, 0.32299741602067183), (2, 1, 0.125, True, True)), ((127, 387, 0.32816537467700257), (1, 1, 0.125, True, True)), ((127, 387, 0.32816537467700257), (1, 2, 0.125, True, True)), ((129, 387, 0.33333333333333331), (1, 1, 0.0625, True, True)), ((129, 387, 0.33333333333333331), (1, 2, 0.0625, True, True)), ((131, 387, 0.33850129198966411), (1, 1, 0.5, True, True)), ((131, 387, 0.33850129198966411), (1, 2, 0.5, True, True)), ((131, 387, 0.33850129198966411), (2, 1, 0.25, True, True)), ((132, 387, 0.34108527131782945), (1, 1, 0.03125, True, True)), ((132, 387, 0.34108527131782945), (1, 2, 0.03125, True, True)), ((132, 387, 0.34108527131782945), (2, 1, 0.0625, True, True)), ((136, 387, 0.35142118863049093), (2, 1, 0.03125, True, True)), ((138, 387, 0.35658914728682173), (1, 1, 0.015625, True, True)), ((138, 387, 0.35658914728682173), (1, 2, 0.015625, True, True)), ((139, 387, 0.35917312661498707), (2, 1, 0.5, True, True)), ((141, 387, 0.36434108527131781), (2, 2, 0.25, True, True)), ((143, 387, 0.36950904392764861), (1, 1, 0.0078125, True, True)), ((143, 387, 0.36950904392764861), (1, 2, 0.0078125, True, True)), ((144, 387, 0.37209302325581395), (2, 1, 0.015625, True, True)), ((149, 387, 0.38501291989664083), (2, 2, 0.125, True, True)), ((150, 387, 0.38759689922480622), (2, 1, 0.0078125, True, True)), ((151, 387, 0.39018087855297157), (1, 1, 0.00390625, True, True)), ((151, 387, 0.39018087855297157), (1, 2, 0.00390625, True, True)), ((153, 387, 0.39534883720930231), (2, 2, 0.5, True, True)), ((154, 387, 0.3979328165374677), (1, 1, 0, True, True)), ((154, 387, 0.3979328165374677), (1, 2, 0, True, True)), ((160, 387, 0.41343669250645992), (2, 1, 0.00390625, True, True)), ((166, 387, 0.4289405684754522), (2, 1, 0, True, True)), ((173, 387, 0.44702842377260982), (2, 2, 0.0625, True, True)), ((196, 387, 0.50645994832041341), (2, 2, 0.03125, True, True)), ((208, 387, 0.53746770025839796), (2, 2, 0.015625, True, True)), ((217, 387, 0.56072351421188626), (2, 2, 0.0078125, True, True)), ((225, 387, 0.58139534883720934), (2, 2, 0.00390625, True, True)), ((235, 387, 0.60723514211886309), (2, 2, 0, True, True))]


# error rates for different distance measures
# (error, size, error/size) and binary mask
BESTLP=(142, 394, 0.3604060913705584)
LISTLP=[0, 0, 0, 0, 1, 0, 1, 0, 0, 0, 1, 1, 0, 0, 0, 0, 1, 0, 1, 1, 1, 0, 1, 0, 0, 1, 0, 0, 0, 0, 0, 0, 0, 0, 1, 1, 1, 1, 0, 0, 0, 0, 0, 1, 0, 0, 0, 1, 0, 1, 0, 0, 0, 0, 1, 1, 0, 1, 1, 1, 1, 0, 0, 0, 0, 1, 0, 1, 1, 0, 0, 0, 0, 0, 1, 0, 0, 1, 0, 1, 0, 0, 1, 0, 1, 0, 0, 0, 0, 0, 1, 1, 1, 0, 1, 1, 0, 1, 0, 1, 0, 0, 0, 0, 1, 0, 0, 0, 0, 0, 0, 0, 1, 1, 1, 0, 0, 0, 0, 1, 0, 1, 0, 0, 1, 1, 0, 1, 0, 0, 0, 0, 1, 0, 1, 1, 1, 0, 0, 0, 0, 1, 1, 0, 0, 0, 0, 1, 1, 0, 0, 0, 1, 0, 1, 1, 0, 0, 0, 0, 0, 0, 1, 1, 1, 0, 1, 0, 0, 0, 0, 0, 0, 0, 0, 0, 1, 0, 1, 0, 0, 0, 1, 0, 0, 0, 0, 1, 0, 0, 1, 0, 1, 0, 0, 1, 0, 1, 0, 1, 0, 0, 0, 1, 0, 0, 0, 1, 1, 0, 1, 0, 0, 0, 1, 0, 0, 0, 0, 0, 1, 1, 0, 0, 0, 0, 0, 0, 1, 1, 0, 0, 0, 0, 1, 0, 0, 1, 0, 0, 1, 1, 0, 1, 0, 0, 0, 1, 0, 1, 0, 0, 0, 0, 1, 0, 0, 0, 1, 0, 0, 1, 0, 0, 0, 0, 1, 1, 1, 0, 1, 0, 0, 1, 0, 1, 0, 0, 0, 0, 1, 1, 0, 1, 1, 0, 0, 1, 1, 1, 0, 1, 0, 0, 0, 0, 0, 0, 0, 0, 0, 1, 1, 1, 0, 0, 1, 0, 0, 0, 0, 0, 0, 0, 1, 0, 1, 0, 0, 0, 1, 0, 0, 1, 0, 1, 1, 0, 1, 0, 0, 0, 0, 1, 0, 0, 0, 1, 1, 0, 0, 0, 0, 0, 1, 1, 0, 1, 1, 1, 1, 1, 0, 0, 1, 0, 0, 0, 1, 1, 0, 0, 0, 0, 1, 1, 1, 1, 1, 0, 1, 0, 0, 0, 0, 1, 0, 0, 0, 1, 1, 0, 0, 1, 0, 1, 0, 1, 0, 0, 0, 1, 1, 0]

BESTFULLDTW=(150, 394, 0.38071065989847713)
LISTFULLDTW=[0, 0, 0, 0, 1, 1, 1, 0, 0, 0, 1, 1, 0, 0, 0, 1, 1, 0, 1, 1, 0, 1, 1, 0, 0, 1, 0, 0, 0, 1, 1, 0, 0, 1, 1, 0, 0, 1, 0, 0, 0, 0, 0, 1, 0, 0, 0, 1, 0, 1, 0, 0, 0, 0, 1, 1, 0, 1, 1, 1, 1, 0, 0, 0, 0, 0, 0, 1, 0, 0, 0, 0, 1, 0, 0, 0, 0, 1, 0, 0, 0, 0, 1, 0, 1, 0, 1, 0, 0, 0, 1, 1, 1, 0, 0, 1, 0, 0, 0, 1, 0, 1, 0, 1, 1, 0, 1, 0, 0, 0, 0, 0, 0, 0, 1, 0, 0, 0, 0, 0, 0, 1, 0, 0, 1, 0, 0, 0, 1, 0, 0, 0, 1, 0, 1, 1, 1, 0, 0, 0, 0, 1, 1, 0, 1, 0, 0, 1, 0, 1, 0, 0, 1, 0, 0, 0, 0, 0, 0, 0, 1, 0, 1, 0, 1, 1, 1, 0, 0, 0, 1, 0, 1, 0, 0, 0, 1, 0, 1, 0, 0, 0, 1, 0, 0, 0, 0, 1, 0, 0, 0, 0, 1, 0, 0, 1, 1, 1, 0, 1, 0, 0, 0, 1, 1, 1, 0, 1, 0, 0, 1, 0, 0, 0, 1, 0, 1, 0, 1, 0, 1, 0, 1, 0, 0, 0, 0, 0, 1, 1, 0, 1, 0, 0, 1, 0, 1, 1, 0, 0, 0, 1, 0, 1, 0, 1, 0, 1, 0, 1, 0, 1, 0, 0, 0, 0, 0, 0, 1, 0, 1, 1, 0, 0, 0, 0, 1, 1, 1, 1, 1, 0, 0, 1, 1, 1, 1, 0, 0, 0, 1, 0, 0, 1, 1, 0, 0, 1, 1, 1, 0, 1, 1, 0, 0, 1, 0, 0, 0, 0, 0, 0, 1, 1, 0, 1, 1, 0, 0, 0, 0, 0, 0, 0, 1, 0, 1, 0, 0, 0, 1, 0, 1, 1, 0, 1, 1, 0, 0, 0, 1, 0, 0, 1, 0, 0, 0, 1, 1, 0, 0, 0, 0, 0, 0, 1, 0, 1, 0, 0, 0, 1, 0, 0, 0, 0, 0, 0, 1, 0, 0, 1, 1, 0, 1, 1, 1, 1, 1, 0, 1, 0, 0, 1, 0, 1, 0, 0, 0, 1, 1, 0, 0, 1, 0, 1, 0, 1, 0, 0, 0, 1, 1, 0]

BESTCONSDTW=(146, 394, 0.37055837563451777)
LISTCONSDTW=[0, 0, 0, 0, 1, 1, 1, 0, 0, 0, 1, 1, 0, 0, 0, 1, 1, 0, 1, 1, 1, 1, 0, 0, 0, 1, 0, 0, 0, 1, 1, 0, 0, 1, 1, 0, 1, 1, 0, 0, 0, 1, 0, 0, 0, 0, 0, 1, 0, 1, 0, 0, 0, 0, 1, 1, 0, 1, 1, 1, 1, 0, 0, 0, 0, 0, 0, 1, 0, 0, 0, 0, 1, 0, 0, 0, 0, 1, 0, 0, 0, 0, 1, 0, 1, 0, 1, 0, 0, 0, 1, 1, 1, 0, 0, 1, 0, 0, 0, 1, 0, 1, 0, 0, 0, 0, 0, 0, 0, 0, 0, 0, 0, 0, 1, 0, 0, 0, 0, 0, 0, 1, 0, 0, 1, 0, 0, 0, 0, 0, 0, 0, 1, 0, 1, 1, 1, 0, 0, 0, 0, 1, 1, 0, 1, 0, 0, 1, 1, 1, 0, 0, 1, 0, 0, 0, 0, 0, 0, 0, 1, 0, 1, 0, 1, 0, 1, 0, 0, 0, 1, 0, 0, 0, 0, 0, 1, 0, 1, 0, 0, 0, 1, 0, 0, 0, 0, 1, 0, 0, 0, 0, 1, 0, 0, 1, 1, 1, 0, 1, 0, 0, 0, 1, 1, 1, 0, 1, 0, 0, 1, 0, 0, 0, 1, 0, 1, 0, 1, 0, 1, 0, 1, 0, 0, 0, 0, 0, 1, 1, 0, 1, 0, 0, 1, 0, 1, 1, 0, 0, 0, 1, 0, 1, 0, 0, 0, 1, 0, 1, 0, 1, 0, 0, 0, 0, 0, 0, 1, 0, 1, 1, 0, 0, 0, 0, 1, 1, 1, 1, 1, 0, 0, 1, 1, 1, 1, 0, 0, 0, 1, 0, 0, 1, 1, 0, 0, 1, 1, 1, 0, 1, 1, 0, 0, 1, 0, 0, 0, 0, 0, 0, 1, 1, 0, 1, 1, 0, 0, 0, 0, 0, 0, 0, 1, 0, 1, 0, 0, 0, 1, 0, 1, 1, 0, 1, 1, 0, 0, 0, 1, 0, 0, 1, 0, 0, 0, 1, 1, 0, 0, 0, 0, 0, 1, 1, 0, 1, 0, 0, 0, 1, 0, 0, 0, 0, 0, 0, 1, 0, 0, 1, 1, 0, 1, 1, 1, 1, 1, 0, 1, 0, 0, 1, 0, 1, 0, 0, 0, 1, 1, 0, 0, 1, 0, 1, 0, 1, 0, 0, 0, 1, 1, 0]

BESTGEM=(124, 394, 0.31472081218274112)
LISTGEM=[0, 0, 0, 0, 0, 0, 0, 0, 0, 0, 0, 1, 0, 0, 0, 0, 1, 0, 1, 1, 0, 0, 0, 0, 0, 1, 0, 0, 0, 0, 0, 0, 0, 0, 1, 0, 1, 1, 0, 0, 0, 0, 0, 1, 0, 0, 0, 1, 0, 1, 0, 0, 0, 0, 1, 1, 0, 1, 1, 0, 1, 0, 0, 0, 0, 0, 0, 1, 0, 0, 0, 1, 0, 0, 0, 0, 0, 1, 0, 1, 0, 0, 1, 0, 1, 0, 0, 0, 0, 0, 1, 0, 1, 0, 1, 0, 0, 1, 0, 1, 0, 0, 0, 0, 0, 0, 0, 0, 0, 0, 1, 0, 1, 0, 1, 0, 0, 0, 0, 1, 0, 1, 1, 0, 0, 1, 0, 1, 0, 0, 0, 0, 0, 0, 1, 1, 1, 0, 0, 0, 0, 0, 1, 0, 0, 0, 0, 1, 0, 0, 0, 0, 1, 0, 1, 0, 1, 0, 0, 0, 0, 0, 1, 0, 0, 0, 1, 0, 0, 0, 0, 0, 0, 0, 0, 1, 1, 0, 1, 0, 0, 0, 1, 1, 0, 0, 0, 1, 0, 1, 0, 0, 1, 0, 0, 0, 0, 1, 0, 1, 0, 0, 0, 1, 1, 0, 0, 1, 1, 0, 1, 0, 0, 0, 1, 1, 0, 0, 0, 0, 1, 0, 0, 0, 0, 0, 0, 0, 1, 1, 0, 1, 0, 0, 1, 0, 1, 1, 0, 0, 1, 1, 0, 1, 1, 0, 0, 1, 1, 0, 0, 0, 0, 0, 0, 0, 0, 0, 1, 0, 0, 1, 0, 0, 1, 0, 1, 1, 1, 0, 1, 0, 0, 1, 0, 0, 0, 0, 0, 0, 1, 0, 0, 1, 1, 0, 0, 1, 1, 1, 0, 1, 0, 0, 0, 0, 0, 0, 0, 0, 0, 1, 1, 0, 0, 1, 1, 0, 0, 0, 0, 0, 0, 0, 1, 0, 1, 0, 0, 0, 0, 0, 0, 1, 0, 1, 1, 0, 0, 0, 1, 0, 0, 1, 0, 0, 0, 1, 1, 0, 0, 0, 0, 0, 1, 1, 0, 1, 1, 1, 1, 1, 0, 0, 1, 0, 0, 0, 0, 1, 0, 0, 1, 0, 1, 1, 1, 0, 1, 0, 1, 0, 0, 0, 0, 1, 0, 0, 0, 0, 1, 0, 0, 1, 0, 1, 0, 0, 0, 0, 0, 1, 1, 0]

