# shuffled stratified split (indices referring to UCR database)
TESTINDEX=[138 164 163 131 180   6  33 187 158  94 196 150  24 177  86  11  51  14
  28 127  85 144 173  13   5 174 145  42  77  72  83  40  47 123 167  22
 189 182   8 126  38  43  55  29  18 140 113 162  81  61 100 136 169 143
  80  48 141  31 188  23 176  41 160  66 166 156  96 199 195 105  12  37
 157 149  98 172 151   3  50 111  10 133  99   7  93  59 132   1  91 183
  25  90 110  71 121  49 152 142 170 115 112 175  15   2  70  75 114  46
  89 146  20  58  19  21  92 117 135 191 120 179  56 102  39 108 124 185
 178 139  82 118  73 186 159 165 153 184 104 116 194 137  60  26 107  17
 155  30  67 197 103   9]
TRAININDEX=[ 95  76  65 148 171  54 128 125  27  87  35 147 181 129 130  62  52 109
   4 198  36  53  57 106 154  68 122  78  44  16  97 193  79  45  84  64
  34  74 101  63 168 192 161  88   0 119 190  69  32 134]

# learned parameters for cdtw and gem
# dtw ((error, size, error/size), (window, sqr))
# gem ((error, size, error/size), (St0, St1, E, sym, sqr))
BESTLEARNCONSDTW=((1, 50, 0.02), (0.059999999999999998, True))
LISTLEARNCONSDTW=[((1, 50, 0.02), (0.040000000000000001, True)), ((1, 50, 0.02), (0.050000000000000003, True)), ((1, 50, 0.02), (0.059999999999999998, True)), ((1, 50, 0.02), (0.070000000000000007, True)), ((2, 50, 0.04), (0.02, True)), ((2, 50, 0.04), (0.029999999999999999, True)), ((2, 50, 0.04), (0.080000000000000002, True)), ((3, 50, 0.06), (0.01, True)), ((3, 50, 0.06), (0.089999999999999997, True)), ((3, 50, 0.06), (0.10000000000000001, True)), ((3, 50, 0.06), (0.11, True)), ((3, 50, 0.06), (0.12, True)), ((3, 50, 0.06), (0.13, True)), ((3, 50, 0.06), (0.14000000000000001, True)), ((3, 50, 0.06), (0.14999999999999999, True)), ((4, 50, 0.08), (0.16, True)), ((4, 50, 0.08), (0.17000000000000001, True)), ((4, 50, 0.08), (0.17999999999999999, True)), ((4, 50, 0.08), (0.19, True)), ((4, 50, 0.08), (0.20000000000000001, True)), ((5, 50, 0.1), (0.0, True))]

BESTLEARNGEM=((0, 50, 0.0), (2, 1, 0.0625, True, True))
LISTLEARNGEM=[((0, 50, 0.0), (2, 1, 0, True, True)), ((0, 50, 0.0), (2, 1, 0.00390625, True, True)), ((0, 50, 0.0), (2, 1, 0.0078125, True, True)), ((0, 50, 0.0), (2, 1, 0.015625, True, True)), ((0, 50, 0.0), (2, 1, 0.03125, True, True)), ((0, 50, 0.0), (2, 1, 0.0625, True, True)), ((0, 50, 0.0), (2, 1, 0.125, True, True)), ((0, 50, 0.0), (2, 1, 0.25, True, True)), ((0, 50, 0.0), (2, 1, 0.5, True, True)), ((0, 50, 0.0), (2, 2, 0.03125, True, True)), ((0, 50, 0.0), (2, 2, 0.0625, True, True)), ((0, 50, 0.0), (2, 2, 0.125, True, True)), ((0, 50, 0.0), (2, 2, 0.5, True, True)), ((1, 50, 0.02), (2, 2, 0, True, True)), ((1, 50, 0.02), (2, 2, 0.00390625, True, True)), ((1, 50, 0.02), (2, 2, 0.0078125, True, True)), ((1, 50, 0.02), (2, 2, 0.015625, True, True)), ((1, 50, 0.02), (2, 2, 0.25, True, True)), ((5, 50, 0.1), (1, 1, 0, True, True)), ((5, 50, 0.1), (1, 1, 0.0078125, True, True)), ((5, 50, 0.1), (1, 1, 0.015625, True, True)), ((5, 50, 0.1), (1, 2, 0, True, True)), ((5, 50, 0.1), (1, 2, 0.0078125, True, True)), ((5, 50, 0.1), (1, 2, 0.015625, True, True)), ((6, 50, 0.12), (1, 1, 0.00390625, True, True)), ((6, 50, 0.12), (1, 1, 0.03125, True, True)), ((6, 50, 0.12), (1, 1, 0.125, True, True)), ((6, 50, 0.12), (1, 1, 0.25, True, True)), ((6, 50, 0.12), (1, 2, 0.00390625, True, True)), ((6, 50, 0.12), (1, 2, 0.03125, True, True)), ((6, 50, 0.12), (1, 2, 0.125, True, True)), ((6, 50, 0.12), (1, 2, 0.25, True, True)), ((7, 50, 0.14), (1, 1, 0.0625, True, True)), ((7, 50, 0.14), (1, 1, 0.5, True, True)), ((7, 50, 0.14), (1, 2, 0.0625, True, True)), ((7, 50, 0.14), (1, 2, 0.5, True, True))]


# error rates for different distance measures
# (error, size, error/size) and binary mask
BESTLP=(9, 150, 0.06)
LISTLP=[0, 0, 0, 0, 0, 0, 0, 0, 0, 1, 0, 1, 0, 0, 0, 0, 0, 0, 1, 0, 0, 0, 0, 0, 0, 0, 0, 0, 0, 0, 0, 0, 0, 0, 0, 0, 0, 0, 0, 0, 0, 0, 0, 0, 0, 0, 0, 0, 0, 0, 0, 0, 0, 0, 0, 0, 0, 0, 0, 0, 0, 0, 0, 0, 0, 0, 0, 0, 0, 0, 1, 0, 0, 0, 0, 0, 0, 0, 0, 0, 0, 1, 0, 0, 0, 0, 0, 0, 0, 0, 0, 0, 0, 0, 0, 0, 0, 0, 0, 0, 0, 0, 0, 0, 0, 0, 0, 0, 1, 0, 0, 0, 0, 0, 0, 0, 0, 0, 0, 0, 0, 0, 0, 0, 0, 0, 0, 0, 0, 1, 0, 0, 0, 0, 0, 0, 0, 0, 0, 1, 0, 0, 0, 0, 0, 0, 0, 1, 0, 0]

BESTFULLDTW=(12, 150, 0.08)
LISTFULLDTW=[0, 0, 0, 0, 0, 0, 0, 0, 0, 1, 1, 0, 0, 0, 0, 0, 0, 0, 0, 0, 0, 1, 0, 0, 0, 0, 0, 0, 0, 0, 0, 0, 1, 0, 0, 0, 0, 0, 1, 0, 0, 0, 0, 1, 0, 0, 0, 0, 0, 0, 0, 0, 0, 0, 0, 1, 1, 0, 0, 0, 0, 0, 0, 0, 0, 0, 0, 0, 0, 0, 0, 0, 0, 0, 0, 0, 0, 0, 0, 0, 0, 0, 0, 0, 0, 0, 0, 0, 0, 0, 0, 0, 0, 0, 0, 1, 0, 0, 0, 0, 0, 0, 0, 0, 0, 0, 0, 0, 0, 0, 0, 0, 0, 0, 0, 0, 0, 0, 0, 0, 0, 0, 0, 0, 0, 1, 0, 0, 0, 0, 0, 0, 0, 0, 0, 0, 0, 0, 0, 0, 0, 0, 1, 0, 0, 0, 1, 0, 0, 0]

BESTCONSDTW=(6, 150, 0.04)
LISTCONSDTW=[0, 0, 0, 0, 0, 0, 0, 0, 0, 1, 1, 0, 0, 0, 0, 0, 0, 0, 0, 0, 0, 1, 0, 0, 0, 0, 0, 0, 0, 0, 0, 0, 0, 0, 0, 0, 0, 0, 0, 0, 0, 0, 0, 0, 0, 0, 0, 0, 0, 0, 0, 0, 0, 0, 0, 0, 1, 0, 0, 0, 0, 0, 0, 0, 0, 0, 0, 0, 0, 0, 0, 0, 0, 0, 0, 0, 0, 0, 0, 0, 0, 0, 0, 0, 0, 0, 0, 0, 0, 0, 0, 0, 0, 0, 0, 1, 0, 0, 0, 0, 0, 0, 0, 0, 0, 0, 0, 0, 1, 0, 0, 0, 0, 0, 0, 0, 0, 0, 0, 0, 0, 0, 0, 0, 0, 0, 0, 0, 0, 0, 0, 0, 0, 0, 0, 0, 0, 0, 0, 0, 0, 0, 0, 0, 0, 0, 0, 0, 0, 0]

BESTGEM=(5, 150, 0.03333333333333333)
LISTGEM=[0, 0, 0, 0, 0, 0, 0, 0, 0, 1, 0, 0, 0, 0, 0, 0, 0, 0, 0, 0, 0, 1, 0, 0, 0, 0, 0, 0, 0, 0, 0, 0, 0, 0, 0, 0, 0, 0, 1, 0, 0, 0, 0, 0, 0, 0, 0, 0, 0, 0, 0, 0, 0, 0, 0, 0, 0, 0, 0, 0, 0, 0, 0, 0, 1, 0, 0, 0, 0, 0, 0, 0, 0, 0, 0, 0, 0, 0, 0, 0, 0, 0, 0, 0, 0, 0, 0, 0, 0, 0, 0, 0, 0, 0, 0, 0, 0, 0, 0, 0, 0, 0, 0, 0, 0, 0, 0, 0, 0, 0, 0, 0, 0, 0, 0, 0, 0, 0, 0, 0, 0, 0, 0, 0, 0, 0, 0, 0, 0, 0, 0, 0, 0, 0, 0, 0, 0, 0, 0, 0, 0, 0, 0, 0, 0, 0, 0, 0, 1, 0]

