# shuffled stratified split (indices referring to UCR database)
TESTINDEX=[565  12 604 412 593 527 552 631 336 230 167 153 264 570  87  99 254 361
 353 473 426 393 277 331 582 341  49 199 517 559 416 542 462 270 595 516
 377 493 225  59 598 121 500 127 376 406 461  93 509 453  31 381 332 136
 113  17  77 233 259 191 539  83 633 370 335  57 133 580 549 536 452 229
 216 357 196 193 247 304 115 486 617 146 185 274 437 130 295 155 576 140
 558 344 464 409 482 352 176 321 334 554 601 181 620 275 110   0 394  61
 172  21 439 165 584 550 316  84 485 134 296  26 583 399 228 575 347 231
  29 450 628 403 330 192  80 183  73  92 386 299 215 467 475 195 645 320
 253 273 137 232 427  88 533 203 212 414 284 169  28 627  69 589 187 537
 644 189 372 514 375 333  79 147  36  85 337 417 178 349 474 368 107 387
 226 268 248 108 642 612 636 629  68  74  66 481 490 238 373  78 433  19
 385  44 444 441 534   9 314   4 242  58 244 340 294 460 206 223 324 356
  55 360 623 379 638 647 388  32  65 506 451 615 457 411 157 483 243 458
 209 350 547 180 520 168 208 407 365 571  82 611 227 149 572 530 440 529
  16  94 241 297 585 380 383 449 100 637 276  89  38  41 198 489 109 646
 305 103  90 477 210 106 609 599  64 148 345 224 162 313 551 158  30 318
 286  91 649 525 283 518 495 236  81 220 430 111 301 524 114 267 281 237
  71 423 280 424  27 101 635 325 632 143 455 463 322 154 271  52 328  18
 535  35 466 348 616 222 131  63 392 213 355 251 395  50 569 540 128 197
 456 122 591 434   8 543 182 288 255 496 546 626 587 606 443 600 454 438
  20 538 513 145 184 560 217 603 531 163 141 211 135 246 541 116 618 170
 179 308 342 374 279 501 553 177 504 619 641 390 173 171  37 515 596 523
  46 252  67 502 590 613 422 186 459  72 351 469  25 625  10 498 142 410
 567   6 302 382 487 512 586 436 614   1 287 479 573 579 221 201 564 266
  45 204 640 468 290 369  34  15 174 415 470 166 263  47 371 557 359  96
   2 425 104 250 289 526 508 129  75 258  53 112 164 190 568 139  11 312
 125 465 556 339 622 362 594 303 544 188 315 138 207  40  22 262 265 118
 329 194 144 367 291 420 218 126 400 327 205 492  60  51 239 132  13 338
  39 309 419 402 175  56 648 235 478 639 499 310 119 497 354 306 447 471
 159 300 234 319 428 472   7 363 408 249 442 161 491 105 240 574  43  48
 219 245 448 405 488 346 278 257 120]
TRAININDEX=[311 643 366 630 432   5 261 398 621 476 429 260 123 401 378 272 102  23
  33 563 117  14 528 282 555 548 431 152  54 480 404  62 389 396  98 578
 435 510 566 624 151  24 605 592 256 511 608 521 124 602 581 421 588 532
 298 597 293 285 202 503 358   3  95 577  42 292 326  86 562 391 494  70
 269 160 343 561 317 156 634 323 413 384 418 397 214  76 200 446 505 364
 507 545 484 445 522 610 307 607  97 519 150]

# learned parameters for cdtw and gem
# dtw ((error, size, error/size), (window, sqr))
# gem ((error, size, error/size), (St0, St1, E, sym, sqr))
BESTLEARNCONSDTW=((54, 101, 0.53465346534653468), (0.050000000000000003, True))
LISTLEARNCONSDTW=[((54, 101, 0.53465346534653468), (0.050000000000000003, True)), ((55, 101, 0.54455445544554459), (0.059999999999999998, True)), ((55, 101, 0.54455445544554459), (0.070000000000000007, True)), ((55, 101, 0.54455445544554459), (0.10000000000000001, True)), ((56, 101, 0.5544554455445545), (0.11, True)), ((57, 101, 0.5643564356435643), (0.080000000000000002, True)), ((57, 101, 0.5643564356435643), (0.089999999999999997, True)), ((58, 101, 0.57425742574257421), (0.029999999999999999, True)), ((58, 101, 0.57425742574257421), (0.12, True)), ((59, 101, 0.58415841584158412), (0.02, True)), ((59, 101, 0.58415841584158412), (0.040000000000000001, True)), ((59, 101, 0.58415841584158412), (0.13, True)), ((60, 101, 0.59405940594059403), (0.14000000000000001, True)), ((60, 101, 0.59405940594059403), (0.14999999999999999, True)), ((60, 101, 0.59405940594059403), (0.16, True)), ((60, 101, 0.59405940594059403), (0.17000000000000001, True)), ((60, 101, 0.59405940594059403), (0.17999999999999999, True)), ((60, 101, 0.59405940594059403), (0.19, True)), ((60, 101, 0.59405940594059403), (0.20000000000000001, True)), ((61, 101, 0.60396039603960394), (0.01, True)), ((70, 101, 0.69306930693069302), (0.0, True))]

BESTLEARNGEM=((57, 101, 0.5643564356435643), (2, 2, 0.03125, True, True))
LISTLEARNGEM=[((57, 101, 0.5643564356435643), (2, 2, 0.03125, True, True)), ((60, 101, 0.59405940594059403), (2, 2, 0.015625, True, True)), ((61, 101, 0.60396039603960394), (2, 1, 0.03125, True, True)), ((63, 101, 0.62376237623762376), (2, 1, 0.0625, True, True)), ((63, 101, 0.62376237623762376), (2, 2, 0.0078125, True, True)), ((63, 101, 0.62376237623762376), (2, 2, 0.0625, True, True)), ((63, 101, 0.62376237623762376), (2, 2, 0.125, True, True)), ((64, 101, 0.63366336633663367), (2, 1, 0.0078125, True, True)), ((64, 101, 0.63366336633663367), (2, 1, 0.015625, True, True)), ((65, 101, 0.64356435643564358), (2, 1, 0.125, True, True)), ((68, 101, 0.67326732673267331), (2, 1, 0.00390625, True, True)), ((70, 101, 0.69306930693069302), (1, 1, 0.00390625, True, True)), ((70, 101, 0.69306930693069302), (1, 1, 0.0078125, True, True)), ((70, 101, 0.69306930693069302), (1, 1, 0.015625, True, True)), ((70, 101, 0.69306930693069302), (1, 1, 0.03125, True, True)), ((70, 101, 0.69306930693069302), (1, 2, 0.00390625, True, True)), ((70, 101, 0.69306930693069302), (1, 2, 0.0078125, True, True)), ((70, 101, 0.69306930693069302), (1, 2, 0.015625, True, True)), ((70, 101, 0.69306930693069302), (1, 2, 0.03125, True, True)), ((70, 101, 0.69306930693069302), (2, 2, 0.5, True, True)), ((71, 101, 0.70297029702970293), (2, 2, 0.00390625, True, True)), ((71, 101, 0.70297029702970293), (2, 2, 0.25, True, True)), ((73, 101, 0.72277227722772275), (1, 1, 0.25, True, True)), ((73, 101, 0.72277227722772275), (1, 2, 0.25, True, True)), ((73, 101, 0.72277227722772275), (2, 1, 0.25, True, True)), ((74, 101, 0.73267326732673266), (1, 1, 0.0625, True, True)), ((74, 101, 0.73267326732673266), (1, 2, 0.0625, True, True)), ((74, 101, 0.73267326732673266), (2, 1, 0, True, True)), ((74, 101, 0.73267326732673266), (2, 2, 0, True, True)), ((75, 101, 0.74257425742574257), (1, 1, 0.125, True, True)), ((75, 101, 0.74257425742574257), (1, 2, 0.125, True, True)), ((76, 101, 0.75247524752475248), (1, 1, 0.5, True, True)), ((76, 101, 0.75247524752475248), (1, 2, 0.5, True, True)), ((77, 101, 0.76237623762376239), (1, 1, 0, True, True)), ((77, 101, 0.76237623762376239), (1, 2, 0, True, True)), ((81, 101, 0.80198019801980203), (2, 1, 0.5, True, True))]


# error rates for different distance measures
# (error, size, error/size) and binary mask
BESTLP=(356, 549, 0.64845173041894355)
LISTLP=[1, 0, 0, 1, 0, 1, 1, 1, 0, 1, 1, 1, 1, 1, 1, 0, 1, 1, 1, 1, 1, 0, 1, 1, 1, 1, 1, 1, 1, 1, 1, 1, 1, 0, 0, 1, 1, 0, 0, 0, 0, 1, 0, 0, 0, 1, 1, 1, 1, 1, 1, 0, 0, 1, 0, 0, 1, 0, 1, 1, 1, 1, 1, 0, 1, 0, 1, 1, 1, 1, 0, 1, 0, 1, 1, 1, 1, 0, 0, 1, 1, 1, 0, 0, 1, 1, 0, 0, 0, 1, 1, 0, 1, 1, 1, 0, 1, 1, 1, 1, 1, 0, 0, 0, 1, 0, 1, 0, 1, 1, 1, 1, 1, 1, 0, 1, 1, 1, 1, 0, 0, 1, 1, 0, 0, 1, 1, 1, 0, 1, 1, 1, 0, 1, 0, 1, 1, 1, 0, 1, 1, 0, 1, 1, 0, 1, 1, 1, 0, 0, 1, 1, 1, 0, 1, 1, 0, 1, 0, 0, 1, 1, 0, 0, 1, 1, 1, 1, 1, 1, 0, 0, 1, 1, 1, 1, 0, 0, 0, 0, 0, 0, 0, 1, 0, 1, 1, 1, 0, 0, 1, 0, 1, 1, 1, 0, 1, 1, 0, 1, 0, 1, 0, 1, 1, 1, 1, 1, 1, 0, 0, 0, 1, 1, 1, 1, 1, 1, 0, 0, 1, 1, 1, 0, 0, 1, 1, 0, 0, 0, 0, 1, 1, 1, 1, 1, 1, 1, 1, 0, 1, 1, 1, 1, 0, 1, 1, 0, 0, 1, 0, 0, 0, 0, 0, 0, 0, 0, 1, 1, 1, 1, 1, 0, 1, 1, 0, 0, 0, 0, 1, 1, 1, 0, 1, 0, 1, 1, 1, 0, 0, 1, 0, 0, 1, 1, 1, 0, 1, 0, 0, 1, 0, 1, 0, 1, 1, 1, 1, 1, 1, 1, 1, 0, 1, 0, 0, 1, 1, 1, 1, 1, 1, 1, 0, 1, 0, 1, 0, 1, 1, 1, 1, 1, 0, 1, 0, 1, 0, 0, 1, 0, 1, 0, 1, 0, 1, 1, 1, 1, 1, 0, 1, 0, 1, 1, 0, 0, 1, 1, 0, 1, 1, 1, 0, 1, 0, 0, 0, 1, 1, 1, 1, 1, 1, 1, 1, 1, 1, 1, 0, 1, 1, 1, 1, 0, 0, 1, 1, 1, 0, 0, 0, 1, 1, 0, 1, 1, 1, 0, 1, 0, 1, 1, 0, 1, 1, 0, 1, 1, 0, 1, 1, 0, 1, 1, 1, 0, 1, 1, 1, 1, 1, 1, 1, 1, 0, 1, 1, 1, 1, 0, 1, 1, 0, 1, 1, 1, 1, 1, 1, 1, 1, 1, 0, 1, 1, 1, 1, 1, 1, 0, 1, 0, 1, 1, 0, 0, 1, 0, 1, 0, 1, 1, 1, 1, 1, 1, 0, 1, 1, 1, 1, 1, 1, 0, 1, 1, 1, 0, 1, 1, 1, 0, 1, 1, 1, 1, 0, 1, 0, 1, 1, 1, 0, 0, 0, 1, 0, 1, 1, 0, 0, 0, 0, 0, 0, 0, 0, 0, 0, 1, 0, 0, 1, 1, 1, 1, 1, 0, 1, 0, 1, 0, 0, 1, 1, 0, 0, 0, 1, 1, 1, 1, 1, 1, 1, 1, 1, 1, 1, 1, 1, 1, 1, 1, 0, 0, 1, 1, 0, 0, 1, 0, 1, 1, 1, 1, 1]

BESTFULLDTW=(319, 549, 0.58105646630236796)
LISTFULLDTW=[1, 0, 1, 0, 0, 1, 1, 1, 0, 1, 1, 1, 1, 1, 1, 1, 1, 1, 1, 0, 1, 0, 1, 0, 0, 1, 1, 0, 0, 1, 1, 0, 0, 0, 1, 1, 1, 1, 1, 0, 0, 1, 0, 0, 1, 1, 0, 0, 1, 1, 1, 1, 0, 0, 1, 1, 1, 1, 1, 1, 1, 1, 1, 1, 1, 1, 1, 0, 1, 0, 0, 0, 0, 0, 1, 1, 1, 1, 0, 1, 1, 0, 0, 0, 0, 1, 1, 0, 0, 0, 0, 0, 1, 1, 0, 0, 1, 1, 1, 1, 0, 0, 1, 0, 0, 1, 0, 0, 1, 1, 1, 0, 1, 1, 1, 0, 1, 0, 1, 0, 1, 1, 0, 1, 1, 1, 0, 1, 1, 0, 0, 0, 1, 0, 0, 1, 1, 1, 1, 1, 0, 0, 1, 1, 0, 1, 0, 1, 0, 0, 1, 1, 1, 0, 1, 1, 0, 1, 0, 1, 0, 0, 1, 1, 1, 0, 1, 1, 1, 0, 0, 1, 0, 1, 1, 1, 1, 0, 1, 0, 0, 0, 0, 1, 0, 1, 1, 0, 1, 0, 0, 0, 1, 1, 1, 1, 1, 1, 1, 1, 0, 1, 0, 0, 1, 0, 1, 0, 1, 1, 1, 1, 1, 0, 0, 1, 0, 1, 0, 0, 1, 1, 1, 0, 1, 1, 1, 0, 1, 1, 0, 1, 0, 1, 1, 1, 1, 0, 1, 0, 1, 1, 0, 0, 0, 0, 0, 0, 1, 1, 0, 0, 0, 1, 0, 0, 0, 0, 0, 0, 1, 0, 1, 0, 1, 1, 0, 0, 0, 0, 1, 1, 0, 0, 0, 1, 0, 1, 1, 1, 0, 1, 0, 1, 1, 1, 1, 0, 1, 0, 0, 0, 0, 1, 0, 0, 1, 0, 1, 0, 1, 1, 1, 0, 1, 1, 0, 1, 1, 0, 1, 1, 1, 0, 0, 1, 0, 0, 1, 0, 1, 1, 1, 1, 0, 1, 1, 1, 0, 0, 1, 0, 1, 0, 1, 0, 1, 1, 1, 1, 1, 0, 0, 1, 1, 1, 0, 0, 0, 1, 0, 1, 0, 0, 0, 1, 0, 0, 1, 1, 1, 1, 0, 1, 1, 0, 1, 1, 1, 1, 0, 1, 1, 1, 1, 0, 0, 1, 0, 1, 1, 0, 1, 0, 1, 1, 1, 0, 0, 1, 1, 0, 0, 1, 0, 1, 0, 0, 0, 1, 0, 1, 1, 1, 1, 0, 1, 1, 1, 1, 1, 0, 0, 1, 1, 1, 1, 1, 1, 0, 0, 0, 0, 1, 1, 1, 1, 1, 1, 1, 1, 1, 1, 0, 0, 1, 0, 0, 1, 1, 1, 0, 1, 1, 0, 1, 0, 0, 1, 0, 1, 0, 1, 1, 0, 1, 1, 0, 1, 1, 1, 1, 1, 1, 1, 0, 1, 0, 1, 0, 0, 0, 1, 1, 1, 0, 1, 1, 0, 0, 1, 0, 0, 1, 1, 1, 0, 1, 0, 1, 0, 1, 1, 1, 0, 1, 1, 0, 0, 0, 0, 1, 0, 0, 0, 1, 1, 1, 0, 0, 1, 0, 0, 1, 1, 1, 1, 0, 1, 0, 1, 1, 0, 0, 1, 1, 1, 0, 1, 1, 0, 0, 1, 1, 1, 1, 1, 0, 1, 0, 1, 1, 0, 0, 1, 1, 1, 1, 1]

BESTCONSDTW=(315, 549, 0.57377049180327866)
LISTCONSDTW=[1, 0, 1, 0, 0, 1, 0, 1, 0, 1, 1, 1, 1, 1, 1, 1, 1, 1, 1, 1, 1, 0, 1, 0, 1, 1, 1, 0, 0, 0, 1, 0, 0, 0, 1, 1, 1, 1, 1, 0, 0, 1, 0, 0, 1, 1, 0, 0, 1, 1, 1, 1, 0, 0, 1, 1, 1, 1, 1, 1, 1, 1, 1, 1, 1, 1, 1, 0, 1, 0, 0, 0, 0, 0, 1, 1, 1, 1, 0, 1, 1, 0, 0, 0, 0, 1, 0, 0, 0, 0, 0, 0, 1, 1, 0, 1, 1, 1, 1, 1, 1, 0, 1, 0, 0, 1, 0, 0, 1, 1, 0, 0, 1, 1, 1, 1, 1, 0, 1, 0, 1, 1, 0, 0, 0, 1, 0, 1, 0, 0, 0, 0, 1, 0, 0, 1, 1, 1, 0, 1, 0, 0, 1, 1, 0, 1, 1, 1, 0, 0, 1, 1, 1, 0, 0, 1, 0, 1, 0, 1, 0, 0, 1, 1, 1, 0, 1, 1, 1, 0, 0, 0, 0, 1, 1, 1, 0, 0, 1, 0, 0, 0, 0, 1, 0, 1, 1, 1, 0, 1, 0, 0, 1, 1, 1, 1, 1, 1, 1, 1, 0, 1, 0, 0, 1, 0, 1, 0, 1, 1, 0, 1, 1, 0, 1, 1, 1, 0, 0, 0, 1, 1, 0, 1, 1, 0, 1, 0, 1, 0, 0, 1, 0, 1, 1, 1, 1, 0, 1, 0, 1, 1, 0, 0, 0, 0, 0, 0, 0, 1, 0, 0, 0, 0, 1, 0, 0, 0, 0, 1, 1, 0, 1, 0, 1, 1, 0, 0, 0, 0, 1, 1, 1, 0, 0, 0, 0, 1, 1, 1, 0, 1, 0, 0, 1, 1, 1, 0, 1, 0, 0, 0, 0, 1, 0, 0, 1, 0, 1, 0, 1, 1, 1, 0, 1, 0, 0, 1, 1, 0, 1, 1, 1, 1, 0, 1, 0, 1, 1, 1, 1, 1, 1, 1, 0, 1, 1, 1, 0, 0, 1, 0, 1, 0, 1, 1, 1, 1, 1, 1, 1, 0, 0, 0, 1, 1, 0, 0, 1, 1, 0, 1, 0, 0, 0, 1, 0, 0, 1, 1, 1, 1, 0, 1, 1, 0, 0, 1, 1, 1, 0, 1, 1, 1, 1, 0, 0, 1, 0, 1, 1, 0, 1, 0, 1, 0, 1, 1, 1, 1, 1, 0, 0, 1, 0, 1, 0, 0, 0, 1, 0, 1, 1, 0, 1, 0, 1, 1, 1, 1, 1, 1, 0, 1, 1, 1, 1, 1, 1, 0, 0, 1, 0, 1, 1, 1, 1, 1, 1, 1, 1, 1, 1, 0, 0, 1, 0, 0, 1, 1, 1, 0, 1, 1, 1, 1, 0, 0, 1, 0, 1, 0, 1, 1, 1, 1, 1, 0, 0, 0, 1, 1, 1, 1, 1, 0, 1, 0, 1, 1, 1, 0, 1, 1, 1, 0, 1, 1, 0, 0, 1, 1, 0, 1, 0, 1, 0, 1, 0, 1, 0, 1, 1, 0, 0, 1, 1, 0, 0, 0, 0, 0, 0, 1, 1, 1, 1, 1, 0, 0, 1, 0, 0, 0, 1, 1, 1, 0, 1, 0, 1, 1, 0, 0, 0, 1, 1, 0, 1, 1, 0, 0, 1, 0, 1, 1, 1, 0, 1, 0, 1, 1, 0, 0, 1, 1, 1, 1, 1]

BESTGEM=(290, 549, 0.52823315118397085)
LISTGEM=[1, 0, 0, 0, 0, 1, 1, 0, 0, 1, 1, 1, 1, 0, 1, 1, 1, 1, 1, 1, 1, 0, 1, 0, 1, 0, 1, 0, 0, 0, 1, 0, 0, 0, 1, 1, 0, 1, 0, 0, 0, 0, 0, 1, 1, 1, 0, 0, 1, 1, 1, 0, 0, 0, 1, 1, 1, 1, 1, 1, 1, 1, 1, 1, 1, 1, 1, 1, 1, 0, 0, 0, 0, 1, 0, 1, 1, 1, 0, 1, 0, 0, 0, 0, 0, 1, 0, 0, 0, 0, 0, 0, 1, 1, 0, 1, 1, 0, 1, 1, 1, 0, 0, 0, 1, 1, 1, 0, 1, 1, 0, 0, 1, 1, 1, 1, 1, 0, 1, 1, 0, 1, 0, 1, 1, 1, 1, 1, 0, 0, 0, 0, 1, 0, 0, 1, 1, 1, 0, 1, 0, 0, 1, 1, 1, 1, 1, 0, 0, 0, 1, 1, 1, 1, 1, 1, 1, 1, 0, 0, 0, 0, 0, 1, 1, 0, 1, 1, 1, 0, 0, 0, 0, 1, 1, 0, 0, 0, 0, 0, 0, 0, 0, 1, 0, 1, 1, 1, 1, 1, 0, 1, 1, 1, 0, 1, 0, 0, 0, 1, 1, 1, 0, 0, 1, 0, 1, 0, 0, 0, 0, 1, 0, 0, 0, 1, 0, 1, 0, 0, 1, 1, 0, 0, 1, 1, 1, 0, 0, 1, 0, 1, 0, 1, 1, 1, 1, 0, 1, 0, 1, 0, 1, 0, 0, 0, 1, 1, 1, 1, 1, 0, 0, 0, 1, 0, 1, 0, 1, 0, 1, 0, 1, 0, 1, 1, 0, 0, 0, 0, 1, 1, 0, 0, 0, 0, 0, 1, 1, 1, 0, 1, 1, 1, 1, 1, 1, 0, 1, 0, 0, 0, 0, 1, 0, 0, 1, 0, 1, 0, 1, 1, 1, 0, 1, 0, 0, 1, 1, 0, 1, 1, 1, 1, 0, 0, 0, 1, 1, 1, 1, 1, 1, 1, 0, 0, 1, 1, 0, 0, 0, 0, 0, 0, 1, 0, 1, 0, 0, 1, 1, 0, 0, 1, 1, 1, 0, 0, 0, 1, 1, 1, 0, 0, 0, 1, 0, 0, 0, 0, 1, 0, 1, 1, 1, 0, 0, 1, 1, 1, 0, 1, 1, 1, 0, 0, 0, 1, 1, 1, 1, 1, 1, 1, 0, 0, 1, 1, 1, 1, 1, 0, 0, 1, 0, 0, 0, 0, 0, 0, 0, 1, 0, 1, 1, 0, 1, 1, 1, 1, 0, 1, 0, 0, 1, 1, 1, 1, 1, 0, 0, 0, 0, 1, 1, 1, 1, 1, 1, 1, 1, 1, 0, 0, 0, 1, 0, 0, 1, 0, 0, 0, 1, 1, 0, 0, 0, 0, 1, 0, 1, 0, 1, 0, 0, 1, 1, 0, 0, 1, 1, 0, 1, 1, 1, 1, 1, 0, 1, 0, 0, 0, 0, 1, 1, 1, 1, 1, 0, 0, 1, 1, 1, 0, 0, 1, 0, 1, 0, 1, 1, 1, 1, 0, 0, 1, 1, 0, 0, 0, 0, 1, 0, 1, 0, 0, 1, 1, 0, 0, 1, 0, 1, 1, 1, 1, 0, 0, 1, 0, 1, 1, 0, 0, 0, 0, 0, 0, 1, 1, 0, 0, 1, 1, 0, 1, 0, 0, 1, 0, 1, 1, 0, 1, 1, 1, 1, 0, 1]

