# shuffled stratified split (indices referring to UCR database)
TESTINDEX=[162  97 293  39  43 194 102 230  23 103 289 151 280 296 255 118 188 261
 166   9 117  88  22 224  25 193  28 217 253 170 310  46 229 183 250 318
  20 220 155 125 321 153  48 127 297 231 307  79 130  17 249 172 198 275
  21 260 238 154 320 186 264 128 273 228 139 246 221  49 150 210  64 252
 279 189 196 149 292 114 267 288  68 295  53 124 276 132  60 168 105 315
 262 122  10 184 177 290 131 268 176  40 239   1  35  50 129 208 243 274
  18  95  59 226 301 234  94 156 240 173 284  55 126 219  27 164   8  58
  80 197  42 205 106 161 242 195 206 191 152 271 182  66  26 174 305 138
  54 287 113  72 282  65 313  76 135 237 213 134 133 147  34  31 223 144
 236 291  73 263  47 111  63 148  11 265 110  36 215 314  62 203 209  74
 283 256 309 298 300  13 214   4 101  84 257 204 312 227  93 136 286   0
  70  69 259 241 116 112  86   3 272 185 258 107 270 211 225  56   6 140
  96 121  99  82  83 120 202 143 145 201 167 302 319   5  14 165 115 304
 123   2 251 244  78 163  24 190  87 157  92 277 233 179  85 207 175 142
 100 187 218  12 146 137 119  38  33   7 316  67 169 178 308 141  30 216
 104 212  57 285  19 311  61 109 160 200 158 235 278 294 266 254 222  29
  98  45 303 180  52  41  71  90 171  89 269 248  75  37 245 232  51]
TRAININDEX=[299 306 247 181  44 317  77  16 192 281  15  91  32 199 159 108  81]

# learned parameters for cdtw and gem
# dtw ((error, size, error/size), (window, sqr))
# gem ((error, size, error/size), (St0, St1, E, sym, sqr))
BESTLEARNCONSDTW=((0, 17, 0.0), (0.10000000000000001, True))
LISTLEARNCONSDTW=[((0, 17, 0.0), (0.0, True)), ((0, 17, 0.0), (0.01, True)), ((0, 17, 0.0), (0.02, True)), ((0, 17, 0.0), (0.029999999999999999, True)), ((0, 17, 0.0), (0.040000000000000001, True)), ((0, 17, 0.0), (0.050000000000000003, True)), ((0, 17, 0.0), (0.059999999999999998, True)), ((0, 17, 0.0), (0.070000000000000007, True)), ((0, 17, 0.0), (0.080000000000000002, True)), ((0, 17, 0.0), (0.089999999999999997, True)), ((0, 17, 0.0), (0.10000000000000001, True)), ((0, 17, 0.0), (0.11, True)), ((0, 17, 0.0), (0.12, True)), ((0, 17, 0.0), (0.13, True)), ((0, 17, 0.0), (0.14000000000000001, True)), ((0, 17, 0.0), (0.14999999999999999, True)), ((0, 17, 0.0), (0.16, True)), ((0, 17, 0.0), (0.17000000000000001, True)), ((0, 17, 0.0), (0.17999999999999999, True)), ((0, 17, 0.0), (0.19, True)), ((0, 17, 0.0), (0.20000000000000001, True))]

BESTLEARNGEM=((0, 17, 0.0), (1, 2, 0.0625, True, True))
LISTLEARNGEM=[((0, 17, 0.0), (1, 1, 0.00390625, True, True)), ((0, 17, 0.0), (1, 1, 0.0078125, True, True)), ((0, 17, 0.0), (1, 1, 0.015625, True, True)), ((0, 17, 0.0), (1, 1, 0.03125, True, True)), ((0, 17, 0.0), (1, 1, 0.0625, True, True)), ((0, 17, 0.0), (1, 1, 0.125, True, True)), ((0, 17, 0.0), (1, 1, 0.25, True, True)), ((0, 17, 0.0), (1, 2, 0.00390625, True, True)), ((0, 17, 0.0), (1, 2, 0.0078125, True, True)), ((0, 17, 0.0), (1, 2, 0.015625, True, True)), ((0, 17, 0.0), (1, 2, 0.03125, True, True)), ((0, 17, 0.0), (1, 2, 0.0625, True, True)), ((0, 17, 0.0), (1, 2, 0.125, True, True)), ((0, 17, 0.0), (1, 2, 0.25, True, True)), ((0, 17, 0.0), (2, 1, 0.0625, True, True)), ((0, 17, 0.0), (2, 1, 0.125, True, True)), ((0, 17, 0.0), (2, 1, 0.25, True, True)), ((0, 17, 0.0), (2, 2, 0.25, True, True)), ((0, 17, 0.0), (2, 2, 0.5, True, True)), ((1, 17, 0.058823529411764705), (1, 1, 0, True, True)), ((1, 17, 0.058823529411764705), (1, 1, 0.5, True, True)), ((1, 17, 0.058823529411764705), (1, 2, 0, True, True)), ((1, 17, 0.058823529411764705), (1, 2, 0.5, True, True)), ((1, 17, 0.058823529411764705), (2, 1, 0, True, True)), ((1, 17, 0.058823529411764705), (2, 1, 0.03125, True, True)), ((1, 17, 0.058823529411764705), (2, 1, 0.5, True, True)), ((1, 17, 0.058823529411764705), (2, 2, 0.125, True, True)), ((2, 17, 0.11764705882352941), (2, 1, 0.00390625, True, True)), ((2, 17, 0.11764705882352941), (2, 1, 0.0078125, True, True)), ((2, 17, 0.11764705882352941), (2, 1, 0.015625, True, True)), ((5, 17, 0.29411764705882354), (2, 2, 0.03125, True, True)), ((5, 17, 0.29411764705882354), (2, 2, 0.0625, True, True)), ((7, 17, 0.4117647058823529), (2, 2, 0, True, True)), ((7, 17, 0.4117647058823529), (2, 2, 0.015625, True, True)), ((8, 17, 0.47058823529411764), (2, 2, 0.00390625, True, True)), ((8, 17, 0.47058823529411764), (2, 2, 0.0078125, True, True))]


# error rates for different distance measures
# (error, size, error/size) and binary mask
BESTLP=(11, 305, 0.036065573770491806)
LISTLP=[0, 1, 0, 0, 0, 0, 0, 0, 0, 0, 0, 0, 0, 0, 0, 0, 0, 0, 0, 0, 0, 0, 0, 0, 0, 0, 0, 0, 0, 0, 0, 0, 0, 0, 0, 0, 0, 0, 0, 0, 0, 0, 0, 1, 0, 0, 0, 0, 0, 0, 0, 0, 0, 0, 1, 0, 0, 0, 0, 0, 0, 0, 1, 0, 0, 0, 0, 0, 0, 1, 0, 0, 0, 0, 0, 0, 0, 0, 1, 0, 0, 0, 0, 0, 0, 0, 0, 0, 0, 0, 0, 0, 0, 0, 0, 0, 0, 0, 0, 0, 0, 0, 0, 0, 0, 0, 0, 0, 0, 0, 0, 0, 0, 0, 0, 0, 0, 0, 0, 0, 0, 1, 0, 0, 0, 0, 0, 0, 0, 0, 0, 0, 0, 0, 0, 0, 0, 0, 0, 0, 0, 0, 0, 0, 0, 0, 0, 0, 0, 0, 0, 0, 1, 0, 0, 0, 0, 0, 0, 1, 0, 0, 0, 0, 0, 0, 0, 0, 0, 0, 0, 0, 0, 0, 0, 0, 0, 0, 0, 0, 0, 0, 0, 0, 0, 0, 0, 0, 0, 0, 0, 0, 0, 0, 0, 0, 0, 0, 0, 0, 0, 0, 0, 0, 0, 0, 0, 0, 0, 0, 0, 0, 0, 0, 0, 0, 0, 0, 0, 0, 0, 0, 0, 0, 0, 0, 0, 0, 0, 0, 0, 0, 0, 0, 0, 0, 0, 0, 0, 0, 0, 0, 0, 0, 0, 0, 0, 0, 0, 0, 0, 0, 0, 0, 0, 0, 0, 1, 0, 0, 0, 0, 0, 0, 0, 0, 0, 0, 0, 1, 0, 0, 0, 0, 0, 0, 0, 0, 0, 0, 0, 0, 0, 0, 0, 0, 0, 0, 0, 0, 0, 0, 0, 0, 0, 0, 0, 0, 0, 0, 0, 0, 0, 0, 0]

BESTFULLDTW=(5, 305, 0.01639344262295082)
LISTFULLDTW=[0, 0, 0, 0, 0, 0, 0, 0, 0, 0, 0, 0, 0, 0, 0, 0, 0, 0, 0, 0, 0, 0, 0, 0, 0, 0, 0, 0, 0, 0, 0, 0, 0, 0, 0, 0, 0, 0, 0, 0, 0, 0, 0, 0, 0, 0, 0, 0, 0, 0, 0, 0, 0, 0, 0, 0, 0, 0, 0, 0, 0, 0, 1, 0, 0, 0, 0, 0, 0, 0, 0, 0, 0, 0, 0, 0, 0, 0, 1, 0, 0, 0, 0, 0, 0, 0, 0, 0, 0, 0, 0, 0, 0, 0, 0, 0, 0, 0, 0, 0, 0, 0, 0, 0, 0, 0, 0, 0, 0, 0, 0, 0, 0, 0, 0, 0, 0, 0, 0, 0, 0, 0, 0, 0, 0, 0, 0, 0, 0, 0, 0, 0, 0, 0, 0, 0, 0, 0, 0, 0, 0, 0, 0, 0, 0, 0, 0, 0, 0, 0, 0, 0, 1, 0, 0, 0, 0, 0, 0, 0, 0, 0, 0, 0, 0, 0, 0, 0, 0, 0, 0, 0, 0, 0, 0, 0, 0, 0, 0, 0, 0, 0, 0, 0, 0, 0, 0, 0, 0, 0, 0, 0, 0, 0, 0, 0, 0, 0, 0, 0, 0, 0, 0, 0, 0, 0, 0, 0, 0, 0, 0, 0, 0, 0, 0, 0, 0, 0, 0, 0, 0, 0, 0, 0, 0, 0, 0, 0, 0, 0, 0, 0, 0, 0, 0, 0, 0, 0, 0, 0, 0, 0, 0, 0, 0, 0, 0, 0, 0, 0, 0, 0, 0, 0, 0, 0, 0, 1, 0, 0, 0, 0, 0, 0, 0, 0, 0, 0, 0, 1, 0, 0, 0, 0, 0, 0, 0, 0, 0, 0, 0, 0, 0, 0, 0, 0, 0, 0, 0, 0, 0, 0, 0, 0, 0, 0, 0, 0, 0, 0, 0, 0, 0, 0, 0]

BESTCONSDTW=(6, 305, 0.019672131147540985)
LISTCONSDTW=[0, 0, 0, 0, 0, 0, 0, 0, 0, 0, 0, 0, 0, 0, 0, 0, 0, 0, 0, 0, 0, 0, 0, 0, 0, 0, 0, 0, 0, 0, 0, 0, 0, 0, 0, 0, 0, 0, 0, 0, 0, 0, 0, 0, 0, 0, 0, 0, 0, 0, 0, 0, 0, 0, 0, 0, 0, 0, 0, 0, 0, 0, 1, 0, 0, 0, 0, 0, 0, 0, 0, 0, 0, 0, 0, 0, 0, 0, 1, 0, 0, 0, 0, 0, 0, 0, 0, 0, 0, 0, 0, 0, 0, 0, 0, 0, 0, 0, 0, 0, 0, 0, 0, 0, 0, 0, 0, 0, 0, 0, 0, 0, 0, 0, 0, 0, 0, 0, 0, 0, 0, 0, 0, 0, 0, 0, 0, 0, 0, 0, 0, 0, 0, 0, 0, 0, 0, 0, 0, 0, 0, 0, 0, 0, 0, 0, 0, 0, 0, 0, 0, 0, 1, 0, 0, 0, 0, 0, 0, 1, 0, 0, 0, 0, 0, 0, 0, 0, 0, 0, 0, 0, 0, 0, 0, 0, 0, 0, 0, 0, 0, 0, 0, 0, 0, 0, 0, 0, 0, 0, 0, 0, 0, 0, 0, 0, 0, 0, 0, 0, 0, 0, 0, 0, 0, 0, 0, 0, 0, 0, 0, 0, 0, 0, 0, 0, 0, 0, 0, 0, 0, 0, 0, 0, 0, 0, 0, 0, 0, 0, 0, 0, 0, 0, 0, 0, 0, 0, 0, 0, 0, 0, 0, 0, 0, 0, 0, 0, 0, 0, 0, 0, 0, 0, 0, 0, 0, 1, 0, 0, 0, 0, 0, 0, 0, 0, 0, 0, 0, 1, 0, 0, 0, 0, 0, 0, 0, 0, 0, 0, 0, 0, 0, 0, 0, 0, 0, 0, 0, 0, 0, 0, 0, 0, 0, 0, 0, 0, 0, 0, 0, 0, 0, 0, 0]

BESTGEM=(11, 305, 0.036065573770491806)
LISTGEM=[0, 0, 0, 0, 0, 0, 0, 0, 0, 0, 0, 0, 0, 0, 0, 0, 0, 0, 0, 0, 0, 0, 0, 0, 0, 0, 0, 0, 0, 0, 0, 0, 0, 0, 0, 0, 0, 0, 0, 0, 0, 0, 0, 1, 0, 0, 0, 0, 0, 0, 0, 0, 0, 0, 1, 0, 0, 0, 0, 0, 0, 0, 1, 0, 0, 0, 0, 0, 0, 1, 0, 0, 0, 0, 0, 0, 0, 0, 1, 0, 0, 0, 0, 0, 0, 0, 0, 0, 0, 0, 0, 0, 0, 0, 0, 0, 0, 0, 0, 0, 0, 0, 0, 0, 0, 0, 0, 0, 0, 0, 0, 0, 0, 0, 0, 0, 0, 0, 0, 0, 0, 1, 0, 0, 0, 0, 0, 0, 0, 0, 0, 0, 0, 0, 0, 0, 0, 0, 0, 0, 0, 0, 0, 0, 0, 0, 0, 0, 0, 0, 0, 0, 1, 0, 0, 0, 0, 0, 0, 1, 0, 0, 0, 0, 0, 0, 0, 0, 0, 0, 0, 0, 0, 0, 0, 0, 0, 0, 0, 0, 0, 0, 0, 0, 0, 0, 0, 0, 0, 0, 0, 0, 0, 0, 0, 0, 0, 0, 0, 0, 0, 0, 0, 0, 0, 0, 0, 0, 0, 0, 0, 0, 0, 0, 0, 0, 0, 0, 0, 0, 0, 1, 0, 0, 0, 0, 0, 0, 0, 0, 0, 0, 0, 0, 0, 0, 0, 0, 0, 0, 0, 0, 0, 0, 0, 0, 0, 0, 0, 0, 0, 0, 0, 0, 0, 0, 0, 1, 0, 0, 0, 0, 0, 0, 0, 0, 0, 0, 0, 1, 0, 0, 0, 0, 0, 0, 0, 0, 0, 0, 0, 0, 0, 0, 0, 0, 0, 0, 0, 0, 0, 0, 0, 0, 0, 0, 0, 0, 0, 0, 0, 0, 0, 0, 0]

