# shuffled stratified split (indices referring to UCR database)
TESTINDEX=[303   7  88 297 753 430 444 744 450 655  35 691 207 166 593 683 716 404
 225 522 495 540 548 105 749 163 727 709 341 668 190 110 777 740 650 191
 699 570 512   3  26 533 427 355 280 342 537 519 504 373 476 646 461  32
 149 231 734  65   2 417 338 671 454 499 353 242 541 623 176 219 673 264
 470 214  79 534 428 298  31 582 364 696 374 599  30 659   4 581 393 607
 249 764 447 309 159 394 109 601 577 175 751 165 247 598 669 137 460 401
 589 259 527 774  66 287  39 518  15 627 388   5 173 229 129 379 652 757
 215 195 234 378 524 125  80 492 485 171 349 600 446 705 723  18 743 331
 241 735 400 559 441 488 295  51 192   9 128 178 726 391 177 390 752 505
 435 779 632 704 325 604 296 319 641 419 405 222 544 433 167 153 720  12
 572  56 339 121  53 507  49 290 389 154  11 760 186 299 663 729 434 620
 179 395 111  23 611 204 713 493 778 411 772 272 120 425 569 525 610 710
 169 318 606   6  78 302 770 354 448 761 220 228 254 126 104 383  40 645
 612 432 336 323 416 651 511 365 324 306 134 510 644 693 420 472 649 326
  38 183 625  77 291 439 496 143  89 255 224 283 188 193 539 235 160 289
 456 484 642 357 284 322 127 717 442 172 547 535 686 656 332 363 445 754
 574 118 300 546  21 584 282 141 766 423 424 285  28 140 591 475 489 515
 200 367 313 301 103 497 174  99 536 138 608 265 719 558  83 622 550 639
 315 196 438 119 102 560 407 628 697 635 181 403 769 236 358 410 148 459
 506 602  43 661 376 531 469  50   8 543 260 396 113 687 462 551 294 698
 732 703 545 408 422  10 568 565 257  19 679 500 370 636  16 477  70 145
 479 279 116  17  92 549 563 583 327  34 654 629 747 665 286  64]
TRAININDEX=[240 557  61 340 487 201  85 398 288 617 277 436 402  87  14  96 406 133
 619 334 359 273  95 409 269 397 412  24 756 421 471 706 443 314  13 182
  69 653 614  59 199 482 136 464 164 556 759 330 587 674 333 244 564 360
 369 232 184 213 688 368 508 426 304 271  44 502 579 528 711  48 218 780
 212 449 281 640 555 361 771 185 112 382 237 738 538 767 108 458 748 660
 480 440 728 268 106  73 621 329  62 658 571 413 146 676 701 702 680 187
  57 384 246  55 626   1  58 152  86  75 554 638 344  29 675 575 672 503
 155 567 431 142 596 501 457 762 745 562 730 681 227 721 245 733 722 776
 700 678 251 346 724 690 206 233 615 715 707 468 343  54 263 352 580 585
  98 595 742 328 631 578 210 375 741 117 465  76 278 151 573  25 243 317
 637  97 381 529 380 667  52 217 248 205 114  45 124 613 605 392  81 275
 467 307 223 238 347 736 657  42 630 677 453 452  71 542  82  72 100 226
 498 131 387 521 202  33 592 685 491 517  37 481 553 170 624  94 310 648
 746 144 429 194 168 356 158 474 664 737 123 451 209 316 718  63 763 513
 662 308  60 253 418 618 270 180  20 350 666 520 208 150 490 107 122 216
 293 266  91 633 616 532 276 775 552 526 312 147   0  46 765 586 509 256
 157 267 455 335 305 337 588 203 161 250 725 486 731 345 566 162  22 483
 692 463 132 115 708 399 530  90 348 647 385  67 594 135 609  74 523 689
 682 768 371 211 156  41 311 739 130 320 239 197 603 274 437 101 415 466
 292 372 634 516  47 750  68 362 597 712 755 478 189 590  93 714 230  84
 643 139 514 473 386 377 261 262 773 258 694 576 758 670 561 366 351 494
  27  36 414 321 695 684 198 252 221]

# learned parameters for cdtw and gem
# dtw ((error, size, error/size), (window, sqr))
# gem ((error, size, error/size), (St0, St1, E, sym, sqr))
BESTLEARNCONSDTW=((159, 387, 0.41085271317829458), (0.040000000000000001, True))
LISTLEARNCONSDTW=[((159, 387, 0.41085271317829458), (0.040000000000000001, True)), ((160, 387, 0.41343669250645992), (0.0, True)), ((160, 387, 0.41343669250645992), (0.01, True)), ((160, 387, 0.41343669250645992), (0.050000000000000003, True)), ((161, 387, 0.41602067183462532), (0.029999999999999999, True)), ((161, 387, 0.41602067183462532), (0.059999999999999998, True)), ((161, 387, 0.41602067183462532), (0.070000000000000007, True)), ((161, 387, 0.41602067183462532), (0.080000000000000002, True)), ((161, 387, 0.41602067183462532), (0.089999999999999997, True)), ((161, 387, 0.41602067183462532), (0.10000000000000001, True)), ((161, 387, 0.41602067183462532), (0.11, True)), ((161, 387, 0.41602067183462532), (0.12, True)), ((161, 387, 0.41602067183462532), (0.13, True)), ((161, 387, 0.41602067183462532), (0.14000000000000001, True)), ((161, 387, 0.41602067183462532), (0.14999999999999999, True)), ((161, 387, 0.41602067183462532), (0.16, True)), ((161, 387, 0.41602067183462532), (0.17000000000000001, True)), ((161, 387, 0.41602067183462532), (0.17999999999999999, True)), ((161, 387, 0.41602067183462532), (0.19, True)), ((161, 387, 0.41602067183462532), (0.20000000000000001, True)), ((164, 387, 0.42377260981912146), (0.02, True))]

BESTLEARNGEM=((126, 387, 0.32558139534883723), (2, 1, 0.25, True, True))
LISTLEARNGEM=[((126, 387, 0.32558139534883723), (2, 1, 0.125, True, True)), ((126, 387, 0.32558139534883723), (2, 1, 0.25, True, True)), ((128, 387, 0.33074935400516797), (2, 1, 0.5, True, True)), ((134, 387, 0.34625322997416019), (2, 1, 0.0625, True, True)), ((138, 387, 0.35658914728682173), (1, 1, 0.25, True, True)), ((138, 387, 0.35658914728682173), (1, 2, 0.25, True, True)), ((138, 387, 0.35658914728682173), (2, 1, 0.03125, True, True)), ((139, 387, 0.35917312661498707), (1, 1, 0.5, True, True)), ((139, 387, 0.35917312661498707), (1, 2, 0.5, True, True)), ((140, 387, 0.36175710594315247), (1, 1, 0.0625, True, True)), ((140, 387, 0.36175710594315247), (1, 2, 0.0625, True, True)), ((140, 387, 0.36175710594315247), (2, 2, 0.25, True, True)), ((143, 387, 0.36950904392764861), (1, 1, 0.125, True, True)), ((143, 387, 0.36950904392764861), (1, 2, 0.125, True, True)), ((147, 387, 0.37984496124031009), (2, 2, 0.5, True, True)), ((148, 387, 0.38242894056847543), (1, 1, 0.03125, True, True)), ((148, 387, 0.38242894056847543), (1, 2, 0.03125, True, True)), ((149, 387, 0.38501291989664083), (2, 1, 0.015625, True, True)), ((154, 387, 0.3979328165374677), (1, 1, 0.015625, True, True)), ((154, 387, 0.3979328165374677), (1, 2, 0.015625, True, True)), ((154, 387, 0.3979328165374677), (2, 1, 0, True, True)), ((154, 387, 0.3979328165374677), (2, 1, 0.0078125, True, True)), ((155, 387, 0.4005167958656331), (2, 1, 0.00390625, True, True)), ((159, 387, 0.41085271317829458), (2, 2, 0.125, True, True)), ((160, 387, 0.41343669250645992), (1, 1, 0.00390625, True, True)), ((160, 387, 0.41343669250645992), (1, 2, 0.00390625, True, True)), ((161, 387, 0.41602067183462532), (1, 1, 0.0078125, True, True)), ((161, 387, 0.41602067183462532), (1, 2, 0.0078125, True, True)), ((169, 387, 0.43669250645994834), (1, 1, 0, True, True)), ((169, 387, 0.43669250645994834), (1, 2, 0, True, True)), ((193, 387, 0.49870801033591733), (2, 2, 0.0625, True, True)), ((200, 387, 0.51679586563307489), (2, 2, 0.03125, True, True)), ((215, 387, 0.55555555555555558), (2, 2, 0.015625, True, True)), ((223, 387, 0.57622739018087854), (2, 2, 0.0078125, True, True)), ((227, 387, 0.58656330749354002), (2, 2, 0.00390625, True, True)), ((230, 387, 0.59431524547803616), (2, 2, 0, True, True))]


# error rates for different distance measures
# (error, size, error/size) and binary mask
BESTLP=(139, 394, 0.35279187817258884)
LISTLP=[1, 0, 1, 1, 0, 0, 0, 0, 0, 1, 1, 0, 1, 1, 0, 0, 1, 0, 1, 0, 0, 0, 0, 0, 1, 1, 1, 1, 0, 0, 1, 0, 0, 0, 1, 1, 0, 0, 0, 0, 0, 0, 0, 0, 0, 1, 0, 1, 0, 0, 0, 1, 0, 1, 0, 0, 0, 0, 1, 1, 1, 0, 1, 0, 1, 0, 1, 1, 0, 0, 0, 1, 0, 0, 1, 0, 0, 0, 1, 0, 1, 1, 0, 0, 1, 1, 0, 0, 0, 1, 1, 0, 0, 0, 0, 0, 0, 0, 1, 1, 0, 1, 0, 0, 0, 0, 0, 0, 0, 0, 0, 1, 0, 0, 0, 0, 1, 1, 1, 0, 0, 1, 0, 0, 0, 0, 1, 1, 0, 0, 0, 0, 1, 1, 1, 0, 0, 0, 0, 0, 0, 1, 1, 0, 1, 0, 1, 1, 0, 0, 0, 0, 1, 0, 0, 1, 1, 1, 0, 0, 0, 0, 1, 1, 1, 1, 1, 0, 1, 1, 0, 1, 0, 0, 0, 0, 0, 0, 1, 0, 0, 0, 0, 0, 0, 0, 0, 0, 0, 1, 0, 1, 1, 1, 0, 0, 1, 0, 0, 0, 0, 1, 0, 0, 0, 1, 1, 0, 0, 0, 1, 0, 1, 1, 1, 0, 1, 0, 1, 0, 0, 1, 0, 0, 0, 0, 1, 0, 0, 1, 0, 1, 0, 0, 0, 1, 1, 1, 0, 0, 0, 1, 0, 0, 0, 1, 1, 1, 1, 1, 0, 0, 1, 0, 0, 1, 0, 0, 0, 0, 0, 0, 1, 0, 0, 0, 0, 1, 1, 0, 0, 0, 0, 0, 0, 1, 0, 1, 0, 0, 0, 0, 1, 0, 0, 1, 0, 0, 0, 0, 0, 0, 1, 1, 0, 1, 0, 1, 1, 1, 0, 0, 0, 0, 1, 0, 0, 0, 0, 0, 0, 0, 0, 1, 1, 1, 1, 0, 1, 0, 1, 0, 1, 1, 1, 0, 0, 0, 1, 1, 0, 0, 0, 0, 0, 0, 0, 1, 0, 1, 1, 1, 0, 1, 0, 0, 1, 0, 1, 0, 1, 0, 0, 0, 1, 0, 0, 0, 0, 1, 0, 0, 0, 0, 1, 0, 1, 0, 0, 0, 0, 1, 0, 1, 1, 0, 0, 1, 0, 0, 0, 0, 0, 0, 0, 1, 0, 0, 1, 0, 0, 0, 0, 0]

BESTFULLDTW=(151, 394, 0.38324873096446699)
LISTFULLDTW=[0, 0, 1, 1, 1, 1, 0, 0, 0, 1, 1, 0, 1, 1, 0, 0, 1, 0, 0, 0, 0, 0, 0, 0, 0, 1, 1, 1, 0, 0, 0, 1, 0, 0, 0, 0, 0, 0, 0, 0, 1, 0, 0, 1, 0, 0, 0, 1, 0, 0, 0, 1, 0, 0, 0, 1, 0, 0, 1, 0, 1, 0, 1, 0, 0, 0, 1, 1, 1, 1, 0, 1, 0, 0, 1, 1, 1, 1, 1, 0, 1, 1, 0, 0, 1, 1, 0, 0, 0, 1, 1, 0, 0, 1, 0, 0, 1, 0, 0, 1, 0, 1, 0, 0, 0, 0, 0, 1, 1, 0, 0, 1, 0, 0, 0, 1, 1, 0, 1, 0, 0, 0, 0, 0, 0, 1, 1, 1, 0, 0, 0, 0, 1, 0, 1, 1, 0, 0, 0, 0, 0, 1, 1, 0, 0, 0, 1, 1, 0, 0, 0, 0, 1, 0, 0, 0, 1, 1, 0, 1, 0, 0, 0, 1, 1, 0, 1, 0, 1, 1, 0, 1, 0, 0, 0, 0, 1, 0, 1, 0, 0, 0, 0, 0, 1, 0, 0, 0, 0, 1, 1, 1, 1, 0, 0, 0, 1, 1, 0, 0, 0, 1, 1, 0, 0, 1, 1, 1, 0, 0, 1, 1, 1, 1, 1, 0, 0, 0, 1, 0, 0, 0, 1, 0, 0, 0, 0, 0, 0, 1, 0, 1, 0, 0, 0, 1, 0, 0, 0, 0, 0, 1, 0, 0, 0, 1, 1, 1, 1, 1, 1, 0, 1, 0, 0, 1, 0, 0, 0, 0, 1, 0, 1, 0, 0, 0, 0, 1, 1, 0, 0, 0, 1, 0, 0, 0, 0, 1, 0, 0, 0, 1, 1, 0, 1, 1, 0, 0, 0, 1, 0, 0, 1, 1, 1, 1, 0, 1, 0, 0, 0, 0, 0, 0, 1, 0, 0, 0, 0, 0, 0, 0, 0, 1, 1, 1, 1, 0, 1, 0, 0, 0, 1, 1, 1, 0, 1, 0, 1, 1, 0, 0, 0, 0, 0, 0, 0, 1, 0, 1, 1, 1, 0, 1, 1, 0, 1, 0, 1, 0, 1, 0, 0, 1, 1, 1, 0, 0, 0, 1, 0, 0, 0, 0, 1, 0, 0, 0, 0, 1, 0, 1, 0, 1, 0, 0, 1, 0, 0, 0, 0, 0, 1, 0, 0, 1, 1, 0, 1, 0, 1, 0, 0, 0]

BESTCONSDTW=(149, 394, 0.37817258883248733)
LISTCONSDTW=[0, 0, 1, 1, 1, 1, 0, 0, 0, 1, 1, 0, 1, 1, 0, 0, 1, 0, 0, 0, 0, 0, 0, 0, 0, 1, 1, 1, 0, 0, 0, 1, 0, 0, 0, 0, 0, 0, 0, 0, 1, 0, 0, 1, 0, 0, 0, 1, 0, 0, 0, 1, 0, 0, 0, 0, 0, 0, 1, 0, 1, 0, 1, 0, 0, 0, 1, 1, 1, 1, 0, 1, 0, 0, 1, 1, 1, 1, 1, 0, 1, 1, 0, 0, 1, 1, 0, 0, 0, 1, 1, 0, 0, 1, 0, 0, 1, 0, 0, 1, 0, 1, 0, 0, 0, 0, 0, 1, 1, 0, 0, 1, 0, 0, 0, 1, 1, 0, 1, 0, 0, 0, 0, 0, 0, 1, 1, 1, 0, 0, 0, 0, 1, 0, 1, 1, 0, 0, 0, 0, 0, 1, 1, 0, 0, 0, 1, 1, 0, 0, 0, 0, 1, 0, 0, 0, 1, 1, 0, 1, 0, 0, 0, 1, 1, 0, 1, 0, 1, 1, 0, 1, 0, 0, 0, 0, 1, 0, 1, 0, 0, 0, 0, 0, 1, 0, 0, 0, 0, 1, 0, 1, 1, 0, 0, 0, 1, 1, 0, 0, 0, 1, 1, 0, 0, 1, 1, 1, 0, 0, 1, 1, 1, 1, 1, 0, 0, 0, 1, 0, 0, 0, 1, 0, 0, 0, 0, 0, 0, 1, 0, 1, 0, 0, 0, 1, 0, 0, 0, 0, 0, 1, 0, 0, 0, 1, 1, 1, 1, 1, 1, 0, 1, 0, 0, 1, 0, 0, 0, 0, 1, 0, 1, 0, 0, 0, 0, 1, 1, 0, 0, 0, 1, 0, 0, 0, 0, 1, 0, 0, 0, 1, 1, 0, 1, 1, 0, 0, 0, 1, 0, 0, 1, 1, 1, 1, 0, 1, 0, 0, 0, 0, 0, 0, 1, 0, 0, 0, 0, 0, 0, 0, 0, 1, 1, 1, 1, 0, 1, 0, 0, 0, 1, 1, 1, 0, 1, 0, 1, 1, 0, 0, 0, 0, 0, 0, 0, 1, 0, 1, 1, 1, 0, 1, 1, 0, 1, 0, 1, 0, 1, 0, 0, 1, 1, 1, 0, 0, 0, 1, 0, 0, 0, 0, 1, 0, 0, 0, 0, 1, 0, 1, 0, 1, 0, 0, 1, 0, 0, 0, 0, 0, 1, 0, 0, 1, 1, 0, 1, 0, 1, 0, 0, 0]

BESTGEM=(120, 394, 0.30456852791878175)
LISTGEM=[0, 0, 1, 1, 1, 0, 0, 0, 0, 0, 0, 0, 1, 1, 0, 0, 1, 0, 1, 0, 1, 0, 0, 0, 1, 1, 1, 0, 0, 0, 1, 0, 0, 0, 0, 0, 0, 0, 0, 1, 0, 0, 0, 0, 0, 0, 0, 0, 0, 0, 0, 0, 0, 0, 0, 0, 0, 0, 0, 0, 1, 0, 1, 0, 1, 0, 1, 1, 0, 0, 0, 1, 0, 0, 0, 0, 1, 0, 0, 0, 1, 1, 0, 0, 1, 1, 0, 0, 0, 1, 1, 0, 0, 1, 0, 0, 1, 0, 1, 0, 0, 1, 0, 0, 1, 0, 0, 1, 0, 0, 0, 1, 0, 0, 0, 0, 1, 0, 1, 1, 0, 0, 0, 1, 1, 0, 1, 0, 0, 0, 0, 0, 1, 0, 1, 1, 0, 0, 0, 0, 0, 1, 0, 0, 1, 0, 1, 0, 0, 0, 0, 0, 1, 0, 1, 0, 0, 1, 0, 1, 0, 0, 0, 1, 1, 0, 1, 0, 1, 1, 0, 1, 0, 0, 0, 1, 1, 0, 1, 0, 0, 0, 0, 0, 0, 0, 0, 0, 0, 0, 0, 1, 0, 1, 0, 0, 1, 0, 0, 0, 0, 1, 1, 0, 0, 1, 1, 0, 0, 0, 1, 0, 1, 1, 0, 0, 1, 0, 1, 0, 0, 0, 1, 0, 0, 0, 0, 0, 0, 0, 0, 1, 0, 0, 0, 1, 0, 0, 0, 0, 0, 0, 0, 0, 0, 0, 1, 1, 1, 1, 1, 0, 1, 0, 0, 0, 0, 0, 0, 0, 1, 0, 1, 0, 0, 0, 0, 1, 1, 0, 0, 0, 0, 0, 0, 0, 0, 1, 0, 0, 0, 1, 1, 0, 1, 1, 0, 0, 0, 1, 0, 0, 1, 1, 0, 1, 0, 1, 0, 0, 0, 0, 0, 0, 1, 0, 0, 0, 0, 0, 0, 0, 0, 1, 1, 1, 0, 0, 0, 1, 0, 0, 1, 1, 0, 0, 0, 0, 0, 1, 0, 0, 0, 0, 0, 0, 0, 1, 0, 1, 1, 1, 0, 1, 1, 0, 1, 0, 1, 0, 1, 0, 0, 0, 0, 0, 0, 0, 0, 1, 0, 0, 0, 0, 1, 0, 0, 0, 0, 0, 0, 1, 0, 1, 0, 0, 0, 0, 0, 0, 1, 0, 0, 0, 0, 1, 1, 0, 1, 0, 1, 0, 1, 0]

