# shuffled stratified split (indices referring to UCR database)
TESTINDEX=[334 226 127 487 391 472 158  78 548 468 267 577 612 475 167 266 119 626
 376 130 550 269 602 528  72 495 622 113 325 164   4 566 450  92 633 159
 404 525 131 173 483 501 452 145 219 222 264 140 183  10 181 464  12 519
 214 191 588 382 424 262 414 527 594 198 429 218 246 526 453 363  81 604
 554 274 388 454 154 493 634 619  48 287 100 161 395 572 292 481 516 361
 610 258 193 135 150 213 144 286 335  82  94 599 532 291 152 347 282 290
 309 285 178 318 615 558 101 375 551 117 639 248 621 485 163 223 245 649
 186  89 423  32 207 488 313 465 344  39 390 307  60 200 241 234 197 211
 413 294 512 517 415 605 302 373 486 562 247 457 107 628  87 600  95 529
 399  25 552  53  74 366 608  67 598 367 422   6 188 392 143 643 489 177
 168 632 283 122 496  38 542 299 319  46 515 362 582 444 195 201 316 353
 559 431 563   1  90 564  16 189 272 118  98 573 124  59 641 271 369 381
 480 567 478 239 467 644 398 129 244  45 635 592 210 433 240 506  33 156
 587 254 324 298 555 265 520 470  69 583 437 102 337 430 259 355 502 631
 212 288 202 574 260 176 544  99 425  44  37 556 505 476 365  22 575 508
 482  24 383 466  68  75 230 614  15 305 225 377 514  52 217 106 358 646
 108 479 104 115 278  70 329 540 320 647 170 593 148 180 175 314 196 235
 232 165  31 128 330 315 364 139 403 303   8 394 397  43 160 494 537 636
 105 609 648 208 436 155 256 560 203 536 215 242   0 510  96 111 417 447
 490 428 132 474 280 171 336 342 531 326 304 252   5 539 133 238 187 273
 642 405 229   9  65 236 385  91 534 410 463 446 253  49  42 624  62  30
 409 389 533 458 571 434 185 595 237 359 569 408  54 284 110 547 449 296
 504 261 448 103 125 440 597 174 521  84 530 524 518  11  55 645 442 584
 227 586 393 445 120 620 421 503 451 384 538 576 400 263 293 459 545 221
 275 535 416 549  80  66  86 348 220 182 346 157  77 153 147 357 356 432
 461  34  28 500 343 401 194 149  63 199 114 491 585 617 142 625 443 543
 419 137 243  27  61 179 190 270 300 216 151 396 380 616   7 589 209 469
 338 331 206 613 322 255 323 374 112 126 333  35  47 511 371  19 233 321
 268 339 134 498 277 441 360 172 138 249 192 513 406 553 345 116 349 250
 310 435   3 426 297 308 312 637  29 611 311 627 568  18 456 603 352 557
 580 281 341 327 581 251 387 492 455]
TRAININDEX=[ 93 228  88 407 509 420 412 497 317 477  50 546 541 136 328 379  17 354
 205  14 438 162  85  26 402 204 295  57  20 570  23 507 146 596 629  41
 561 638  83 427 579 640 231 578 350  76 184  71  97 332 499 169   2  58
 471 607 306 411 590  79 601  36 257 340 166 289  13 522 473 351 372 123
 460 121 606 484 378 224 462  64 418 565 523 370  73 630 591  56 386 276
  40 439 368 279 623 141 618 109 301  21  51]

# learned parameters for cdtw and gem
# dtw ((error, size, error/size), (window, sqr))
# gem ((error, size, error/size), (St0, St1, E, sym, sqr))
BESTLEARNCONSDTW=((54, 101, 0.53465346534653468), (0.11, True))
LISTLEARNCONSDTW=[((54, 101, 0.53465346534653468), (0.050000000000000003, True)), ((54, 101, 0.53465346534653468), (0.10000000000000001, True)), ((54, 101, 0.53465346534653468), (0.11, True)), ((54, 101, 0.53465346534653468), (0.12, True)), ((54, 101, 0.53465346534653468), (0.14000000000000001, True)), ((55, 101, 0.54455445544554459), (0.02, True)), ((55, 101, 0.54455445544554459), (0.089999999999999997, True)), ((55, 101, 0.54455445544554459), (0.13, True)), ((55, 101, 0.54455445544554459), (0.14999999999999999, True)), ((55, 101, 0.54455445544554459), (0.16, True)), ((56, 101, 0.5544554455445545), (0.070000000000000007, True)), ((56, 101, 0.5544554455445545), (0.080000000000000002, True)), ((56, 101, 0.5544554455445545), (0.17000000000000001, True)), ((56, 101, 0.5544554455445545), (0.17999999999999999, True)), ((56, 101, 0.5544554455445545), (0.19, True)), ((56, 101, 0.5544554455445545), (0.20000000000000001, True)), ((57, 101, 0.5643564356435643), (0.0, True)), ((57, 101, 0.5643564356435643), (0.059999999999999998, True)), ((58, 101, 0.57425742574257421), (0.01, True)), ((59, 101, 0.58415841584158412), (0.029999999999999999, True)), ((59, 101, 0.58415841584158412), (0.040000000000000001, True))]

BESTLEARNGEM=((43, 101, 0.42574257425742573), (2, 1, 0.015625, True, True))
LISTLEARNGEM=[((43, 101, 0.42574257425742573), (2, 1, 0.00390625, True, True)), ((43, 101, 0.42574257425742573), (2, 1, 0.015625, True, True)), ((43, 101, 0.42574257425742573), (2, 1, 0.03125, True, True)), ((44, 101, 0.43564356435643564), (2, 1, 0.0078125, True, True)), ((46, 101, 0.45544554455445546), (2, 1, 0.0625, True, True)), ((49, 101, 0.48514851485148514), (2, 2, 0.015625, True, True)), ((50, 101, 0.49504950495049505), (2, 2, 0.0078125, True, True)), ((51, 101, 0.50495049504950495), (2, 1, 0.125, True, True)), ((51, 101, 0.50495049504950495), (2, 2, 0.00390625, True, True)), ((52, 101, 0.51485148514851486), (2, 2, 0.25, True, True)), ((53, 101, 0.52475247524752477), (2, 2, 0, True, True)), ((53, 101, 0.52475247524752477), (2, 2, 0.03125, True, True)), ((54, 101, 0.53465346534653468), (2, 2, 0.0625, True, True)), ((55, 101, 0.54455445544554459), (2, 2, 0.125, True, True)), ((58, 101, 0.57425742574257421), (2, 2, 0.5, True, True)), ((60, 101, 0.59405940594059403), (1, 1, 0, True, True)), ((60, 101, 0.59405940594059403), (1, 1, 0.00390625, True, True)), ((60, 101, 0.59405940594059403), (1, 1, 0.0078125, True, True)), ((60, 101, 0.59405940594059403), (1, 2, 0, True, True)), ((60, 101, 0.59405940594059403), (1, 2, 0.00390625, True, True)), ((60, 101, 0.59405940594059403), (1, 2, 0.0078125, True, True)), ((62, 101, 0.61386138613861385), (1, 1, 0.015625, True, True)), ((62, 101, 0.61386138613861385), (1, 2, 0.015625, True, True)), ((63, 101, 0.62376237623762376), (2, 1, 0, True, True)), ((65, 101, 0.64356435643564358), (1, 1, 0.03125, True, True)), ((65, 101, 0.64356435643564358), (1, 2, 0.03125, True, True)), ((67, 101, 0.6633663366336634), (1, 1, 0.25, True, True)), ((67, 101, 0.6633663366336634), (1, 2, 0.25, True, True)), ((67, 101, 0.6633663366336634), (2, 1, 0.25, True, True)), ((68, 101, 0.67326732673267331), (1, 1, 0.0625, True, True)), ((68, 101, 0.67326732673267331), (1, 1, 0.125, True, True)), ((68, 101, 0.67326732673267331), (1, 2, 0.0625, True, True)), ((68, 101, 0.67326732673267331), (1, 2, 0.125, True, True)), ((69, 101, 0.68316831683168322), (1, 1, 0.5, True, True)), ((69, 101, 0.68316831683168322), (1, 2, 0.5, True, True)), ((76, 101, 0.75247524752475248), (2, 1, 0.5, True, True))]


# error rates for different distance measures
# (error, size, error/size) and binary mask
BESTLP=(368, 549, 0.67030965391621133)
LISTLP=[0, 0, 1, 1, 0, 1, 1, 1, 1, 1, 1, 1, 0, 1, 0, 1, 1, 1, 0, 1, 0, 1, 1, 1, 0, 1, 0, 0, 0, 1, 1, 1, 1, 0, 1, 1, 0, 0, 0, 1, 1, 1, 1, 1, 0, 1, 1, 1, 1, 1, 0, 1, 1, 1, 1, 1, 1, 0, 1, 1, 1, 1, 0, 0, 1, 1, 0, 0, 1, 1, 1, 1, 1, 1, 1, 0, 1, 1, 0, 1, 1, 1, 1, 1, 1, 1, 1, 0, 1, 0, 1, 1, 1, 0, 0, 0, 1, 1, 1, 1, 0, 1, 1, 1, 1, 0, 1, 1, 0, 1, 1, 0, 0, 0, 1, 1, 1, 1, 0, 0, 0, 1, 1, 1, 0, 1, 0, 0, 1, 0, 1, 1, 0, 0, 1, 1, 1, 1, 1, 0, 1, 1, 0, 1, 1, 1, 1, 0, 0, 0, 0, 0, 1, 1, 1, 1, 0, 1, 1, 0, 0, 1, 1, 1, 1, 1, 1, 1, 0, 1, 1, 1, 1, 1, 1, 1, 1, 0, 1, 0, 1, 0, 0, 1, 1, 1, 0, 1, 0, 1, 1, 0, 1, 1, 1, 0, 1, 1, 0, 0, 1, 1, 0, 1, 1, 1, 1, 0, 1, 1, 0, 0, 0, 1, 0, 1, 0, 1, 1, 0, 0, 1, 1, 1, 1, 0, 1, 0, 0, 1, 0, 1, 1, 1, 1, 0, 0, 1, 0, 0, 0, 1, 1, 1, 0, 1, 0, 0, 0, 1, 1, 1, 1, 0, 1, 0, 1, 1, 1, 0, 1, 1, 1, 1, 1, 1, 1, 1, 1, 0, 0, 1, 0, 1, 0, 1, 0, 1, 1, 1, 1, 1, 0, 1, 1, 0, 0, 0, 0, 0, 1, 1, 1, 0, 0, 1, 1, 1, 1, 1, 0, 1, 1, 0, 1, 1, 0, 1, 1, 0, 1, 1, 1, 1, 1, 0, 0, 1, 0, 1, 1, 0, 1, 1, 1, 0, 1, 1, 1, 0, 1, 0, 1, 1, 1, 0, 1, 1, 1, 1, 1, 1, 1, 1, 1, 0, 1, 1, 0, 1, 0, 1, 0, 1, 1, 1, 1, 1, 1, 1, 1, 0, 1, 1, 1, 1, 1, 0, 1, 0, 1, 1, 0, 1, 1, 1, 1, 1, 1, 1, 0, 1, 1, 1, 0, 0, 1, 1, 1, 0, 1, 0, 0, 0, 0, 0, 0, 0, 1, 1, 0, 1, 0, 1, 0, 0, 0, 1, 1, 1, 0, 1, 1, 1, 1, 1, 1, 1, 0, 1, 0, 0, 1, 1, 1, 0, 1, 1, 1, 1, 0, 1, 0, 1, 1, 0, 1, 1, 0, 0, 1, 1, 1, 0, 1, 1, 1, 1, 1, 1, 1, 1, 0, 0, 1, 1, 1, 0, 1, 1, 0, 0, 0, 1, 0, 1, 0, 1, 1, 1, 1, 1, 1, 1, 1, 1, 0, 1, 0, 1, 1, 1, 1, 1, 1, 0, 0, 0, 1, 0, 1, 1, 1, 1, 0, 0, 0, 1, 1, 1, 0, 1, 1, 1, 0, 1, 1, 1, 1, 1, 1, 1, 0, 0, 1, 1, 1, 1, 1, 0, 1, 1, 1, 0, 1, 1, 0, 0, 0, 1, 1, 1, 1, 0, 1, 1, 1, 1, 0, 0, 1, 1, 1, 1, 1, 1, 0, 0, 1]

BESTFULLDTW=(336, 549, 0.61202185792349728)
LISTFULLDTW=[0, 0, 1, 1, 1, 1, 0, 1, 1, 1, 1, 1, 0, 0, 0, 1, 1, 0, 0, 1, 0, 1, 1, 1, 0, 1, 0, 1, 1, 1, 0, 0, 1, 0, 1, 1, 1, 0, 0, 1, 1, 1, 1, 1, 0, 0, 0, 1, 1, 1, 0, 1, 1, 1, 1, 1, 1, 1, 1, 0, 0, 1, 1, 0, 0, 1, 1, 1, 1, 1, 1, 1, 1, 1, 0, 0, 0, 0, 0, 0, 0, 1, 0, 1, 1, 1, 1, 0, 1, 1, 1, 0, 1, 1, 1, 0, 0, 0, 1, 0, 1, 1, 1, 0, 1, 0, 1, 1, 1, 1, 1, 1, 0, 1, 1, 1, 1, 0, 1, 1, 1, 0, 1, 1, 0, 1, 1, 0, 1, 0, 1, 1, 0, 1, 1, 0, 0, 1, 0, 0, 1, 1, 0, 1, 1, 1, 1, 0, 0, 0, 1, 1, 1, 0, 1, 0, 0, 0, 1, 0, 1, 0, 1, 1, 1, 1, 1, 0, 1, 0, 1, 1, 1, 1, 1, 1, 1, 1, 0, 0, 1, 1, 0, 0, 0, 0, 0, 1, 0, 1, 1, 1, 1, 1, 0, 1, 1, 1, 1, 0, 1, 1, 0, 1, 0, 1, 1, 0, 1, 1, 0, 0, 1, 1, 0, 1, 0, 1, 0, 0, 1, 1, 1, 0, 1, 1, 0, 0, 0, 1, 1, 1, 1, 1, 1, 1, 0, 0, 0, 1, 0, 1, 1, 1, 0, 1, 0, 0, 1, 1, 1, 0, 1, 0, 1, 0, 1, 1, 1, 1, 0, 1, 0, 1, 1, 1, 0, 1, 1, 0, 0, 1, 0, 1, 1, 1, 1, 0, 0, 1, 1, 1, 0, 1, 1, 1, 1, 0, 1, 1, 0, 1, 1, 1, 0, 1, 1, 1, 1, 1, 0, 1, 0, 1, 1, 0, 0, 1, 1, 0, 1, 0, 0, 1, 0, 0, 0, 0, 0, 1, 1, 0, 0, 1, 1, 0, 1, 1, 0, 0, 1, 0, 1, 1, 1, 1, 0, 0, 1, 0, 0, 1, 1, 1, 1, 1, 0, 0, 1, 1, 0, 1, 0, 1, 1, 1, 1, 1, 0, 1, 1, 0, 0, 1, 1, 1, 1, 0, 0, 0, 0, 1, 0, 1, 1, 1, 1, 0, 1, 1, 1, 1, 0, 1, 0, 1, 0, 0, 1, 0, 0, 1, 0, 1, 1, 1, 1, 0, 0, 1, 0, 1, 0, 0, 0, 0, 0, 1, 0, 1, 0, 1, 1, 1, 0, 1, 1, 1, 1, 1, 0, 0, 1, 0, 1, 0, 1, 1, 1, 1, 1, 1, 0, 0, 1, 1, 1, 0, 1, 1, 0, 0, 1, 0, 1, 1, 1, 0, 1, 1, 1, 1, 0, 0, 1, 0, 1, 0, 1, 1, 0, 1, 0, 1, 0, 1, 0, 0, 1, 0, 1, 1, 0, 1, 1, 0, 1, 1, 0, 1, 1, 1, 1, 1, 1, 1, 0, 0, 1, 1, 1, 1, 0, 1, 0, 1, 1, 0, 1, 1, 0, 1, 0, 0, 0, 1, 1, 0, 1, 1, 1, 1, 1, 0, 1, 1, 1, 0, 1, 0, 1, 1, 1, 1, 0, 1, 0, 0, 0, 0, 1, 0, 0, 0, 1, 0, 0, 0, 1, 0, 1, 1, 1, 1, 1, 0, 0, 0, 1]

BESTCONSDTW=(335, 549, 0.61020036429872493)
LISTCONSDTW=[0, 0, 0, 1, 1, 1, 1, 1, 1, 1, 1, 1, 0, 0, 0, 1, 1, 0, 0, 1, 0, 1, 1, 1, 0, 1, 0, 1, 1, 1, 0, 0, 1, 1, 1, 1, 1, 0, 0, 1, 1, 1, 1, 1, 0, 0, 0, 1, 1, 1, 0, 1, 1, 1, 1, 1, 1, 1, 1, 0, 0, 1, 1, 0, 0, 1, 1, 1, 1, 1, 1, 1, 1, 1, 0, 0, 0, 1, 0, 0, 0, 1, 0, 1, 1, 1, 1, 0, 1, 1, 1, 0, 1, 1, 1, 0, 0, 0, 1, 0, 1, 1, 1, 0, 1, 0, 1, 1, 1, 1, 1, 1, 0, 1, 1, 1, 1, 0, 1, 1, 1, 0, 1, 1, 0, 1, 1, 0, 1, 1, 1, 1, 0, 1, 1, 0, 0, 0, 0, 0, 1, 1, 0, 1, 1, 1, 1, 0, 0, 0, 1, 1, 1, 0, 1, 0, 0, 0, 1, 0, 1, 0, 1, 1, 1, 1, 1, 0, 1, 0, 1, 1, 1, 1, 1, 1, 1, 1, 0, 0, 0, 1, 0, 0, 0, 1, 0, 1, 0, 1, 1, 1, 1, 1, 0, 1, 1, 1, 1, 0, 1, 1, 0, 1, 0, 1, 1, 0, 1, 1, 0, 0, 1, 1, 0, 1, 0, 1, 0, 0, 1, 1, 1, 0, 1, 1, 0, 0, 0, 1, 1, 1, 1, 1, 1, 1, 0, 0, 0, 1, 0, 1, 1, 1, 0, 1, 0, 0, 1, 1, 1, 0, 1, 0, 1, 0, 1, 1, 1, 1, 0, 1, 0, 1, 1, 0, 0, 1, 1, 0, 0, 1, 0, 1, 1, 0, 1, 0, 0, 1, 1, 0, 0, 1, 1, 0, 1, 0, 1, 1, 0, 1, 1, 0, 0, 1, 1, 1, 1, 1, 0, 1, 0, 1, 1, 0, 0, 1, 1, 0, 1, 0, 1, 1, 0, 0, 0, 0, 0, 1, 1, 0, 0, 1, 1, 0, 1, 1, 0, 0, 1, 0, 1, 1, 1, 1, 0, 0, 1, 1, 1, 1, 1, 1, 1, 1, 0, 0, 1, 1, 0, 1, 0, 1, 1, 1, 1, 1, 0, 1, 1, 0, 0, 1, 1, 1, 1, 0, 0, 0, 1, 1, 0, 1, 1, 1, 1, 0, 1, 1, 1, 1, 0, 1, 0, 0, 0, 0, 1, 0, 0, 1, 0, 1, 1, 1, 1, 0, 0, 1, 0, 0, 0, 0, 0, 0, 0, 1, 0, 1, 0, 1, 1, 1, 0, 1, 1, 0, 1, 1, 0, 1, 1, 0, 1, 0, 1, 1, 1, 1, 1, 1, 0, 0, 1, 1, 1, 0, 1, 1, 0, 0, 1, 0, 1, 1, 1, 1, 1, 1, 0, 1, 0, 0, 1, 0, 1, 0, 1, 1, 0, 1, 0, 1, 0, 1, 0, 0, 1, 1, 1, 1, 0, 1, 1, 0, 1, 1, 0, 1, 0, 1, 1, 1, 1, 1, 0, 0, 1, 1, 1, 1, 0, 0, 0, 1, 1, 0, 1, 1, 0, 1, 0, 1, 0, 1, 1, 0, 1, 1, 1, 1, 1, 0, 1, 1, 1, 0, 0, 0, 1, 1, 1, 1, 0, 1, 0, 0, 0, 0, 1, 0, 0, 0, 1, 0, 0, 1, 1, 0, 1, 1, 1, 1, 1, 0, 0, 0, 1]

BESTGEM=(305, 549, 0.55555555555555558)
LISTGEM=[0, 0, 1, 1, 1, 1, 1, 1, 1, 0, 0, 1, 0, 0, 1, 1, 1, 0, 0, 1, 1, 1, 1, 1, 0, 1, 0, 0, 0, 1, 0, 1, 1, 1, 1, 0, 1, 1, 0, 1, 0, 0, 1, 1, 0, 0, 1, 1, 1, 1, 0, 1, 0, 0, 1, 1, 1, 1, 0, 0, 1, 1, 1, 0, 0, 1, 1, 0, 1, 0, 1, 0, 0, 1, 0, 0, 0, 1, 0, 0, 0, 1, 1, 1, 1, 1, 1, 1, 0, 1, 1, 0, 1, 1, 1, 0, 0, 1, 1, 1, 0, 1, 1, 0, 0, 0, 1, 1, 0, 1, 1, 1, 0, 1, 1, 0, 1, 0, 0, 0, 0, 1, 1, 1, 0, 1, 0, 0, 1, 0, 1, 1, 0, 0, 1, 0, 1, 1, 0, 1, 1, 1, 0, 1, 1, 1, 0, 1, 1, 0, 1, 1, 0, 1, 1, 0, 0, 0, 1, 0, 0, 0, 1, 1, 1, 1, 0, 0, 1, 0, 1, 1, 1, 1, 0, 1, 0, 1, 0, 0, 1, 0, 0, 0, 0, 1, 0, 1, 0, 0, 1, 1, 0, 0, 0, 1, 1, 1, 0, 1, 1, 1, 0, 1, 1, 1, 1, 0, 0, 1, 0, 0, 1, 1, 0, 1, 0, 1, 0, 0, 1, 0, 1, 1, 1, 0, 0, 0, 0, 0, 1, 1, 1, 1, 1, 0, 0, 1, 0, 1, 0, 1, 1, 1, 0, 1, 0, 1, 1, 0, 1, 0, 1, 0, 1, 0, 1, 1, 1, 1, 0, 1, 0, 1, 1, 1, 1, 1, 0, 0, 0, 1, 0, 1, 1, 1, 0, 0, 0, 1, 1, 0, 0, 0, 1, 1, 0, 0, 0, 0, 0, 1, 1, 0, 0, 1, 1, 1, 0, 1, 0, 1, 0, 0, 1, 1, 0, 1, 1, 0, 0, 0, 1, 1, 0, 0, 0, 1, 0, 0, 1, 0, 1, 0, 1, 0, 1, 1, 1, 0, 0, 0, 1, 0, 1, 0, 0, 0, 1, 0, 0, 1, 1, 1, 1, 1, 1, 1, 1, 1, 0, 1, 0, 0, 1, 1, 1, 1, 0, 1, 1, 0, 0, 1, 1, 1, 1, 0, 0, 1, 1, 1, 0, 1, 1, 1, 1, 0, 1, 1, 1, 1, 0, 1, 0, 0, 0, 0, 1, 0, 0, 1, 1, 1, 0, 0, 1, 0, 0, 1, 1, 0, 0, 0, 1, 0, 0, 0, 1, 1, 0, 1, 1, 1, 1, 1, 1, 0, 1, 1, 0, 1, 1, 0, 1, 0, 0, 1, 0, 1, 1, 1, 0, 0, 1, 1, 1, 0, 0, 1, 0, 0, 1, 0, 1, 1, 0, 1, 1, 1, 0, 0, 0, 0, 1, 1, 1, 0, 0, 1, 0, 1, 0, 1, 0, 1, 0, 0, 1, 1, 1, 1, 1, 1, 1, 0, 1, 1, 0, 1, 0, 1, 1, 0, 1, 1, 0, 0, 0, 0, 0, 0, 0, 1, 0, 1, 1, 0, 1, 0, 0, 0, 0, 0, 0, 1, 0, 1, 1, 1, 0, 1, 1, 1, 0, 1, 1, 1, 1, 0, 0, 0, 1, 1, 1, 1, 0, 1, 0, 0, 1, 1, 0, 0, 1, 1, 0, 1, 0, 0, 1, 1, 1, 1, 1, 1, 0, 0, 1]

