# shuffled stratified split (indices referring to UCR database)
TESTINDEX=[ 41  96  21 168 112  47 194 146 184  14 143 145  40 186 162 149  67 116
 150  86  35  59 192 185  89  18 161  88  13  98  65  87  57  82  30 187
 171  58 160 188   1   5 110 174 128 131  39  85  26  64   8 120  42  75
  20  81 166   2  22 119 135 195 156 189 129 179  90 139 199  51 109 138
  25 114  54  32 175 107  84 177  16 198 105 142  71 155 165 178  31  17
  70  36   3  80 153 147 176 101 113 148  73  56  37  94  92  45  66  48
  69 197 141 169 181  99  74 180  95  76 170 106   9 111  23  10 126 133
  91  44  49 152 151  63 190  19 124 196 121  15  38 164  24  72   4 163
 122   0  62 115  83  77]
TRAININDEX=[144 118 136 108  34  27 123 104 158  60 182 132 102  78  68 183 117 130
 137 191  93 103  61  52  79  53 167  33   6  28 100 127  12 172  55 134
  29  46  50 125  43 193   7 159  11 140 173 157  97 154]

# learned parameters for cdtw and gem
# dtw ((error, size, error/size), (window, sqr))
# gem ((error, size, error/size), (St0, St1, E, sym, sqr))
BESTLEARNCONSDTW=((1, 50, 0.02), (0.040000000000000001, True))
LISTLEARNCONSDTW=[((1, 50, 0.02), (0.040000000000000001, True)), ((2, 50, 0.04), (0.050000000000000003, True)), ((2, 50, 0.04), (0.059999999999999998, True)), ((2, 50, 0.04), (0.070000000000000007, True)), ((2, 50, 0.04), (0.089999999999999997, True)), ((2, 50, 0.04), (0.10000000000000001, True)), ((2, 50, 0.04), (0.11, True)), ((3, 50, 0.06), (0.080000000000000002, True)), ((3, 50, 0.06), (0.12, True)), ((3, 50, 0.06), (0.13, True)), ((4, 50, 0.08), (0.029999999999999999, True)), ((5, 50, 0.1), (0.02, True)), ((5, 50, 0.1), (0.14000000000000001, True)), ((5, 50, 0.1), (0.14999999999999999, True)), ((5, 50, 0.1), (0.16, True)), ((5, 50, 0.1), (0.17000000000000001, True)), ((5, 50, 0.1), (0.17999999999999999, True)), ((5, 50, 0.1), (0.19, True)), ((5, 50, 0.1), (0.20000000000000001, True)), ((7, 50, 0.14), (0.01, True)), ((9, 50, 0.18), (0.0, True))]

BESTLEARNGEM=((0, 50, 0.0), (2, 2, 0.0078125, True, True))
LISTLEARNGEM=[((0, 50, 0.0), (2, 2, 0, True, True)), ((0, 50, 0.0), (2, 2, 0.00390625, True, True)), ((0, 50, 0.0), (2, 2, 0.0078125, True, True)), ((0, 50, 0.0), (2, 2, 0.015625, True, True)), ((0, 50, 0.0), (2, 2, 0.03125, True, True)), ((1, 50, 0.02), (2, 1, 0.03125, True, True)), ((1, 50, 0.02), (2, 1, 0.125, True, True)), ((1, 50, 0.02), (2, 1, 0.25, True, True)), ((1, 50, 0.02), (2, 1, 0.5, True, True)), ((1, 50, 0.02), (2, 2, 0.0625, True, True)), ((1, 50, 0.02), (2, 2, 0.25, True, True)), ((1, 50, 0.02), (2, 2, 0.5, True, True)), ((2, 50, 0.04), (2, 1, 0, True, True)), ((2, 50, 0.04), (2, 1, 0.00390625, True, True)), ((2, 50, 0.04), (2, 1, 0.0078125, True, True)), ((2, 50, 0.04), (2, 1, 0.015625, True, True)), ((2, 50, 0.04), (2, 1, 0.0625, True, True)), ((2, 50, 0.04), (2, 2, 0.125, True, True)), ((9, 50, 0.18), (1, 1, 0, True, True)), ((9, 50, 0.18), (1, 1, 0.00390625, True, True)), ((9, 50, 0.18), (1, 1, 0.0078125, True, True)), ((9, 50, 0.18), (1, 1, 0.015625, True, True)), ((9, 50, 0.18), (1, 1, 0.03125, True, True)), ((9, 50, 0.18), (1, 1, 0.0625, True, True)), ((9, 50, 0.18), (1, 1, 0.125, True, True)), ((9, 50, 0.18), (1, 1, 0.25, True, True)), ((9, 50, 0.18), (1, 1, 0.5, True, True)), ((9, 50, 0.18), (1, 2, 0, True, True)), ((9, 50, 0.18), (1, 2, 0.00390625, True, True)), ((9, 50, 0.18), (1, 2, 0.0078125, True, True)), ((9, 50, 0.18), (1, 2, 0.015625, True, True)), ((9, 50, 0.18), (1, 2, 0.03125, True, True)), ((9, 50, 0.18), (1, 2, 0.0625, True, True)), ((9, 50, 0.18), (1, 2, 0.125, True, True)), ((9, 50, 0.18), (1, 2, 0.25, True, True)), ((9, 50, 0.18), (1, 2, 0.5, True, True))]


# error rates for different distance measures
# (error, size, error/size) and binary mask
BESTLP=(24, 150, 0.16)
LISTLP=[0, 0, 0, 0, 0, 1, 0, 0, 0, 0, 0, 0, 0, 0, 0, 0, 0, 0, 0, 0, 0, 0, 0, 0, 0, 1, 0, 0, 0, 0, 0, 1, 0, 0, 0, 1, 0, 0, 0, 0, 0, 1, 1, 0, 0, 0, 0, 0, 0, 0, 1, 0, 0, 1, 0, 0, 1, 0, 1, 0, 0, 0, 0, 0, 0, 0, 0, 0, 0, 1, 0, 0, 0, 0, 0, 0, 0, 0, 0, 0, 0, 0, 0, 0, 0, 1, 0, 0, 0, 1, 1, 0, 0, 0, 0, 1, 0, 0, 0, 0, 0, 0, 0, 1, 0, 0, 0, 1, 1, 0, 0, 0, 0, 0, 0, 0, 0, 0, 1, 0, 0, 0, 0, 0, 0, 0, 0, 0, 1, 0, 0, 0, 1, 0, 0, 0, 0, 0, 0, 0, 0, 1, 0, 0, 1, 0, 0, 0, 1, 0]

BESTFULLDTW=(25, 150, 0.16666666666666666)
LISTFULLDTW=[0, 1, 0, 0, 0, 0, 0, 0, 0, 0, 0, 0, 0, 0, 0, 0, 1, 0, 0, 0, 0, 0, 0, 1, 0, 0, 0, 0, 0, 0, 0, 0, 1, 0, 1, 1, 0, 1, 0, 0, 0, 0, 1, 0, 0, 1, 0, 1, 0, 0, 0, 0, 0, 1, 0, 0, 0, 0, 0, 0, 0, 1, 0, 0, 0, 0, 0, 0, 0, 0, 0, 0, 0, 0, 0, 0, 0, 1, 0, 0, 0, 0, 0, 0, 1, 1, 0, 0, 0, 0, 1, 0, 0, 0, 0, 1, 0, 0, 0, 0, 0, 0, 0, 1, 0, 0, 0, 1, 1, 0, 1, 0, 0, 0, 0, 0, 0, 0, 0, 0, 0, 0, 0, 0, 0, 0, 0, 0, 0, 0, 1, 0, 1, 1, 0, 0, 0, 0, 0, 0, 0, 0, 0, 0, 1, 0, 0, 0, 0, 0]

BESTCONSDTW=(3, 150, 0.02)
LISTCONSDTW=[0, 0, 0, 0, 0, 0, 0, 0, 0, 0, 0, 0, 0, 0, 0, 0, 0, 0, 0, 0, 0, 0, 0, 0, 0, 0, 0, 0, 0, 0, 0, 0, 0, 0, 0, 0, 0, 0, 0, 0, 0, 0, 1, 0, 0, 0, 0, 0, 0, 0, 0, 0, 0, 0, 0, 0, 0, 0, 0, 0, 0, 0, 0, 0, 0, 0, 0, 0, 0, 0, 0, 0, 0, 0, 0, 0, 0, 0, 0, 0, 0, 0, 0, 0, 0, 0, 0, 0, 0, 0, 0, 0, 0, 0, 0, 0, 0, 0, 0, 0, 0, 0, 0, 1, 0, 0, 0, 0, 0, 0, 1, 0, 0, 0, 0, 0, 0, 0, 0, 0, 0, 0, 0, 0, 0, 0, 0, 0, 0, 0, 0, 0, 0, 0, 0, 0, 0, 0, 0, 0, 0, 0, 0, 0, 0, 0, 0, 0, 0, 0]

BESTGEM=(5, 150, 0.03333333333333333)
LISTGEM=[0, 0, 0, 0, 0, 0, 0, 0, 0, 0, 0, 0, 0, 0, 0, 0, 0, 0, 0, 0, 0, 1, 0, 0, 0, 0, 0, 0, 0, 0, 0, 0, 0, 0, 0, 0, 0, 0, 1, 0, 0, 0, 1, 0, 0, 0, 0, 0, 0, 0, 0, 0, 0, 0, 0, 0, 1, 0, 0, 0, 0, 0, 0, 0, 0, 0, 0, 0, 0, 0, 0, 0, 0, 0, 0, 0, 0, 0, 0, 0, 0, 0, 0, 0, 0, 0, 0, 0, 0, 0, 0, 0, 0, 0, 0, 0, 0, 0, 0, 0, 0, 0, 0, 1, 0, 0, 0, 0, 0, 0, 0, 0, 0, 0, 0, 0, 0, 0, 0, 0, 0, 0, 0, 0, 0, 0, 0, 0, 0, 0, 0, 0, 0, 0, 0, 0, 0, 0, 0, 0, 0, 0, 0, 0, 0, 0, 0, 0, 0, 0]

