# shuffled stratified split (indices referring to UCR database)
TESTINDEX=[317 490 346 638 300 109 498 159 611  74 304 580 130 598 500 186  52 278
  92 671 100 360 121 717 297 761 615 335 319 511 324 700 227 154 161 755
 756 136 495 255 675 119 730 464 549 639 155 122 697  22 320 279 309 163
 198 699 778  26 383 204 294 336 406 562 765 123  89  91 609 260 215 107
 531 473 315 572 759 620 193 635 312 246 371 690 285 364   6 728 139 515
 191 104 306 182 441 305 241  72  16  32 379 388 284 417 443 619 460 427
 288  48 434 617  20 149 407  68 636 561 458 327 479 725 437 493 560 594
 333 392   7 179 656 200 706 334 571 661 273 237 142 463 108 555 731 283
 724 183 747 646 592 559 110 376 411 184 206 150 476 524 672 332 347 773
 721  76 514  69   0 357 217  49  77 564 375 530 508 625 338   2 741 232
 688 292 589 266 386 314  95 605 528  47 629 350 666 715 280 626 680   4
 687 318 125 412 116 648 390 361 229 146 552 202 459 480 483 143 722 709
 404 358 400 590 644   9 281 622  33 668 299  67 579 401 760 296 370 696
 270 103 574 657 425 492 216 134 113 674 612 218 253 167  80 239 777   5
 588 175 145 209 152 485 210 133 539  58 276 593 394 596 466  31 704  42
 454 381 650 497 177 432 341 518 352 240 178  88 568 763 403 173 506 196
 694 132 503 221 563 582 467  85 212 554 141 247 429 452 716 153 391 482
 451 527 151 313 126 659 669 711 457 424  73 274 355 112 415 642 430 517
 295  36 535 509 408  65 758 228 525 540 660 448 413 604 117 770  55 366
 275 170 362 597 416 235 491 447 544 779 678 470 677 298 684  53 586 342
 631 570  35 356 205 616 510 583  21 477 769 385  24 233 484 512 685  93
 738 428 162 449 581 533 481  29 547 340 488 520 522 465 128  15]
TRAININDEX=[693  46 691  78 610 226 606 575 405 637 613  30 565 621 507 302  13 290
 651 289 115 310   1 682 469 754 169 436  56  97 603 681 662 220 293 453
 614 556 541 557  14 262 475 174 277 351 523 135 695 676 138 398  98   8
 414  38 746 164 733 550 389 363 600 521 168 242 267 587 707 630 120 640
 225 641 665 543 291 250 737 137 768 105  44 331 190 158 339 254 180 499
 353 272  23 194 147 692 472 753 468 248 577 569 207 735 129 474 736 368
 739 632 265 372 750 160 505 748 780 633 653 576 395 595 601 261 402 654
 624 156 548 627 367 456 322 124 187 450 689 223 762 243 197 201 714 311
 359 127 238  19 643 231 249 349 679 131  99 399 208 148 181 420 536 144
 767 244 757 742 551 628 723 329 303 686 623 713  64 234  70  82 199 718
 487 344 188 502 734 393 702 740 673  28 749 566 166  66  57 106 419 602
 444 397  96 256 664 222 264 282 745 752 435 176 380 323 538 471 258 321
 776 618 732 421 348 573 118 712 203  18 553 578 111 710  54 546  43 701
 211 708 545 431  94 378 537 213 287  71  61  83 652 764  59 245 486 705
 330 328 634 114   3 140 192 494 373 325 343  39  51 727  11 766 195 316
 409 387 542  84 214 171 698  86 308 422 496 513 101 396  34 744 418 354
 268 461 426 462 567 670 337 599 326 743 751 172  50 504  45  62  79 658
 374 726  81 102  90 532 423 703 534 230 647 438 516 286 645 771 301 775
 263 529 345  75 382 236 224  10 478  87  41  25 442 410 649  60  17 377
 219 157 269 165 185 307  37 719 720 252 729 446 683 445 384 189 439 489
 455 440  63 667 271 584  40 369  12 663 608 591 558 772  27 774 433 607
 251 526 585 365 257 655 501 259 519]

# learned parameters for cdtw and gem
# dtw ((error, size, error/size), (window, sqr))
# gem ((error, size, error/size), (St0, St1, E, sym, sqr))
BESTLEARNCONSDTW=((147, 387, 0.37984496124031009), (0.01, True))
LISTLEARNCONSDTW=[((147, 387, 0.37984496124031009), (0.01, True)), ((148, 387, 0.38242894056847543), (0.029999999999999999, True)), ((150, 387, 0.38759689922480622), (0.050000000000000003, True)), ((150, 387, 0.38759689922480622), (0.080000000000000002, True)), ((150, 387, 0.38759689922480622), (0.089999999999999997, True)), ((150, 387, 0.38759689922480622), (0.10000000000000001, True)), ((150, 387, 0.38759689922480622), (0.11, True)), ((150, 387, 0.38759689922480622), (0.12, True)), ((150, 387, 0.38759689922480622), (0.13, True)), ((150, 387, 0.38759689922480622), (0.14000000000000001, True)), ((150, 387, 0.38759689922480622), (0.14999999999999999, True)), ((150, 387, 0.38759689922480622), (0.16, True)), ((150, 387, 0.38759689922480622), (0.17000000000000001, True)), ((150, 387, 0.38759689922480622), (0.17999999999999999, True)), ((150, 387, 0.38759689922480622), (0.19, True)), ((150, 387, 0.38759689922480622), (0.20000000000000001, True)), ((151, 387, 0.39018087855297157), (0.02, True)), ((151, 387, 0.39018087855297157), (0.040000000000000001, True)), ((151, 387, 0.39018087855297157), (0.059999999999999998, True)), ((151, 387, 0.39018087855297157), (0.070000000000000007, True)), ((153, 387, 0.39534883720930231), (0.0, True))]

BESTLEARNGEM=((113, 387, 0.29198966408268734), (1, 2, 0.25, True, True))
LISTLEARNGEM=[((113, 387, 0.29198966408268734), (1, 1, 0.25, True, True)), ((113, 387, 0.29198966408268734), (1, 2, 0.25, True, True)), ((123, 387, 0.31782945736434109), (2, 1, 0.0625, True, True)), ((123, 387, 0.31782945736434109), (2, 1, 0.25, True, True)), ((124, 387, 0.32041343669250644), (1, 1, 0.125, True, True)), ((124, 387, 0.32041343669250644), (1, 2, 0.125, True, True)), ((125, 387, 0.32299741602067183), (2, 1, 0.125, True, True)), ((125, 387, 0.32299741602067183), (2, 1, 0.5, True, True)), ((126, 387, 0.32558139534883723), (2, 2, 0.25, True, True)), ((129, 387, 0.33333333333333331), (1, 1, 0.5, True, True)), ((129, 387, 0.33333333333333331), (1, 2, 0.5, True, True)), ((134, 387, 0.34625322997416019), (2, 1, 0.03125, True, True)), ((135, 387, 0.34883720930232559), (1, 1, 0.0625, True, True)), ((135, 387, 0.34883720930232559), (1, 2, 0.0625, True, True)), ((137, 387, 0.35400516795865633), (1, 1, 0.03125, True, True)), ((137, 387, 0.35400516795865633), (1, 2, 0.03125, True, True)), ((139, 387, 0.35917312661498707), (2, 1, 0.015625, True, True)), ((142, 387, 0.36692506459948321), (1, 1, 0.015625, True, True)), ((142, 387, 0.36692506459948321), (1, 2, 0.015625, True, True)), ((142, 387, 0.36692506459948321), (2, 2, 0.125, True, True)), ((143, 387, 0.36950904392764861), (2, 2, 0.5, True, True)), ((147, 387, 0.37984496124031009), (2, 1, 0.0078125, True, True)), ((150, 387, 0.38759689922480622), (1, 1, 0.0078125, True, True)), ((150, 387, 0.38759689922480622), (1, 2, 0.0078125, True, True)), ((150, 387, 0.38759689922480622), (2, 1, 0.00390625, True, True)), ((152, 387, 0.39276485788113696), (2, 1, 0, True, True)), ((159, 387, 0.41085271317829458), (1, 1, 0.00390625, True, True)), ((159, 387, 0.41085271317829458), (1, 2, 0.00390625, True, True)), ((167, 387, 0.4315245478036176), (1, 1, 0, True, True)), ((167, 387, 0.4315245478036176), (1, 2, 0, True, True)), ((170, 387, 0.43927648578811368), (2, 2, 0.0625, True, True)), ((196, 387, 0.50645994832041341), (2, 2, 0.03125, True, True)), ((207, 387, 0.53488372093023251), (2, 2, 0.015625, True, True)), ((214, 387, 0.55297157622739013), (2, 2, 0.0078125, True, True)), ((221, 387, 0.57105943152454786), (2, 2, 0.00390625, True, True)), ((231, 387, 0.5968992248062015), (2, 2, 0, True, True))]


# error rates for different distance measures
# (error, size, error/size) and binary mask
BESTLP=(147, 394, 0.37309644670050762)
LISTLP=[1, 0, 0, 0, 0, 0, 0, 0, 1, 0, 0, 0, 0, 0, 1, 1, 0, 1, 0, 0, 0, 0, 0, 1, 1, 0, 0, 0, 0, 0, 1, 0, 1, 1, 1, 1, 0, 0, 1, 0, 0, 0, 0, 1, 0, 1, 0, 0, 0, 0, 1, 0, 0, 1, 0, 0, 1, 0, 1, 0, 1, 0, 1, 1, 1, 0, 1, 0, 0, 0, 1, 0, 0, 0, 0, 0, 0, 1, 1, 0, 1, 0, 1, 1, 1, 1, 0, 0, 0, 0, 1, 1, 0, 0, 1, 1, 1, 0, 1, 1, 0, 1, 1, 0, 0, 0, 0, 0, 0, 0, 0, 0, 1, 0, 0, 0, 1, 0, 0, 0, 0, 1, 1, 1, 1, 0, 0, 1, 0, 0, 0, 0, 1, 1, 0, 0, 0, 0, 1, 0, 0, 0, 0, 0, 0, 0, 0, 0, 1, 1, 1, 1, 0, 0, 1, 0, 0, 0, 0, 1, 1, 1, 1, 0, 0, 0, 0, 0, 0, 0, 1, 0, 1, 1, 1, 0, 1, 1, 0, 1, 0, 0, 0, 1, 0, 1, 1, 1, 0, 1, 0, 0, 1, 1, 0, 0, 1, 0, 0, 0, 1, 0, 1, 0, 1, 0, 1, 1, 0, 1, 0, 0, 0, 0, 1, 1, 0, 0, 1, 0, 0, 0, 0, 0, 1, 0, 1, 1, 0, 0, 1, 1, 0, 0, 1, 0, 1, 0, 0, 1, 0, 0, 0, 0, 0, 0, 1, 0, 0, 0, 1, 0, 0, 0, 1, 0, 1, 1, 1, 0, 0, 0, 0, 0, 0, 1, 1, 0, 1, 1, 1, 1, 1, 0, 0, 1, 0, 0, 0, 1, 1, 1, 1, 1, 0, 0, 0, 0, 1, 0, 1, 0, 0, 0, 1, 0, 0, 0, 1, 0, 1, 1, 1, 0, 1, 0, 0, 0, 0, 0, 1, 1, 0, 1, 0, 0, 0, 1, 0, 1, 0, 1, 0, 1, 0, 1, 0, 0, 0, 0, 0, 0, 1, 0, 0, 1, 0, 0, 0, 0, 0, 0, 0, 1, 1, 1, 0, 1, 1, 0, 0, 1, 0, 0, 0, 0, 0, 0, 1, 0, 1, 0, 1, 0, 1, 0, 0, 1, 1, 0, 0, 0, 1, 1, 0, 0, 0, 0, 0, 0, 1, 0, 0, 0, 1, 0, 0, 0, 0, 1, 0, 0, 0, 1]

BESTFULLDTW=(149, 394, 0.37817258883248733)
LISTFULLDTW=[1, 0, 1, 0, 0, 0, 0, 0, 1, 0, 0, 0, 0, 0, 1, 1, 0, 1, 1, 0, 1, 1, 0, 1, 1, 0, 0, 0, 0, 0, 0, 0, 1, 0, 1, 1, 0, 0, 1, 0, 1, 0, 0, 1, 0, 1, 0, 0, 0, 0, 1, 0, 0, 1, 1, 0, 1, 0, 1, 0, 1, 0, 1, 1, 0, 1, 1, 0, 0, 0, 1, 0, 0, 0, 0, 0, 0, 1, 0, 0, 0, 0, 1, 1, 0, 1, 0, 0, 0, 0, 1, 1, 1, 0, 0, 1, 1, 0, 1, 1, 0, 1, 0, 0, 1, 0, 0, 0, 0, 0, 0, 1, 1, 0, 0, 0, 1, 0, 1, 0, 0, 1, 1, 0, 1, 1, 1, 1, 0, 0, 0, 0, 0, 1, 0, 0, 0, 0, 0, 0, 1, 0, 1, 1, 0, 1, 1, 0, 1, 1, 1, 0, 1, 0, 1, 1, 0, 1, 0, 1, 0, 1, 1, 0, 1, 0, 0, 1, 0, 0, 1, 0, 0, 1, 0, 0, 1, 1, 0, 1, 0, 0, 0, 0, 0, 1, 1, 1, 1, 0, 0, 1, 1, 0, 0, 0, 1, 0, 0, 0, 1, 0, 1, 0, 1, 0, 0, 1, 0, 1, 1, 1, 0, 0, 1, 1, 0, 0, 1, 1, 0, 0, 0, 0, 1, 1, 0, 1, 0, 1, 1, 1, 0, 0, 1, 0, 1, 0, 0, 0, 0, 1, 0, 0, 0, 1, 1, 1, 1, 0, 0, 1, 0, 0, 0, 0, 1, 0, 1, 0, 0, 0, 0, 0, 0, 1, 0, 1, 0, 1, 1, 1, 0, 0, 0, 0, 0, 1, 0, 0, 1, 1, 0, 0, 0, 0, 0, 0, 0, 0, 0, 1, 1, 0, 1, 0, 0, 0, 1, 0, 1, 0, 0, 0, 1, 0, 0, 0, 0, 0, 1, 1, 1, 0, 0, 0, 0, 0, 0, 0, 0, 0, 1, 1, 0, 1, 0, 0, 0, 0, 0, 0, 1, 0, 0, 1, 0, 0, 0, 1, 0, 0, 0, 1, 1, 1, 0, 1, 1, 0, 0, 1, 0, 0, 0, 1, 1, 1, 0, 0, 1, 0, 1, 0, 0, 1, 0, 1, 0, 0, 0, 0, 1, 0, 0, 0, 0, 0, 0, 0, 1, 0, 0, 0, 1, 0, 0, 0, 0, 0, 0, 0, 0, 1]

BESTCONSDTW=(155, 394, 0.39340101522842641)
LISTCONSDTW=[1, 0, 1, 0, 0, 0, 0, 0, 1, 0, 0, 0, 0, 0, 1, 1, 0, 1, 1, 0, 1, 1, 0, 1, 1, 0, 0, 0, 0, 0, 1, 0, 1, 0, 1, 1, 0, 0, 1, 0, 1, 0, 0, 1, 0, 1, 0, 0, 0, 0, 1, 0, 0, 1, 1, 0, 1, 0, 1, 0, 1, 0, 1, 1, 0, 1, 1, 0, 0, 0, 1, 0, 0, 0, 0, 0, 0, 1, 0, 0, 0, 0, 1, 1, 0, 1, 0, 0, 0, 0, 1, 1, 1, 0, 0, 1, 1, 0, 1, 1, 0, 1, 0, 0, 1, 0, 0, 0, 0, 0, 0, 0, 1, 0, 0, 0, 1, 0, 1, 0, 0, 1, 1, 1, 1, 1, 1, 1, 0, 0, 0, 0, 0, 1, 0, 0, 0, 0, 0, 0, 1, 0, 1, 1, 0, 1, 1, 0, 1, 1, 1, 0, 1, 0, 1, 1, 0, 0, 0, 1, 0, 1, 1, 0, 1, 0, 0, 1, 0, 0, 1, 0, 0, 1, 0, 0, 1, 1, 0, 1, 1, 0, 0, 0, 0, 1, 1, 1, 1, 0, 0, 1, 1, 0, 0, 0, 1, 0, 0, 0, 1, 0, 1, 0, 1, 0, 0, 0, 0, 1, 1, 1, 0, 0, 1, 1, 0, 0, 1, 1, 0, 0, 0, 0, 1, 1, 0, 1, 0, 1, 1, 1, 0, 0, 1, 0, 1, 0, 0, 0, 0, 1, 0, 0, 0, 1, 1, 1, 1, 0, 1, 1, 0, 0, 0, 0, 1, 1, 1, 0, 0, 0, 0, 0, 0, 1, 0, 1, 0, 1, 1, 1, 0, 0, 0, 1, 0, 1, 0, 0, 1, 1, 0, 0, 0, 0, 0, 0, 0, 0, 0, 1, 1, 0, 1, 0, 0, 0, 1, 0, 1, 1, 0, 0, 1, 0, 0, 0, 0, 0, 1, 1, 1, 0, 0, 0, 0, 0, 0, 1, 0, 0, 1, 1, 0, 1, 0, 0, 0, 0, 0, 0, 1, 0, 1, 1, 0, 0, 0, 1, 0, 0, 0, 1, 1, 1, 0, 1, 1, 0, 0, 1, 0, 0, 0, 1, 1, 1, 0, 0, 1, 0, 1, 0, 0, 1, 0, 1, 0, 0, 0, 0, 1, 0, 0, 0, 0, 0, 0, 0, 1, 0, 0, 0, 1, 0, 0, 0, 0, 0, 0, 0, 0, 1]

BESTGEM=(118, 394, 0.29949238578680204)
LISTGEM=[1, 0, 1, 1, 0, 0, 0, 0, 1, 0, 0, 0, 0, 0, 1, 1, 0, 1, 0, 0, 1, 0, 1, 0, 1, 0, 0, 0, 0, 0, 0, 0, 1, 1, 1, 1, 0, 0, 1, 0, 0, 0, 0, 1, 0, 1, 0, 1, 0, 0, 1, 0, 0, 1, 1, 0, 1, 0, 1, 0, 0, 0, 1, 1, 0, 0, 1, 0, 0, 0, 1, 0, 0, 0, 0, 0, 0, 1, 1, 0, 0, 0, 1, 0, 0, 1, 0, 1, 0, 0, 0, 1, 0, 0, 0, 1, 1, 0, 1, 0, 0, 1, 0, 0, 0, 0, 0, 0, 0, 0, 0, 0, 1, 0, 0, 0, 1, 0, 0, 0, 0, 1, 1, 1, 1, 0, 0, 0, 0, 0, 0, 0, 1, 1, 0, 0, 0, 0, 0, 0, 0, 0, 0, 0, 0, 0, 0, 0, 0, 0, 1, 1, 0, 0, 1, 0, 0, 0, 0, 0, 1, 1, 1, 0, 1, 0, 0, 1, 0, 0, 1, 0, 0, 1, 0, 0, 0, 0, 0, 1, 0, 0, 0, 0, 0, 1, 1, 0, 0, 1, 0, 1, 1, 1, 0, 0, 1, 0, 0, 0, 0, 0, 1, 0, 1, 0, 0, 0, 0, 0, 0, 0, 0, 0, 0, 0, 0, 0, 1, 0, 0, 0, 0, 0, 1, 1, 0, 0, 0, 0, 1, 1, 0, 0, 0, 0, 1, 0, 0, 0, 0, 0, 0, 0, 0, 0, 1, 1, 1, 0, 1, 1, 1, 0, 0, 0, 1, 1, 1, 0, 0, 0, 0, 0, 0, 1, 0, 0, 1, 1, 1, 1, 0, 0, 0, 1, 0, 0, 0, 1, 0, 0, 0, 1, 0, 0, 0, 0, 1, 0, 0, 0, 0, 0, 0, 0, 0, 0, 1, 0, 1, 1, 1, 0, 1, 0, 0, 0, 0, 0, 0, 1, 0, 1, 0, 0, 0, 0, 0, 1, 1, 0, 0, 1, 0, 1, 1, 0, 0, 0, 0, 0, 1, 0, 0, 0, 0, 0, 0, 1, 0, 0, 0, 0, 1, 1, 0, 1, 1, 0, 0, 0, 0, 0, 0, 0, 0, 0, 1, 0, 1, 0, 1, 0, 0, 0, 0, 1, 0, 0, 0, 0, 1, 0, 0, 0, 0, 0, 0, 1, 1, 0, 0, 0, 1, 0, 0, 0, 0, 1, 0, 0, 1, 1]

