# shuffled stratified split (indices referring to UCR database)
TESTINDEX=[ 66  81 108  45  35  76  94  59  42  74  30 102  33  39  53  83  71 104
  47 110  38  27  60 106  51 100  90  56  95  17  48  21  62  88   9  15
  52  65  72  61  78  99 105 107  93  89  77 109  82 111 103  92  70   5
   6  97   1  20   3 101   4  63  50  40  58  11  67  41  54   0  23   8
  37  24   2  96  31  80  49  43  10  55  84  36  46   7  32  87]
TRAININDEX=[29 26 86 98 69 91 34 73 68 25 19 57 14 79 18 44 85 75 16 64 22 28 12 13]

# learned parameters for cdtw and gem
# dtw ((error, size, error/size), (window, sqr))
# gem ((error, size, error/size), (St0, St1, E, sym, sqr))
BESTLEARNCONSDTW=((3, 24, 0.125), (0.11, True))
LISTLEARNCONSDTW=[((3, 24, 0.125), (0.01, True)), ((3, 24, 0.125), (0.02, True)), ((3, 24, 0.125), (0.040000000000000001, True)), ((3, 24, 0.125), (0.050000000000000003, True)), ((3, 24, 0.125), (0.059999999999999998, True)), ((3, 24, 0.125), (0.070000000000000007, True)), ((3, 24, 0.125), (0.080000000000000002, True)), ((3, 24, 0.125), (0.089999999999999997, True)), ((3, 24, 0.125), (0.10000000000000001, True)), ((3, 24, 0.125), (0.11, True)), ((3, 24, 0.125), (0.12, True)), ((3, 24, 0.125), (0.13, True)), ((3, 24, 0.125), (0.14000000000000001, True)), ((3, 24, 0.125), (0.14999999999999999, True)), ((3, 24, 0.125), (0.16, True)), ((3, 24, 0.125), (0.17000000000000001, True)), ((3, 24, 0.125), (0.17999999999999999, True)), ((3, 24, 0.125), (0.19, True)), ((3, 24, 0.125), (0.20000000000000001, True)), ((4, 24, 0.16666666666666666), (0.029999999999999999, True)), ((5, 24, 0.20833333333333334), (0.0, True))]

BESTLEARNGEM=((1, 24, 0.041666666666666664), (2, 1, 0.03125, True, True))
LISTLEARNGEM=[((1, 24, 0.041666666666666664), (2, 1, 0.015625, True, True)), ((1, 24, 0.041666666666666664), (2, 1, 0.03125, True, True)), ((1, 24, 0.041666666666666664), (2, 1, 0.0625, True, True)), ((2, 24, 0.08333333333333333), (2, 2, 0.125, True, True)), ((3, 24, 0.125), (2, 1, 0, True, True)), ((3, 24, 0.125), (2, 1, 0.00390625, True, True)), ((3, 24, 0.125), (2, 1, 0.0078125, True, True)), ((3, 24, 0.125), (2, 1, 0.125, True, True)), ((3, 24, 0.125), (2, 1, 0.25, True, True)), ((3, 24, 0.125), (2, 2, 0, True, True)), ((3, 24, 0.125), (2, 2, 0.00390625, True, True)), ((3, 24, 0.125), (2, 2, 0.0078125, True, True)), ((3, 24, 0.125), (2, 2, 0.015625, True, True)), ((3, 24, 0.125), (2, 2, 0.03125, True, True)), ((3, 24, 0.125), (2, 2, 0.0625, True, True)), ((3, 24, 0.125), (2, 2, 0.25, True, True)), ((4, 24, 0.16666666666666666), (2, 2, 0.5, True, True)), ((5, 24, 0.20833333333333334), (1, 1, 0.00390625, True, True)), ((5, 24, 0.20833333333333334), (1, 1, 0.015625, True, True)), ((5, 24, 0.20833333333333334), (1, 1, 0.03125, True, True)), ((5, 24, 0.20833333333333334), (1, 1, 0.0625, True, True)), ((5, 24, 0.20833333333333334), (1, 1, 0.125, True, True)), ((5, 24, 0.20833333333333334), (1, 2, 0.00390625, True, True)), ((5, 24, 0.20833333333333334), (1, 2, 0.015625, True, True)), ((5, 24, 0.20833333333333334), (1, 2, 0.03125, True, True)), ((5, 24, 0.20833333333333334), (1, 2, 0.0625, True, True)), ((5, 24, 0.20833333333333334), (1, 2, 0.125, True, True)), ((6, 24, 0.25), (1, 1, 0.0078125, True, True)), ((6, 24, 0.25), (1, 1, 0.25, True, True)), ((6, 24, 0.25), (1, 2, 0.0078125, True, True)), ((6, 24, 0.25), (1, 2, 0.25, True, True)), ((8, 24, 0.3333333333333333), (1, 1, 0, True, True)), ((8, 24, 0.3333333333333333), (1, 1, 0.5, True, True)), ((8, 24, 0.3333333333333333), (1, 2, 0, True, True)), ((8, 24, 0.3333333333333333), (1, 2, 0.5, True, True)), ((9, 24, 0.375), (2, 1, 0.5, True, True))]


# error rates for different distance measures
# (error, size, error/size) and binary mask
BESTLP=(21, 88, 0.23863636363636365)
LISTLP=[0, 0, 1, 0, 0, 0, 1, 1, 0, 1, 0, 0, 1, 1, 0, 0, 1, 0, 0, 0, 1, 0, 1, 1, 1, 0, 1, 0, 0, 0, 1, 0, 0, 0, 0, 0, 0, 0, 0, 1, 1, 1, 0, 0, 0, 1, 0, 0, 0, 0, 0, 0, 0, 1, 1, 0, 0, 0, 0, 0, 0, 0, 0, 0, 0, 0, 0, 0, 1, 0, 0, 0, 0, 0, 0, 0, 0, 0, 0, 0, 0, 1, 0, 0, 0, 0, 0, 0]

BESTFULLDTW=(12, 88, 0.13636363636363635)
LISTFULLDTW=[0, 0, 0, 0, 0, 0, 0, 1, 0, 1, 0, 0, 0, 0, 0, 0, 0, 1, 0, 0, 1, 0, 1, 1, 0, 0, 1, 0, 0, 0, 0, 0, 0, 0, 0, 0, 0, 0, 0, 1, 1, 1, 0, 0, 0, 1, 0, 0, 0, 0, 0, 0, 0, 0, 0, 0, 0, 0, 0, 0, 0, 0, 0, 0, 0, 0, 0, 0, 0, 0, 0, 0, 0, 0, 0, 0, 0, 0, 0, 0, 0, 0, 1, 0, 0, 0, 0, 0]

BESTCONSDTW=(12, 88, 0.13636363636363635)
LISTCONSDTW=[0, 0, 0, 0, 0, 0, 0, 1, 0, 1, 0, 0, 0, 0, 0, 0, 0, 1, 0, 0, 1, 0, 1, 1, 0, 0, 1, 0, 0, 0, 0, 0, 0, 0, 0, 0, 0, 0, 0, 1, 1, 1, 0, 0, 0, 1, 0, 0, 0, 0, 0, 0, 0, 0, 0, 0, 0, 0, 0, 0, 0, 0, 0, 0, 0, 0, 0, 0, 0, 0, 0, 0, 0, 0, 0, 0, 0, 0, 0, 0, 0, 0, 1, 0, 0, 0, 0, 0]

BESTGEM=(10, 88, 0.11363636363636363)
LISTGEM=[0, 0, 0, 0, 0, 0, 0, 1, 0, 0, 0, 0, 0, 0, 0, 0, 0, 0, 0, 0, 1, 0, 1, 1, 0, 0, 0, 0, 0, 0, 0, 0, 0, 0, 0, 0, 0, 0, 0, 1, 1, 1, 0, 0, 0, 1, 0, 0, 0, 0, 0, 0, 0, 0, 1, 0, 0, 0, 0, 0, 0, 0, 0, 0, 0, 0, 0, 0, 0, 0, 0, 0, 0, 0, 0, 0, 0, 0, 0, 0, 0, 0, 0, 0, 1, 0, 0, 0]

