# shuffled stratified split (indices referring to UCR database)
TESTINDEX=[318 246 742 362 670 353 475  55 403 277 567 592 140  82  86 715 530 269
 556 280 536 193 485 411  87 708 177 555 672 317 230 729 279 739 138  20
 106  51 195  89 612 426 696 252 466 517 458 108 616 673 445 105 206 576
 356 348 681 542 394 101 249 431 558 732  66 326 145 718 333 186 733 270
 196  99 615 149 552 239  42  69 437 515  24 255 217 486 398 354 764 176
 373 262 677 675 363 188 602 613 568 638 709 267 218 386 769   2 226 665
 554 701 723  59  44  98 448 494 703  26 751 462 647 589 143 164 595 165
 191 599  27 630 566 451 617 116 695 492 731 526 735 535 753 376 144 172
 539 244 716 590 624 378 319 395 253 429 404 756 187 580 717 442 564 209
  75 635 503 761 605  35 614 549 158 481 148 399 603 334 243  30 197  65
 450 522 257 205 585 328 421  68 146 563   6 315 137 287 495 159 572 550
   8 133 498 216 156 281 428 323 743 298 124 297 666  77 610 601 379 113
 406 575 359 593 341 173 342 472 518 336 327  83 768 200  71 594  33 519
 772 273 507 521 208 561 420 371 178 228 259  49 689 234 510 235  90 224
 728 581 477  74  14 662 765  78 721 478 668 288 433  56 577 383 283 639
 512 628 154 744 771 487 685 352 238 537 251 650 204 151  37 712 302 340
  17 157 212  76 231 278 660 365 389 479 490 470 560 390 192 210 184 609
 705 282 135 147  12 155   5 540  11 392 699   4 400  47 374 646 533 112
 707 591 275 669 727 189 763 296 305   9 488 588 415 295 474 449 127 775
 346 762 331 290 276 310 166 688 434 489 258 684 623 413 153 676 322 627
 350 493  53 260  45 439   0  81 299 351 377 690 396  36 199 506 409 410
 553 163 214 586  28 388]
TRAININDEX=[524 391  41 150 546  72 619 711 505 654 724 725 223 261 203 247 531 754
 361 674 693 551  48 459 380 100 300 311 571 464 438 102 653 343 636 225
 109 215 168 671  96 480 679 141 236 381 330 509  50 427  16 543 587 405
 570  61 368 634 508 626  94 169 520 182 606 532 232 496 683 499 211  84
  91 633 454 443 220 324 500 484 698 747 710 469 569 416 419 482  34 207
 644 734 598 375 304  29 264 582 366 372 338 134  63   1 263 657 430 752
 301 691  52 516 557   3 329 136 700 562  32 611 640 608 370 414 293 596
 412 661 345 456 180 162 658  13 325 307 128 645 418 360 401 303 664 656
 284 643 697 385 652 198 321 686 314 241 271 131 455 467 161 367 126  88
 541  70 107 285 118 229 111 694 397 465 604 407 142 306 579 313 139 312
 637 463  18 171 649 358 629  43 369 402 504 625  40  22 460 548 631 347
 119 736 227 194 355 104  46 266 692  97 237 678 600 190 349 513 132 393
 473 738 741  64 483 622 471 294  39 432 179 201 115 704 528 160 453  93
 502 316 766 268 648   7 641 491 468  57 344 618 233 447 436 547 202 719
 240 335 714 265 702 538 578  95 117  60  19 309  54 339 435  21 452 632
 759 384  85 242 382 745  23 174 573 213  31 121 667 642 423 720 289 706
  80 440 749 574 584 659 461  10 597 291 511 221 250 320 651 501 529 534
 726 272 523 457  38  58 713 559 337 497 357 565 183 750 441 175 425 527
  62 170 114  79 746 545 621 417 687  67 607 655 620 219 583 544 248 387
 110 740 152 332 222 256  92 663 476 525 129 680 722 760 292 167 122 514
 424 364 185 181 444 408 682 286 422  73 737 130 757 245 123 103 120 446
 308  15 254 274  25 125]

# learned parameters for cdtw and gem
# dtw ((error, size, error/size), (window, sqr))
# gem ((error, size, error/size), (St0, St1, E, sym, sqr))
BESTLEARNCONSDTW=((79, 384, 0.20572916666666666), (0.12, True))
LISTLEARNCONSDTW=[((79, 384, 0.20572916666666666), (0.10000000000000001, True)), ((79, 384, 0.20572916666666666), (0.12, True)), ((80, 384, 0.20833333333333334), (0.050000000000000003, True)), ((80, 384, 0.20833333333333334), (0.089999999999999997, True)), ((80, 384, 0.20833333333333334), (0.11, True)), ((80, 384, 0.20833333333333334), (0.17999999999999999, True)), ((80, 384, 0.20833333333333334), (0.20000000000000001, True)), ((81, 384, 0.2109375), (0.059999999999999998, True)), ((81, 384, 0.2109375), (0.070000000000000007, True)), ((81, 384, 0.2109375), (0.13, True)), ((81, 384, 0.2109375), (0.17000000000000001, True)), ((81, 384, 0.2109375), (0.19, True)), ((82, 384, 0.21354166666666666), (0.16, True)), ((83, 384, 0.21614583333333334), (0.14000000000000001, True)), ((83, 384, 0.21614583333333334), (0.14999999999999999, True)), ((84, 384, 0.21875), (0.080000000000000002, True)), ((91, 384, 0.23697916666666666), (0.040000000000000001, True)), ((94, 384, 0.24479166666666666), (0.029999999999999999, True)), ((103, 384, 0.26822916666666669), (0.02, True)), ((114, 384, 0.296875), (0.01, True)), ((159, 384, 0.4140625), (0.0, True))]

BESTLEARNGEM=((75, 384, 0.1953125), (2, 2, 0.0625, True, True))
LISTLEARNGEM=[((75, 384, 0.1953125), (2, 2, 0.0625, True, True)), ((76, 384, 0.19791666666666666), (2, 2, 0.03125, True, True)), ((81, 384, 0.2109375), (2, 2, 0.015625, True, True)), ((93, 384, 0.2421875), (2, 2, 0.0078125, True, True)), ((97, 384, 0.25260416666666669), (2, 2, 0.00390625, True, True)), ((103, 384, 0.26822916666666669), (2, 2, 0, True, True)), ((105, 384, 0.2734375), (2, 2, 0.125, True, True)), ((140, 384, 0.36458333333333331), (2, 2, 0.25, True, True)), ((147, 384, 0.3828125), (2, 1, 0.03125, True, True)), ((155, 384, 0.40364583333333331), (2, 1, 0.015625, True, True)), ((160, 384, 0.41666666666666669), (2, 2, 0.5, True, True)), ((168, 384, 0.4375), (2, 1, 0.0078125, True, True)), ((169, 384, 0.44010416666666669), (2, 1, 0.0625, True, True)), ((171, 384, 0.4453125), (2, 1, 0.00390625, True, True)), ((180, 384, 0.46875), (1, 1, 0.00390625, True, True)), ((180, 384, 0.46875), (1, 2, 0.00390625, True, True)), ((180, 384, 0.46875), (2, 1, 0, True, True)), ((181, 384, 0.47135416666666669), (1, 1, 0.0078125, True, True)), ((181, 384, 0.47135416666666669), (1, 2, 0.0078125, True, True)), ((184, 384, 0.47916666666666669), (1, 1, 0.015625, True, True)), ((184, 384, 0.47916666666666669), (1, 2, 0.015625, True, True)), ((186, 384, 0.484375), (1, 1, 0.03125, True, True)), ((186, 384, 0.484375), (1, 2, 0.03125, True, True)), ((188, 384, 0.48958333333333331), (2, 1, 0.125, True, True)), ((189, 384, 0.4921875), (1, 1, 0.0625, True, True)), ((189, 384, 0.4921875), (1, 2, 0.0625, True, True)), ((192, 384, 0.5), (1, 1, 0, True, True)), ((192, 384, 0.5), (1, 2, 0, True, True)), ((209, 384, 0.54427083333333337), (1, 1, 0.125, True, True)), ((209, 384, 0.54427083333333337), (1, 2, 0.125, True, True)), ((248, 384, 0.64583333333333337), (2, 1, 0.25, True, True)), ((250, 384, 0.65104166666666663), (1, 1, 0.25, True, True)), ((250, 384, 0.65104166666666663), (1, 2, 0.25, True, True)), ((270, 384, 0.703125), (2, 1, 0.5, True, True)), ((287, 384, 0.74739583333333337), (1, 1, 0.5, True, True)), ((287, 384, 0.74739583333333337), (1, 2, 0.5, True, True))]


# error rates for different distance measures
# (error, size, error/size) and binary mask
BESTLP=(161, 384, 0.41927083333333331)
LISTLP=[1, 1, 0, 0, 0, 0, 0, 0, 0, 0, 1, 1, 1, 1, 0, 1, 0, 0, 1, 0, 0, 1, 0, 0, 1, 1, 0, 0, 0, 0, 1, 0, 0, 0, 0, 0, 0, 0, 0, 0, 0, 0, 1, 0, 1, 0, 0, 0, 1, 0, 0, 1, 1, 0, 1, 1, 1, 1, 0, 1, 0, 0, 1, 0, 0, 0, 0, 0, 1, 1, 0, 0, 0, 1, 1, 1, 0, 1, 0, 0, 0, 1, 1, 0, 1, 1, 1, 0, 0, 1, 0, 1, 1, 1, 0, 1, 0, 1, 1, 0, 1, 1, 0, 1, 0, 0, 1, 1, 0, 1, 1, 1, 0, 1, 0, 0, 0, 1, 1, 1, 0, 1, 0, 0, 1, 0, 1, 1, 0, 0, 0, 1, 1, 1, 0, 0, 0, 0, 1, 1, 0, 1, 1, 1, 0, 0, 1, 1, 1, 1, 0, 0, 0, 1, 0, 1, 0, 1, 1, 0, 0, 0, 0, 1, 0, 0, 1, 0, 0, 0, 0, 1, 0, 1, 1, 0, 1, 1, 0, 1, 1, 1, 0, 0, 0, 0, 0, 0, 0, 0, 1, 1, 1, 0, 1, 0, 0, 0, 0, 0, 0, 1, 0, 0, 1, 0, 0, 1, 1, 0, 0, 0, 0, 0, 0, 0, 1, 0, 1, 0, 0, 0, 0, 0, 1, 0, 0, 0, 0, 0, 1, 1, 1, 0, 1, 1, 0, 1, 0, 0, 1, 0, 1, 0, 0, 0, 0, 1, 0, 0, 1, 1, 0, 1, 1, 1, 0, 0, 1, 1, 1, 1, 0, 0, 0, 0, 1, 0, 0, 1, 0, 0, 0, 0, 0, 0, 1, 0, 0, 0, 0, 0, 0, 0, 1, 1, 0, 0, 0, 0, 0, 0, 0, 0, 0, 0, 0, 1, 0, 1, 0, 1, 0, 0, 1, 0, 0, 1, 0, 0, 1, 1, 1, 1, 0, 0, 1, 0, 0, 1, 0, 1, 1, 1, 1, 0, 0, 1, 0, 0, 0, 0, 1, 0, 1, 1, 0, 0, 1, 0, 0, 1, 1, 1, 0, 1, 1, 1, 0, 0, 1, 1, 1, 1, 0, 1, 0, 0, 0, 1, 0, 1, 0, 0, 1, 1, 0, 0, 0, 0, 1, 1, 1, 1, 0, 1, 0, 1, 1, 1, 0, 0, 0, 1]

BESTFULLDTW=(76, 384, 0.19791666666666666)
LISTFULLDTW=[0, 1, 0, 0, 0, 0, 0, 0, 0, 0, 0, 1, 0, 1, 0, 0, 0, 0, 1, 0, 1, 1, 0, 0, 1, 0, 0, 0, 0, 0, 0, 0, 1, 0, 0, 0, 0, 0, 0, 1, 0, 0, 1, 0, 1, 1, 0, 0, 0, 0, 0, 0, 0, 0, 0, 0, 0, 1, 0, 0, 0, 0, 0, 0, 0, 0, 0, 0, 0, 0, 0, 0, 0, 0, 0, 1, 0, 0, 1, 0, 0, 0, 0, 1, 0, 0, 0, 0, 0, 0, 0, 0, 0, 0, 1, 0, 0, 1, 1, 0, 0, 1, 0, 1, 0, 1, 0, 0, 0, 0, 0, 1, 0, 0, 1, 0, 0, 0, 1, 1, 0, 0, 1, 0, 1, 0, 1, 0, 0, 0, 0, 0, 0, 0, 0, 0, 0, 0, 1, 0, 1, 1, 0, 0, 0, 0, 1, 0, 0, 0, 0, 0, 0, 0, 0, 0, 0, 0, 1, 0, 0, 0, 1, 0, 0, 0, 0, 0, 0, 0, 0, 0, 0, 1, 1, 0, 0, 0, 0, 1, 0, 0, 0, 0, 0, 0, 0, 0, 0, 0, 1, 0, 1, 0, 1, 0, 0, 1, 0, 0, 0, 0, 0, 0, 1, 0, 0, 0, 1, 0, 1, 0, 0, 0, 0, 0, 0, 0, 1, 0, 0, 0, 1, 0, 0, 0, 0, 0, 0, 0, 1, 1, 0, 0, 0, 0, 0, 0, 0, 0, 0, 0, 0, 0, 0, 0, 0, 0, 0, 0, 1, 0, 0, 1, 0, 1, 0, 0, 1, 0, 1, 0, 0, 0, 0, 1, 0, 0, 1, 0, 0, 0, 0, 0, 0, 0, 0, 0, 0, 0, 0, 0, 0, 0, 1, 0, 0, 0, 0, 0, 0, 1, 0, 1, 0, 0, 0, 0, 0, 0, 0, 0, 0, 0, 0, 0, 0, 0, 0, 0, 1, 0, 1, 0, 0, 0, 0, 0, 0, 1, 0, 1, 1, 1, 0, 0, 0, 0, 0, 0, 0, 1, 1, 1, 0, 1, 0, 1, 0, 0, 0, 0, 0, 0, 0, 0, 0, 0, 0, 0, 0, 1, 0, 1, 0, 1, 0, 0, 0, 0, 0, 0, 0, 0, 0, 1, 0, 1, 0, 0, 0, 0, 0, 0, 0, 0, 0, 0, 1, 0, 0, 0, 0, 0]

BESTCONSDTW=(74, 384, 0.19270833333333334)
LISTCONSDTW=[0, 1, 0, 0, 0, 0, 0, 0, 0, 0, 0, 1, 0, 1, 0, 0, 0, 0, 1, 0, 1, 1, 0, 0, 1, 0, 0, 1, 0, 0, 0, 0, 0, 0, 0, 0, 0, 1, 0, 1, 0, 0, 1, 0, 1, 1, 0, 0, 0, 0, 0, 1, 0, 0, 0, 0, 0, 1, 0, 0, 0, 0, 0, 0, 0, 0, 0, 0, 1, 0, 0, 0, 0, 1, 0, 1, 0, 0, 1, 0, 0, 0, 0, 0, 0, 0, 0, 0, 0, 0, 0, 0, 0, 0, 1, 0, 0, 1, 1, 0, 0, 1, 0, 1, 0, 1, 0, 0, 0, 0, 0, 0, 0, 0, 1, 0, 0, 0, 1, 1, 0, 0, 0, 0, 1, 0, 1, 0, 0, 0, 0, 0, 0, 0, 0, 0, 0, 0, 1, 0, 1, 1, 0, 0, 0, 0, 1, 0, 0, 0, 0, 0, 0, 0, 0, 0, 1, 0, 1, 0, 0, 0, 0, 0, 0, 0, 0, 0, 0, 0, 0, 0, 0, 0, 1, 0, 0, 0, 0, 1, 1, 0, 0, 0, 0, 0, 0, 0, 0, 0, 0, 0, 1, 0, 1, 0, 0, 0, 0, 0, 0, 0, 0, 0, 1, 0, 0, 0, 1, 0, 0, 0, 0, 0, 0, 0, 0, 0, 1, 0, 0, 0, 1, 0, 0, 0, 0, 0, 0, 0, 1, 1, 0, 0, 0, 0, 0, 0, 0, 0, 0, 0, 1, 0, 0, 0, 0, 0, 0, 0, 0, 0, 0, 1, 0, 1, 0, 0, 1, 0, 1, 0, 0, 0, 0, 1, 0, 0, 0, 0, 0, 0, 0, 0, 0, 0, 0, 0, 0, 0, 0, 0, 0, 0, 1, 0, 0, 0, 0, 0, 0, 1, 0, 0, 0, 0, 0, 0, 0, 0, 0, 0, 0, 0, 0, 0, 0, 0, 0, 0, 1, 1, 1, 0, 0, 0, 0, 0, 0, 1, 0, 1, 1, 1, 0, 0, 0, 1, 0, 0, 0, 1, 1, 1, 0, 1, 0, 1, 0, 0, 0, 0, 0, 0, 0, 0, 0, 0, 0, 0, 0, 0, 0, 1, 0, 1, 0, 0, 0, 0, 0, 0, 0, 1, 0, 1, 1, 1, 0, 0, 0, 0, 0, 0, 0, 0, 0, 0, 0, 0, 0, 0, 0, 0]

BESTGEM=(83, 384, 0.21614583333333334)
LISTGEM=[0, 1, 0, 0, 0, 0, 0, 0, 0, 0, 1, 1, 0, 0, 0, 0, 0, 0, 1, 0, 1, 0, 0, 0, 1, 0, 0, 1, 0, 0, 0, 0, 0, 0, 0, 0, 1, 0, 0, 0, 0, 0, 1, 0, 1, 1, 0, 0, 0, 0, 0, 0, 0, 0, 0, 0, 0, 1, 0, 0, 0, 0, 1, 0, 0, 0, 0, 0, 1, 0, 0, 0, 0, 1, 1, 0, 0, 0, 0, 0, 0, 0, 0, 0, 0, 0, 0, 0, 0, 0, 0, 1, 1, 0, 1, 1, 0, 1, 0, 0, 1, 0, 0, 0, 0, 0, 0, 0, 0, 0, 0, 0, 0, 0, 0, 0, 0, 0, 0, 1, 0, 0, 1, 0, 0, 1, 1, 1, 0, 0, 0, 0, 0, 0, 0, 0, 0, 0, 0, 1, 0, 0, 0, 1, 0, 0, 1, 0, 0, 0, 0, 0, 0, 0, 0, 0, 0, 0, 1, 0, 0, 0, 1, 0, 1, 0, 0, 0, 0, 1, 1, 0, 0, 0, 1, 0, 1, 0, 0, 0, 0, 0, 0, 0, 0, 0, 0, 0, 0, 0, 1, 1, 0, 0, 1, 0, 0, 1, 0, 0, 0, 0, 0, 0, 1, 1, 0, 0, 0, 0, 0, 0, 0, 0, 0, 0, 0, 0, 1, 0, 0, 0, 0, 0, 1, 0, 0, 0, 0, 0, 1, 1, 1, 0, 0, 1, 0, 1, 0, 1, 1, 0, 0, 0, 0, 0, 0, 0, 0, 0, 1, 0, 0, 0, 0, 0, 0, 0, 1, 0, 1, 0, 0, 0, 0, 0, 1, 0, 0, 1, 0, 0, 0, 0, 0, 0, 0, 0, 0, 0, 0, 0, 0, 0, 1, 0, 0, 0, 0, 0, 0, 0, 0, 0, 1, 0, 0, 0, 0, 0, 1, 1, 0, 0, 0, 0, 0, 0, 0, 1, 1, 1, 1, 0, 0, 0, 1, 0, 0, 1, 0, 0, 1, 1, 1, 0, 0, 0, 0, 0, 0, 1, 0, 0, 0, 0, 0, 1, 0, 0, 0, 1, 0, 0, 0, 0, 1, 1, 0, 0, 0, 1, 0, 0, 1, 1, 0, 0, 0, 0, 0, 0, 0, 0, 0, 1, 0, 0, 1, 0, 1, 0, 0, 0, 1, 0, 0, 1, 0, 0, 0, 0, 0, 0]

