# shuffled stratified split (indices referring to UCR database)
TESTINDEX=[453 583 674 500 636 391 689 160 424 491 508 502 287 400 411  77  87 732
  27 211 768 393 480 196 587 310 641 460 340 369 507 339 559  86 116 498
 698 358 352 743  40 399 475 519 170 504 705 278 313 198 205 465  59 578
 308  36 540  15  85  98  83 603 713 215  91 222 332  71 510 356  67 630
 449 146 318 439 581 115 760 554 302 658  88 678 483 364 321  54 122 626
 210 108  74 416 604 598 247 531 315 430  52  76 597 325  57 235 731 144
 157 329 539  90 541  22 190 716 444 676 664  41 262 348 370 162 336 629
 425 506 128 633 769 124 493 723 125 167 525 463 355 102 207 173 490 351
 677  32  55 165 175   0  69 572 775 489 365 100 651 637 521 442 649 608
 741 759  38 377 479 368 709 529 395 140 371 221 535 392 725 359 384 654
 742 431 114 749  43  33 548 715 561 268 123 702 721 259 622 101 197 428
 265 361 182  70  45 756 203 345 757 764 665 194 147 193 195  56 518 766
 422 269 446 466  13 457 627 639 317 761 282 226 242 316   7 685   8 354
 468 621 456 437 671 596 722 390 156 728  72 612 652 234 693   4 311  93
 432 628 455  19 719 305 443 255 582 179 378 323  82  62 389 322 724 697
 672 544 129 585 488 404 765 434 401 564 594 655 542 467 141  79 271 616
 407 403 679 459 386 408 357  18 200   5 103  47 687 644 474 471 319 688
 537 326 700 632 602 497  30 309 290 275 288 620  12 293 532 285 552 300
 599 335 478 495 575 164 733 484 543 461 619 104 427 250 696 580 746 694
  10 487 545 273 418 568  34 105 669 441 485 635 118  58 136  89 236 661
 330  97 740 117 692 614 346 248 420   9 347 249 668 771 447 405 514 704
 134 327  81 183 402 729]
TRAININDEX=[586 553 264 338 341  35 254 284 192  37 126 110 762 279 606  17 662 691
 380 735 388 219 312  94 435 372 501 670 647 374 562 458 574 523 650 421
 530 567 150 464 429 149 387 214  48 297 168 243 159 253 593 666 307 415
 263 448 113 238 511 174 343 469  16  66 229 547 659 513 266 406 231 569
 138  42 624 186 251 638 306 155 643 703 397 296 526 520  75 675 482 225
 516 206 366 707 423 560 592 563 133 230 201 591 394 223 646 436 750 555
  73 667 139 499 252 189 631 699  92   1 727  50 528 708 617 683 711  21
 161 224 710 509 135 328 367  11 515 376 505 233 240 454 111 577 409 256
 462 571 534 267 283 451 536  14  99 130 260 314 717 615 734 158 109 208
 476 276 640 413 496  53 292 382 657 176 272 477 286 379  51 660 609  65
  84 558 747 738 527 270  68 512  61 524 107 417 353 450 763 538 590  44
 244 684 551   2 419 383 119 257 301 752 533 653 331 565 295 472 184 570
 681  28 171 648 299  46 600 281 588 736 438 132  63 298 549 751 473 737
 739 522 481 217 613 492 154 363 445 754 294 557 143 199 227 166 303 550
 120 121 172 576 228 623 148 202 745  31 618 440 320 718 375  78 137 695
 106 656 245 426 261 350 145  60 188 546  25 701 169  20 232 177 324 645
 204 452 410 220 642   3 690 706 178 333 589 607 634 663 601 152   6 744
 127 213  80 280 605  26 584  64 131 291 360 682 680 373 503 398 209  96
 381 595 486 470 153 246 185 349 239 720 362 344 151 556 412 191  49 673
 772  24 385 342  23 714 726 180 163  29 579 414 611 289 187 277 142 396
 218 433 712 610 274 334 337 212 181 625 112 216 566 237 494 241 517  95
 258 304 753  39 573 686]

# learned parameters for cdtw and gem
# dtw ((error, size, error/size), (window, sqr))
# gem ((error, size, error/size), (St0, St1, E, sym, sqr))
BESTLEARNCONSDTW=((73, 384, 0.19010416666666666), (0.16, True))
LISTLEARNCONSDTW=[((73, 384, 0.19010416666666666), (0.16, True)), ((74, 384, 0.19270833333333334), (0.17999999999999999, True)), ((75, 384, 0.1953125), (0.14999999999999999, True)), ((75, 384, 0.1953125), (0.17000000000000001, True)), ((77, 384, 0.20052083333333334), (0.050000000000000003, True)), ((77, 384, 0.20052083333333334), (0.20000000000000001, True)), ((78, 384, 0.203125), (0.11, True)), ((78, 384, 0.203125), (0.12, True)), ((78, 384, 0.203125), (0.13, True)), ((78, 384, 0.203125), (0.14000000000000001, True)), ((78, 384, 0.203125), (0.19, True)), ((79, 384, 0.20572916666666666), (0.059999999999999998, True)), ((80, 384, 0.20833333333333334), (0.040000000000000001, True)), ((80, 384, 0.20833333333333334), (0.080000000000000002, True)), ((80, 384, 0.20833333333333334), (0.089999999999999997, True)), ((81, 384, 0.2109375), (0.070000000000000007, True)), ((81, 384, 0.2109375), (0.10000000000000001, True)), ((91, 384, 0.23697916666666666), (0.029999999999999999, True)), ((107, 384, 0.27864583333333331), (0.02, True)), ((125, 384, 0.32552083333333331), (0.01, True)), ((169, 384, 0.44010416666666669), (0.0, True))]

BESTLEARNGEM=((88, 384, 0.22916666666666666), (2, 2, 0.03125, True, True))
LISTLEARNGEM=[((88, 384, 0.22916666666666666), (2, 2, 0.015625, True, True)), ((88, 384, 0.22916666666666666), (2, 2, 0.03125, True, True)), ((96, 384, 0.25), (2, 2, 0.0078125, True, True)), ((99, 384, 0.2578125), (2, 2, 0.0625, True, True)), ((101, 384, 0.26302083333333331), (2, 2, 0.00390625, True, True)), ((103, 384, 0.26822916666666669), (2, 2, 0, True, True)), ((118, 384, 0.30729166666666669), (2, 2, 0.125, True, True)), ((156, 384, 0.40625), (2, 2, 0.25, True, True)), ((166, 384, 0.43229166666666669), (2, 2, 0.5, True, True)), ((178, 384, 0.46354166666666669), (2, 1, 0.03125, True, True)), ((181, 384, 0.47135416666666669), (1, 1, 0.015625, True, True)), ((181, 384, 0.47135416666666669), (1, 2, 0.015625, True, True)), ((184, 384, 0.47916666666666669), (1, 1, 0.03125, True, True)), ((184, 384, 0.47916666666666669), (1, 2, 0.03125, True, True)), ((186, 384, 0.484375), (2, 1, 0.0625, True, True)), ((189, 384, 0.4921875), (1, 1, 0.0078125, True, True)), ((189, 384, 0.4921875), (1, 1, 0.0625, True, True)), ((189, 384, 0.4921875), (1, 2, 0.0078125, True, True)), ((189, 384, 0.4921875), (1, 2, 0.0625, True, True)), ((190, 384, 0.49479166666666669), (1, 1, 0.00390625, True, True)), ((190, 384, 0.49479166666666669), (1, 2, 0.00390625, True, True)), ((190, 384, 0.49479166666666669), (2, 1, 0.015625, True, True)), ((196, 384, 0.51041666666666663), (2, 1, 0.0078125, True, True)), ((200, 384, 0.52083333333333337), (2, 1, 0.00390625, True, True)), ((201, 384, 0.5234375), (2, 1, 0, True, True)), ((204, 384, 0.53125), (1, 1, 0, True, True)), ((204, 384, 0.53125), (1, 2, 0, True, True)), ((210, 384, 0.546875), (2, 1, 0.125, True, True)), ((214, 384, 0.55729166666666663), (1, 1, 0.125, True, True)), ((214, 384, 0.55729166666666663), (1, 2, 0.125, True, True)), ((242, 384, 0.63020833333333337), (1, 1, 0.25, True, True)), ((242, 384, 0.63020833333333337), (1, 2, 0.25, True, True)), ((249, 384, 0.6484375), (2, 1, 0.25, True, True)), ((285, 384, 0.7421875), (1, 1, 0.5, True, True)), ((285, 384, 0.7421875), (1, 2, 0.5, True, True)), ((289, 384, 0.75260416666666663), (2, 1, 0.5, True, True))]


# error rates for different distance measures
# (error, size, error/size) and binary mask
BESTLP=(150, 384, 0.390625)
LISTLP=[1, 0, 1, 0, 0, 0, 0, 0, 0, 0, 0, 0, 0, 0, 1, 0, 1, 0, 0, 1, 0, 1, 0, 1, 0, 0, 0, 0, 0, 1, 1, 0, 0, 0, 0, 0, 1, 0, 0, 0, 1, 1, 0, 1, 0, 0, 0, 1, 0, 0, 0, 1, 0, 0, 1, 1, 1, 1, 0, 1, 0, 1, 0, 1, 0, 0, 0, 0, 0, 1, 0, 0, 0, 0, 1, 1, 1, 0, 0, 0, 1, 0, 0, 1, 1, 1, 0, 1, 0, 0, 0, 0, 1, 0, 0, 1, 1, 0, 0, 1, 0, 1, 1, 0, 0, 0, 0, 0, 0, 0, 0, 1, 1, 0, 0, 1, 0, 0, 0, 1, 1, 1, 0, 0, 0, 1, 1, 1, 0, 1, 0, 1, 0, 0, 0, 0, 1, 1, 0, 0, 0, 0, 0, 0, 0, 1, 0, 1, 1, 1, 1, 0, 1, 0, 1, 1, 1, 0, 0, 0, 0, 0, 0, 0, 0, 0, 0, 1, 1, 0, 0, 1, 0, 1, 1, 0, 0, 1, 0, 1, 1, 1, 1, 0, 0, 1, 1, 1, 0, 0, 0, 0, 1, 0, 1, 1, 0, 1, 1, 1, 1, 1, 1, 1, 0, 0, 0, 0, 0, 1, 0, 1, 0, 1, 1, 0, 0, 0, 0, 1, 0, 1, 1, 1, 0, 0, 1, 1, 1, 0, 1, 0, 0, 0, 1, 0, 0, 0, 0, 0, 0, 1, 0, 0, 0, 0, 0, 1, 0, 0, 0, 0, 0, 0, 1, 1, 0, 1, 0, 0, 0, 1, 0, 1, 0, 0, 0, 0, 0, 0, 1, 0, 1, 0, 0, 0, 1, 0, 0, 0, 0, 1, 1, 1, 0, 0, 0, 0, 1, 0, 1, 0, 1, 0, 1, 1, 0, 1, 1, 1, 0, 0, 0, 0, 1, 0, 0, 0, 1, 1, 0, 0, 1, 1, 0, 1, 0, 0, 1, 0, 0, 1, 0, 0, 0, 1, 1, 0, 0, 0, 0, 1, 0, 1, 0, 0, 0, 0, 1, 1, 0, 0, 0, 0, 0, 1, 0, 1, 0, 1, 1, 0, 0, 1, 1, 0, 0, 0, 1, 0, 0, 1, 1, 0, 1, 0, 1, 1, 0, 0, 1, 0, 0, 0, 1, 1, 1, 0, 1, 0, 1, 1, 1, 0]

BESTFULLDTW=(79, 384, 0.20572916666666666)
LISTFULLDTW=[1, 0, 0, 1, 0, 0, 0, 0, 0, 1, 0, 0, 0, 0, 0, 0, 1, 0, 0, 1, 0, 1, 0, 1, 0, 0, 1, 0, 0, 0, 0, 1, 0, 0, 1, 0, 0, 0, 0, 0, 0, 1, 0, 0, 0, 0, 0, 1, 0, 0, 0, 0, 0, 1, 0, 0, 1, 0, 1, 0, 0, 1, 0, 1, 0, 0, 0, 1, 0, 0, 0, 0, 0, 0, 0, 1, 1, 0, 0, 0, 0, 0, 1, 0, 1, 1, 0, 1, 0, 0, 0, 0, 1, 0, 0, 0, 0, 1, 0, 1, 0, 0, 0, 0, 0, 0, 0, 0, 1, 0, 0, 0, 0, 0, 0, 0, 1, 0, 0, 1, 0, 0, 0, 0, 0, 1, 0, 1, 0, 0, 0, 0, 0, 0, 0, 0, 0, 0, 0, 0, 0, 0, 0, 0, 0, 0, 0, 0, 1, 0, 0, 0, 0, 1, 0, 1, 1, 0, 0, 0, 1, 0, 0, 0, 0, 0, 0, 0, 0, 0, 0, 0, 0, 0, 0, 1, 0, 1, 0, 0, 0, 0, 0, 0, 1, 0, 0, 0, 0, 0, 0, 1, 1, 0, 0, 0, 0, 1, 0, 1, 0, 0, 0, 0, 0, 0, 0, 0, 0, 0, 0, 0, 0, 1, 0, 0, 0, 0, 1, 0, 0, 0, 0, 0, 0, 0, 1, 0, 0, 0, 1, 0, 0, 0, 0, 0, 0, 0, 0, 0, 0, 0, 0, 0, 0, 0, 0, 0, 0, 0, 0, 0, 0, 0, 0, 0, 1, 1, 0, 1, 0, 0, 0, 0, 1, 1, 0, 0, 0, 0, 0, 0, 1, 0, 0, 0, 1, 0, 0, 0, 1, 0, 0, 0, 1, 0, 0, 0, 1, 0, 0, 0, 1, 0, 1, 1, 0, 1, 0, 1, 0, 0, 0, 0, 0, 0, 0, 0, 1, 0, 0, 0, 1, 0, 0, 0, 0, 1, 1, 0, 0, 0, 0, 0, 0, 0, 0, 1, 0, 0, 0, 0, 0, 0, 0, 0, 0, 0, 1, 0, 0, 0, 0, 0, 0, 0, 0, 1, 0, 1, 1, 1, 0, 0, 0, 0, 1, 0, 1, 0, 0, 0, 0, 0, 0, 0, 0, 0, 0, 1, 0, 0, 0, 0, 0, 0, 1, 0, 0, 0, 1, 1, 0, 0]

BESTCONSDTW=(76, 384, 0.19791666666666666)
LISTCONSDTW=[1, 0, 0, 0, 0, 0, 0, 0, 0, 1, 0, 0, 0, 0, 0, 0, 1, 0, 0, 1, 0, 1, 0, 1, 0, 0, 0, 0, 0, 0, 0, 1, 0, 0, 1, 0, 0, 0, 0, 0, 0, 1, 0, 0, 0, 0, 0, 1, 0, 0, 0, 0, 0, 1, 0, 0, 1, 0, 0, 0, 0, 1, 0, 1, 0, 0, 0, 1, 0, 0, 0, 0, 0, 0, 0, 0, 1, 0, 0, 0, 0, 0, 1, 0, 1, 1, 0, 1, 0, 0, 0, 0, 1, 0, 0, 0, 0, 1, 0, 1, 0, 1, 0, 0, 0, 0, 0, 0, 0, 0, 0, 0, 0, 0, 0, 0, 1, 0, 0, 1, 0, 0, 0, 0, 0, 1, 0, 1, 0, 0, 0, 0, 0, 0, 0, 0, 0, 0, 0, 0, 0, 0, 0, 0, 0, 0, 0, 0, 1, 0, 0, 0, 0, 1, 0, 1, 1, 0, 0, 0, 1, 0, 0, 0, 0, 0, 0, 0, 0, 0, 0, 0, 0, 0, 0, 1, 0, 1, 0, 0, 0, 0, 1, 0, 1, 0, 0, 0, 0, 0, 0, 1, 1, 0, 0, 0, 0, 1, 0, 1, 0, 0, 0, 0, 0, 0, 0, 0, 0, 0, 0, 0, 0, 1, 0, 0, 0, 0, 1, 0, 0, 0, 0, 0, 0, 0, 1, 0, 0, 0, 1, 0, 0, 0, 0, 0, 0, 0, 0, 0, 0, 0, 0, 0, 0, 0, 0, 0, 0, 0, 0, 0, 0, 0, 0, 0, 1, 1, 0, 1, 0, 0, 0, 0, 1, 1, 0, 0, 0, 0, 0, 0, 1, 0, 0, 0, 1, 0, 1, 0, 1, 0, 1, 0, 1, 0, 0, 0, 0, 0, 0, 0, 1, 0, 1, 1, 0, 1, 0, 1, 0, 0, 0, 0, 0, 0, 0, 0, 1, 0, 0, 0, 1, 0, 0, 0, 0, 1, 1, 0, 0, 0, 0, 0, 0, 0, 0, 1, 0, 0, 0, 0, 0, 0, 0, 0, 0, 0, 1, 0, 0, 0, 0, 0, 0, 0, 0, 1, 0, 1, 1, 0, 0, 0, 0, 0, 1, 0, 1, 0, 0, 0, 0, 0, 0, 0, 0, 0, 0, 1, 0, 0, 0, 0, 0, 0, 1, 0, 0, 0, 1, 1, 0, 0]

BESTGEM=(79, 384, 0.20572916666666666)
LISTGEM=[1, 0, 0, 0, 0, 0, 0, 0, 0, 0, 0, 0, 0, 0, 0, 0, 1, 0, 0, 1, 0, 1, 0, 0, 0, 0, 0, 0, 0, 1, 0, 0, 0, 0, 0, 0, 0, 0, 0, 0, 1, 1, 0, 0, 0, 0, 0, 0, 0, 0, 0, 0, 0, 1, 0, 0, 1, 1, 0, 0, 0, 1, 1, 1, 0, 0, 0, 0, 0, 0, 0, 0, 0, 0, 0, 1, 1, 0, 0, 0, 0, 0, 1, 0, 1, 1, 1, 0, 0, 0, 0, 0, 1, 0, 1, 0, 0, 1, 1, 1, 0, 1, 0, 0, 0, 1, 0, 0, 0, 0, 0, 0, 0, 0, 0, 0, 0, 0, 0, 0, 1, 0, 0, 0, 0, 1, 0, 1, 0, 0, 0, 0, 0, 0, 0, 0, 0, 0, 0, 0, 0, 0, 0, 0, 1, 0, 0, 1, 0, 0, 0, 0, 0, 0, 0, 1, 0, 0, 0, 0, 0, 0, 0, 0, 0, 1, 0, 0, 1, 0, 0, 1, 0, 1, 1, 1, 1, 0, 0, 1, 0, 0, 1, 0, 0, 1, 0, 0, 0, 0, 0, 1, 1, 0, 0, 0, 0, 1, 1, 1, 0, 0, 0, 0, 0, 0, 0, 0, 0, 0, 1, 0, 0, 0, 1, 0, 0, 0, 1, 1, 1, 1, 0, 1, 0, 0, 1, 0, 0, 0, 0, 0, 0, 0, 0, 0, 0, 0, 0, 0, 0, 1, 0, 0, 0, 0, 0, 0, 0, 0, 0, 0, 0, 0, 0, 1, 0, 1, 0, 0, 0, 1, 0, 0, 0, 0, 0, 0, 0, 0, 0, 0, 1, 0, 0, 0, 1, 0, 0, 0, 1, 0, 1, 0, 0, 0, 0, 0, 0, 0, 1, 0, 1, 0, 0, 1, 0, 1, 0, 1, 0, 0, 0, 0, 0, 0, 0, 0, 0, 0, 0, 0, 0, 0, 0, 1, 0, 0, 1, 0, 0, 0, 0, 0, 0, 0, 0, 0, 0, 0, 0, 1, 0, 0, 0, 0, 0, 0, 1, 0, 0, 0, 0, 0, 0, 0, 0, 0, 0, 0, 1, 0, 0, 0, 0, 0, 0, 0, 1, 1, 0, 0, 0, 0, 1, 0, 0, 0, 1, 0, 0, 0, 0, 0, 0, 0, 1, 0, 0, 0, 1, 0, 0, 0]

