# shuffled stratified split (indices referring to UCR database)
TESTINDEX=[202 101 236 174 208 231 294   2 207  16   8  26  93 153 266 115 230  25
 318 290  29 317  58  57  42 312  66 301  14 113 308 210  80 215 288 320
 169 180 133 245 108 251 189  70 112 310 278 118 100  61 103 157  91 262
 147 239 140 281 257 138  33  63  32   4 198  31  79 119 143 144 170 131
  94 117  90 192 114 252 184 282 307 240   7 163 137 315 305 248 172 237
  34  55 148 107 181 271 178 273 280 264 261 313  35  73  76 293 120 116
 146 214  52 130  36 176 267 269   0  77 129 304 166 298 277 241   9  24
 179 188 154 149 111  78 186  67 128 321   1  88 276 195 156  46  84 235
  12 134  44  54 125  50 258 263  92  60 279 159 284 155 201   6 289  82
 253  19 145 211 234 226 213 102 191  59 232  89  40 314  96  85 183 255
  97 167 164 224  99 152 187 254 175  98 193 205  56  10 220  38 309 105
 142  69 168 319 173 123 197  11 126 302  72 249 151 135 122 242 106 216
 177 259  20 306  28  30 299  43  81 223  75  53 217 285  27 127 227 256
  62  21 139 209 238 296 199 158 222 260 203   3 212  17 109 247  15  86
  83 311  71 165  37 141 265 228  41 150  22 160 233 171  13 291 161 225
 316 185 300 200 206 275 295 283 182 274  64  23 162  47 221 132 190 244
  65  87 124 246 204  68   5 218 194  48 104 272 196 297  45 303 268]
TRAININDEX=[ 18  74 121 287  39  51 219 229 292  95 270 110 136 243 250  49 286]

# learned parameters for cdtw and gem
# dtw ((error, size, error/size), (window, sqr))
# gem ((error, size, error/size), (St0, St1, E, sym, sqr))
BESTLEARNCONSDTW=((0, 17, 0.0), (0.11, True))
LISTLEARNCONSDTW=[((0, 17, 0.0), (0.02, True)), ((0, 17, 0.0), (0.029999999999999999, True)), ((0, 17, 0.0), (0.040000000000000001, True)), ((0, 17, 0.0), (0.050000000000000003, True)), ((0, 17, 0.0), (0.059999999999999998, True)), ((0, 17, 0.0), (0.070000000000000007, True)), ((0, 17, 0.0), (0.080000000000000002, True)), ((0, 17, 0.0), (0.089999999999999997, True)), ((0, 17, 0.0), (0.10000000000000001, True)), ((0, 17, 0.0), (0.11, True)), ((0, 17, 0.0), (0.12, True)), ((0, 17, 0.0), (0.13, True)), ((0, 17, 0.0), (0.14000000000000001, True)), ((0, 17, 0.0), (0.14999999999999999, True)), ((0, 17, 0.0), (0.16, True)), ((0, 17, 0.0), (0.17000000000000001, True)), ((0, 17, 0.0), (0.17999999999999999, True)), ((0, 17, 0.0), (0.19, True)), ((0, 17, 0.0), (0.20000000000000001, True)), ((1, 17, 0.058823529411764705), (0.01, True)), ((2, 17, 0.11764705882352941), (0.0, True))]

BESTLEARNGEM=((1, 17, 0.058823529411764705), (2, 1, 0, True, True))
LISTLEARNGEM=[((1, 17, 0.058823529411764705), (2, 1, 0, True, True)), ((2, 17, 0.11764705882352941), (1, 1, 0, True, True)), ((2, 17, 0.11764705882352941), (1, 1, 0.00390625, True, True)), ((2, 17, 0.11764705882352941), (1, 1, 0.0078125, True, True)), ((2, 17, 0.11764705882352941), (1, 1, 0.015625, True, True)), ((2, 17, 0.11764705882352941), (1, 1, 0.03125, True, True)), ((2, 17, 0.11764705882352941), (1, 1, 0.0625, True, True)), ((2, 17, 0.11764705882352941), (1, 2, 0, True, True)), ((2, 17, 0.11764705882352941), (1, 2, 0.00390625, True, True)), ((2, 17, 0.11764705882352941), (1, 2, 0.0078125, True, True)), ((2, 17, 0.11764705882352941), (1, 2, 0.015625, True, True)), ((2, 17, 0.11764705882352941), (1, 2, 0.03125, True, True)), ((2, 17, 0.11764705882352941), (1, 2, 0.0625, True, True)), ((2, 17, 0.11764705882352941), (2, 1, 0.00390625, True, True)), ((2, 17, 0.11764705882352941), (2, 1, 0.0078125, True, True)), ((2, 17, 0.11764705882352941), (2, 1, 0.015625, True, True)), ((2, 17, 0.11764705882352941), (2, 1, 0.03125, True, True)), ((2, 17, 0.11764705882352941), (2, 1, 0.0625, True, True)), ((2, 17, 0.11764705882352941), (2, 1, 0.125, True, True)), ((2, 17, 0.11764705882352941), (2, 1, 0.25, True, True)), ((2, 17, 0.11764705882352941), (2, 1, 0.5, True, True)), ((2, 17, 0.11764705882352941), (2, 2, 0.125, True, True)), ((2, 17, 0.11764705882352941), (2, 2, 0.25, True, True)), ((2, 17, 0.11764705882352941), (2, 2, 0.5, True, True)), ((3, 17, 0.17647058823529413), (1, 1, 0.125, True, True)), ((3, 17, 0.17647058823529413), (1, 1, 0.25, True, True)), ((3, 17, 0.17647058823529413), (1, 1, 0.5, True, True)), ((3, 17, 0.17647058823529413), (1, 2, 0.125, True, True)), ((3, 17, 0.17647058823529413), (1, 2, 0.25, True, True)), ((3, 17, 0.17647058823529413), (1, 2, 0.5, True, True)), ((3, 17, 0.17647058823529413), (2, 2, 0.0625, True, True)), ((6, 17, 0.35294117647058826), (2, 2, 0.03125, True, True)), ((7, 17, 0.4117647058823529), (2, 2, 0, True, True)), ((7, 17, 0.4117647058823529), (2, 2, 0.00390625, True, True)), ((7, 17, 0.4117647058823529), (2, 2, 0.0078125, True, True)), ((7, 17, 0.4117647058823529), (2, 2, 0.015625, True, True))]


# error rates for different distance measures
# (error, size, error/size) and binary mask
BESTLP=(8, 305, 0.02622950819672131)
LISTLP=[0, 0, 0, 0, 0, 0, 0, 0, 0, 0, 0, 0, 0, 0, 0, 0, 0, 0, 0, 0, 0, 0, 0, 0, 0, 0, 0, 0, 0, 0, 0, 1, 0, 0, 0, 0, 0, 0, 0, 0, 0, 0, 0, 0, 0, 0, 0, 0, 0, 0, 0, 0, 0, 0, 0, 0, 0, 0, 0, 0, 0, 0, 0, 0, 0, 1, 0, 0, 0, 0, 0, 0, 0, 0, 0, 0, 0, 0, 0, 0, 0, 0, 0, 0, 1, 0, 0, 0, 0, 0, 0, 0, 0, 0, 0, 0, 0, 1, 0, 0, 0, 0, 0, 0, 0, 0, 0, 0, 0, 0, 0, 0, 0, 0, 1, 0, 0, 0, 0, 0, 0, 0, 0, 0, 0, 0, 0, 0, 0, 0, 0, 0, 0, 0, 0, 0, 0, 0, 0, 0, 0, 0, 0, 0, 1, 0, 0, 0, 0, 0, 0, 0, 0, 0, 0, 0, 0, 0, 0, 0, 0, 0, 0, 0, 0, 0, 0, 0, 0, 0, 0, 0, 0, 0, 0, 0, 0, 0, 0, 0, 0, 0, 0, 0, 0, 0, 0, 0, 0, 0, 0, 0, 0, 0, 0, 0, 0, 0, 0, 0, 0, 0, 0, 0, 0, 0, 0, 0, 0, 0, 0, 1, 0, 0, 0, 0, 0, 0, 0, 0, 0, 0, 0, 0, 0, 0, 0, 0, 0, 0, 0, 0, 0, 0, 0, 1, 0, 0, 0, 0, 0, 0, 0, 0, 0, 0, 0, 0, 0, 0, 0, 0, 0, 0, 0, 0, 0, 0, 0, 0, 0, 0, 0, 0, 0, 0, 0, 0, 0, 0, 0, 0, 0, 0, 0, 0, 0, 0, 0, 0, 0, 0, 0, 0, 0, 0, 0, 0, 0, 0, 0, 0, 0, 0, 0, 0, 0, 0, 0, 0, 0, 0, 0, 0, 0]

BESTFULLDTW=(4, 305, 0.013114754098360656)
LISTFULLDTW=[0, 0, 0, 0, 0, 0, 0, 0, 0, 0, 0, 0, 0, 0, 0, 0, 0, 0, 0, 0, 0, 0, 0, 0, 0, 0, 0, 0, 0, 0, 0, 0, 0, 0, 0, 0, 0, 0, 0, 0, 0, 0, 0, 0, 0, 0, 0, 0, 0, 0, 0, 0, 0, 0, 0, 0, 0, 0, 0, 0, 0, 0, 0, 0, 0, 0, 0, 0, 0, 0, 0, 0, 0, 0, 0, 0, 0, 0, 0, 0, 0, 0, 0, 0, 1, 0, 0, 0, 0, 0, 0, 0, 0, 0, 0, 0, 0, 1, 0, 0, 0, 0, 0, 0, 0, 0, 0, 0, 0, 0, 0, 0, 0, 0, 1, 0, 0, 0, 0, 0, 0, 0, 0, 0, 0, 0, 0, 0, 0, 0, 0, 0, 0, 0, 0, 0, 0, 0, 0, 0, 0, 0, 0, 0, 0, 0, 0, 0, 0, 0, 0, 0, 0, 0, 0, 0, 0, 0, 0, 0, 0, 0, 0, 0, 0, 0, 0, 0, 0, 0, 0, 0, 0, 0, 0, 0, 0, 0, 0, 0, 0, 0, 0, 0, 0, 0, 0, 0, 0, 0, 0, 0, 0, 0, 0, 0, 0, 0, 0, 0, 0, 0, 0, 0, 0, 0, 0, 0, 0, 0, 0, 1, 0, 0, 0, 0, 0, 0, 0, 0, 0, 0, 0, 0, 0, 0, 0, 0, 0, 0, 0, 0, 0, 0, 0, 0, 0, 0, 0, 0, 0, 0, 0, 0, 0, 0, 0, 0, 0, 0, 0, 0, 0, 0, 0, 0, 0, 0, 0, 0, 0, 0, 0, 0, 0, 0, 0, 0, 0, 0, 0, 0, 0, 0, 0, 0, 0, 0, 0, 0, 0, 0, 0, 0, 0, 0, 0, 0, 0, 0, 0, 0, 0, 0, 0, 0, 0, 0, 0, 0, 0, 0, 0, 0, 0]

BESTCONSDTW=(5, 305, 0.01639344262295082)
LISTCONSDTW=[0, 0, 0, 0, 0, 0, 0, 0, 0, 0, 0, 0, 0, 0, 0, 0, 0, 0, 0, 0, 0, 0, 0, 0, 0, 0, 0, 0, 0, 0, 0, 0, 0, 0, 0, 0, 0, 0, 0, 0, 0, 0, 0, 0, 0, 0, 0, 0, 0, 0, 0, 0, 0, 0, 0, 0, 0, 0, 0, 0, 0, 0, 0, 0, 0, 1, 0, 0, 0, 0, 0, 0, 0, 0, 0, 0, 0, 0, 0, 0, 0, 0, 0, 0, 1, 0, 0, 0, 0, 0, 0, 0, 0, 0, 0, 0, 0, 1, 0, 0, 0, 0, 0, 0, 0, 0, 0, 0, 0, 0, 0, 0, 0, 0, 1, 0, 0, 0, 0, 0, 0, 0, 0, 0, 0, 0, 0, 0, 0, 0, 0, 0, 0, 0, 0, 0, 0, 0, 0, 0, 0, 0, 0, 0, 0, 0, 0, 0, 0, 0, 0, 0, 0, 0, 0, 0, 0, 0, 0, 0, 0, 0, 0, 0, 0, 0, 0, 0, 0, 0, 0, 0, 0, 0, 0, 0, 0, 0, 0, 0, 0, 0, 0, 0, 0, 0, 0, 0, 0, 0, 0, 0, 0, 0, 0, 0, 0, 0, 0, 0, 0, 0, 0, 0, 0, 0, 0, 0, 0, 0, 0, 1, 0, 0, 0, 0, 0, 0, 0, 0, 0, 0, 0, 0, 0, 0, 0, 0, 0, 0, 0, 0, 0, 0, 0, 0, 0, 0, 0, 0, 0, 0, 0, 0, 0, 0, 0, 0, 0, 0, 0, 0, 0, 0, 0, 0, 0, 0, 0, 0, 0, 0, 0, 0, 0, 0, 0, 0, 0, 0, 0, 0, 0, 0, 0, 0, 0, 0, 0, 0, 0, 0, 0, 0, 0, 0, 0, 0, 0, 0, 0, 0, 0, 0, 0, 0, 0, 0, 0, 0, 0, 0, 0, 0, 0]

BESTGEM=(7, 305, 0.022950819672131147)
LISTGEM=[0, 0, 0, 0, 0, 0, 0, 0, 0, 0, 0, 0, 0, 0, 0, 0, 0, 0, 0, 0, 0, 1, 0, 0, 0, 0, 0, 0, 0, 0, 0, 1, 0, 0, 0, 0, 1, 0, 0, 0, 0, 0, 0, 0, 0, 0, 0, 0, 0, 0, 0, 0, 0, 0, 0, 0, 0, 0, 0, 0, 0, 0, 0, 0, 0, 0, 0, 0, 0, 0, 0, 0, 0, 0, 0, 0, 0, 0, 0, 0, 0, 0, 0, 0, 1, 0, 0, 0, 0, 0, 0, 0, 0, 0, 0, 0, 0, 1, 0, 0, 0, 0, 0, 0, 0, 0, 0, 0, 0, 0, 0, 0, 0, 0, 1, 0, 0, 0, 0, 0, 0, 0, 0, 0, 0, 0, 0, 0, 0, 0, 0, 0, 0, 0, 0, 0, 0, 0, 0, 0, 0, 0, 0, 0, 0, 0, 0, 0, 0, 0, 0, 0, 0, 0, 0, 0, 0, 0, 0, 0, 0, 0, 0, 0, 0, 0, 0, 0, 0, 0, 0, 0, 0, 0, 0, 0, 0, 0, 0, 0, 0, 0, 0, 0, 0, 0, 0, 0, 0, 0, 0, 0, 0, 0, 0, 0, 0, 0, 0, 0, 0, 0, 0, 0, 0, 0, 0, 0, 0, 0, 0, 1, 0, 0, 0, 0, 0, 0, 0, 0, 0, 0, 0, 0, 0, 0, 0, 0, 0, 0, 0, 0, 0, 0, 0, 0, 0, 0, 0, 0, 0, 0, 0, 0, 0, 0, 0, 0, 0, 0, 0, 0, 0, 0, 0, 0, 0, 0, 0, 0, 0, 0, 0, 0, 0, 0, 0, 0, 0, 0, 0, 0, 0, 0, 0, 0, 0, 0, 0, 0, 0, 0, 0, 0, 0, 0, 0, 0, 0, 0, 0, 0, 0, 0, 0, 0, 0, 0, 0, 0, 0, 0, 0, 0, 0]

