# shuffled stratified split (indices referring to UCR database)
TESTINDEX=[119 314 228   9 185 124 304 102  68 101 295  89  39 266  70 274 247  91
 253 244 115 268  73  23  44 118 149 151 222 318 177 169  82 235  18 313
  62  83 210  16 221 125 219  86 204 141 302  51 225 297 165 138 130 212
  17 152 178 285 264 191 298 220 224 308  77 262 161 131 192 213 174  36
  26 158  43 196 171  48  93 289  46  69  37   6 145   2 227 200 181 232
 312 111  55 242  32 275  53 126 309 317  31 271 168 207 218 211  41 255
 249 239 122   4  74 276 148 154 163  71 108 201 112  81 288  67   3 135
  20 128  88 284 176 321  63 245 106 109 279 316 164 234  98 208 116  47
 265 127 114  90   7 159 240   8   5 263 150  87  38 179 223 259  33 172
 157 237 140 282 156 144  99  11 281 230 311  28 269  66  80  65  54 120
 267 110  21 186  13 273 256 251 180 134 300 277 205 142 121  57 166 155
  58 214 143  95 301 287 319 231 250 296  92 293 160 286 248 283 315 203
  40 246  50 270  45 104 202 209  96 105 307 229 132  79  72 206 173  24
 187 147 198 290 139 133  97 305 238  22  15 254  84  35  64 117 184   0
 188 103 167 217 199 257  19 233 197 129 137  76 190  75 236 153 113 291
  49 278  60  61 226 195  34 272  94 146 260 189 175  27 252 294 303  56
 123  10 258 310  14 241 100 107 136  42 320 280 243 183  59 299  29]
TRAININDEX=[170 292 215 261  25 306  30 182   1 194  12 193  52 216  85 162  78]

# learned parameters for cdtw and gem
# dtw ((error, size, error/size), (window, sqr))
# gem ((error, size, error/size), (St0, St1, E, sym, sqr))
BESTLEARNCONSDTW=((2, 17, 0.11764705882352941), (0.10000000000000001, True))
LISTLEARNCONSDTW=[((2, 17, 0.11764705882352941), (0.0, True)), ((2, 17, 0.11764705882352941), (0.01, True)), ((2, 17, 0.11764705882352941), (0.02, True)), ((2, 17, 0.11764705882352941), (0.029999999999999999, True)), ((2, 17, 0.11764705882352941), (0.040000000000000001, True)), ((2, 17, 0.11764705882352941), (0.050000000000000003, True)), ((2, 17, 0.11764705882352941), (0.059999999999999998, True)), ((2, 17, 0.11764705882352941), (0.070000000000000007, True)), ((2, 17, 0.11764705882352941), (0.080000000000000002, True)), ((2, 17, 0.11764705882352941), (0.089999999999999997, True)), ((2, 17, 0.11764705882352941), (0.10000000000000001, True)), ((2, 17, 0.11764705882352941), (0.11, True)), ((2, 17, 0.11764705882352941), (0.12, True)), ((2, 17, 0.11764705882352941), (0.13, True)), ((2, 17, 0.11764705882352941), (0.14000000000000001, True)), ((2, 17, 0.11764705882352941), (0.14999999999999999, True)), ((2, 17, 0.11764705882352941), (0.16, True)), ((2, 17, 0.11764705882352941), (0.17000000000000001, True)), ((2, 17, 0.11764705882352941), (0.17999999999999999, True)), ((2, 17, 0.11764705882352941), (0.19, True)), ((2, 17, 0.11764705882352941), (0.20000000000000001, True))]

BESTLEARNGEM=((2, 17, 0.11764705882352941), (2, 1, 0.03125, True, True))
LISTLEARNGEM=[((2, 17, 0.11764705882352941), (1, 1, 0, True, True)), ((2, 17, 0.11764705882352941), (1, 1, 0.00390625, True, True)), ((2, 17, 0.11764705882352941), (1, 1, 0.0078125, True, True)), ((2, 17, 0.11764705882352941), (1, 1, 0.015625, True, True)), ((2, 17, 0.11764705882352941), (1, 1, 0.03125, True, True)), ((2, 17, 0.11764705882352941), (1, 1, 0.0625, True, True)), ((2, 17, 0.11764705882352941), (1, 1, 0.125, True, True)), ((2, 17, 0.11764705882352941), (1, 1, 0.25, True, True)), ((2, 17, 0.11764705882352941), (1, 1, 0.5, True, True)), ((2, 17, 0.11764705882352941), (1, 2, 0, True, True)), ((2, 17, 0.11764705882352941), (1, 2, 0.00390625, True, True)), ((2, 17, 0.11764705882352941), (1, 2, 0.0078125, True, True)), ((2, 17, 0.11764705882352941), (1, 2, 0.015625, True, True)), ((2, 17, 0.11764705882352941), (1, 2, 0.03125, True, True)), ((2, 17, 0.11764705882352941), (1, 2, 0.0625, True, True)), ((2, 17, 0.11764705882352941), (1, 2, 0.125, True, True)), ((2, 17, 0.11764705882352941), (1, 2, 0.25, True, True)), ((2, 17, 0.11764705882352941), (1, 2, 0.5, True, True)), ((2, 17, 0.11764705882352941), (2, 1, 0, True, True)), ((2, 17, 0.11764705882352941), (2, 1, 0.00390625, True, True)), ((2, 17, 0.11764705882352941), (2, 1, 0.0078125, True, True)), ((2, 17, 0.11764705882352941), (2, 1, 0.015625, True, True)), ((2, 17, 0.11764705882352941), (2, 1, 0.03125, True, True)), ((2, 17, 0.11764705882352941), (2, 1, 0.0625, True, True)), ((2, 17, 0.11764705882352941), (2, 1, 0.125, True, True)), ((2, 17, 0.11764705882352941), (2, 1, 0.25, True, True)), ((2, 17, 0.11764705882352941), (2, 1, 0.5, True, True)), ((2, 17, 0.11764705882352941), (2, 2, 0.5, True, True)), ((3, 17, 0.17647058823529413), (2, 2, 0.25, True, True)), ((5, 17, 0.29411764705882354), (2, 2, 0.125, True, True)), ((6, 17, 0.35294117647058826), (2, 2, 0.03125, True, True)), ((7, 17, 0.4117647058823529), (2, 2, 0.0625, True, True)), ((8, 17, 0.47058823529411764), (2, 2, 0, True, True)), ((8, 17, 0.47058823529411764), (2, 2, 0.00390625, True, True)), ((8, 17, 0.47058823529411764), (2, 2, 0.0078125, True, True)), ((8, 17, 0.47058823529411764), (2, 2, 0.015625, True, True))]


# error rates for different distance measures
# (error, size, error/size) and binary mask
BESTLP=(15, 305, 0.04918032786885246)
LISTLP=[0, 0, 0, 0, 0, 0, 0, 0, 0, 0, 0, 0, 0, 0, 0, 0, 0, 0, 0, 0, 0, 0, 0, 0, 0, 0, 0, 0, 0, 0, 0, 0, 0, 0, 0, 0, 0, 0, 1, 0, 0, 0, 1, 0, 0, 0, 0, 0, 0, 0, 0, 0, 0, 0, 0, 0, 0, 0, 0, 0, 0, 0, 0, 0, 0, 0, 0, 0, 0, 0, 0, 0, 0, 0, 0, 0, 0, 0, 0, 0, 0, 0, 0, 0, 0, 0, 0, 1, 0, 0, 0, 0, 0, 0, 0, 0, 0, 0, 0, 0, 1, 0, 1, 0, 0, 0, 0, 0, 0, 0, 0, 0, 0, 0, 0, 0, 0, 0, 0, 0, 0, 0, 0, 0, 0, 0, 0, 0, 0, 0, 0, 0, 0, 0, 1, 0, 0, 0, 0, 0, 0, 0, 0, 0, 0, 0, 0, 0, 0, 0, 0, 0, 0, 0, 1, 0, 0, 0, 0, 0, 0, 0, 0, 0, 0, 0, 0, 0, 0, 0, 0, 0, 0, 0, 0, 0, 0, 0, 0, 1, 1, 0, 1, 0, 0, 1, 0, 0, 0, 0, 0, 1, 0, 0, 0, 0, 0, 0, 0, 0, 0, 0, 0, 0, 0, 0, 0, 1, 0, 0, 0, 0, 0, 0, 0, 0, 0, 0, 0, 0, 0, 0, 0, 0, 0, 0, 0, 0, 0, 0, 0, 0, 0, 0, 0, 0, 0, 0, 0, 0, 0, 0, 0, 0, 0, 0, 0, 0, 0, 0, 0, 0, 0, 0, 0, 0, 0, 0, 0, 0, 0, 0, 1, 0, 0, 0, 0, 0, 0, 0, 0, 0, 0, 0, 0, 0, 0, 0, 1, 0, 0, 0, 0, 0, 0, 0, 0, 0, 0, 0, 0, 0, 0, 0, 0, 0, 0, 0, 0, 0, 0, 0, 0, 0, 0]

BESTFULLDTW=(5, 305, 0.01639344262295082)
LISTFULLDTW=[0, 0, 0, 0, 0, 0, 0, 0, 0, 0, 0, 0, 0, 0, 0, 0, 0, 0, 0, 0, 0, 0, 0, 0, 0, 0, 0, 0, 0, 0, 0, 0, 0, 0, 0, 0, 0, 0, 0, 0, 0, 0, 1, 0, 0, 0, 0, 0, 0, 0, 0, 0, 0, 0, 0, 0, 0, 0, 0, 0, 0, 0, 0, 0, 0, 0, 0, 0, 0, 0, 0, 0, 0, 0, 0, 0, 0, 0, 0, 0, 0, 0, 0, 0, 0, 0, 0, 0, 0, 0, 0, 0, 0, 0, 0, 0, 0, 0, 0, 0, 0, 0, 0, 0, 0, 0, 0, 0, 0, 0, 0, 0, 0, 0, 0, 0, 0, 0, 0, 0, 0, 0, 0, 0, 0, 0, 0, 0, 0, 0, 0, 0, 0, 0, 0, 0, 0, 0, 0, 0, 0, 0, 0, 0, 0, 0, 0, 0, 0, 0, 0, 0, 0, 0, 0, 0, 0, 0, 0, 0, 0, 0, 0, 0, 0, 0, 0, 0, 0, 0, 0, 0, 0, 0, 0, 0, 0, 0, 0, 1, 1, 0, 0, 0, 0, 1, 0, 0, 0, 0, 0, 0, 0, 0, 0, 0, 0, 0, 0, 0, 0, 0, 0, 0, 0, 0, 0, 0, 0, 0, 0, 0, 0, 0, 0, 0, 0, 0, 0, 0, 0, 0, 0, 0, 0, 0, 0, 0, 0, 0, 0, 0, 0, 0, 0, 0, 0, 0, 0, 0, 0, 0, 0, 0, 0, 0, 0, 0, 0, 0, 0, 0, 0, 0, 0, 0, 0, 0, 0, 0, 0, 0, 1, 0, 0, 0, 0, 0, 0, 0, 0, 0, 0, 0, 0, 0, 0, 0, 0, 0, 0, 0, 0, 0, 0, 0, 0, 0, 0, 0, 0, 0, 0, 0, 0, 0, 0, 0, 0, 0, 0, 0, 0, 0, 0]

BESTCONSDTW=(4, 305, 0.013114754098360656)
LISTCONSDTW=[0, 0, 0, 0, 0, 0, 0, 0, 0, 0, 0, 0, 0, 0, 0, 0, 0, 0, 0, 0, 0, 0, 0, 0, 0, 0, 0, 0, 0, 0, 0, 0, 0, 0, 0, 0, 0, 0, 0, 0, 0, 0, 1, 0, 0, 0, 0, 0, 0, 0, 0, 0, 0, 0, 0, 0, 0, 0, 0, 0, 0, 0, 0, 0, 0, 0, 0, 0, 0, 0, 0, 0, 0, 0, 0, 0, 0, 0, 0, 0, 0, 0, 0, 0, 0, 0, 0, 0, 0, 0, 0, 0, 0, 0, 0, 0, 0, 0, 0, 0, 0, 0, 0, 0, 0, 0, 0, 0, 0, 0, 0, 0, 0, 0, 0, 0, 0, 0, 0, 0, 0, 0, 0, 0, 0, 0, 0, 0, 0, 0, 0, 0, 0, 0, 0, 0, 0, 0, 0, 0, 0, 0, 0, 0, 0, 0, 0, 0, 0, 0, 0, 0, 0, 0, 0, 0, 0, 0, 0, 0, 0, 0, 0, 0, 0, 0, 0, 0, 0, 0, 0, 0, 0, 0, 0, 0, 0, 0, 0, 1, 1, 0, 0, 0, 0, 0, 0, 0, 0, 0, 0, 0, 0, 0, 0, 0, 0, 0, 0, 0, 0, 0, 0, 0, 0, 0, 0, 0, 0, 0, 0, 0, 0, 0, 0, 0, 0, 0, 0, 0, 0, 0, 0, 0, 0, 0, 0, 0, 0, 0, 0, 0, 0, 0, 0, 0, 0, 0, 0, 0, 0, 0, 0, 0, 0, 0, 0, 0, 0, 0, 0, 0, 0, 0, 0, 0, 0, 0, 0, 0, 0, 0, 1, 0, 0, 0, 0, 0, 0, 0, 0, 0, 0, 0, 0, 0, 0, 0, 0, 0, 0, 0, 0, 0, 0, 0, 0, 0, 0, 0, 0, 0, 0, 0, 0, 0, 0, 0, 0, 0, 0, 0, 0, 0, 0]

BESTGEM=(14, 305, 0.04590163934426229)
LISTGEM=[0, 0, 0, 0, 0, 0, 0, 0, 0, 0, 0, 0, 0, 0, 0, 0, 0, 0, 0, 0, 0, 0, 0, 0, 0, 0, 0, 0, 0, 0, 0, 0, 0, 0, 0, 0, 0, 0, 1, 0, 0, 0, 1, 0, 0, 0, 0, 0, 0, 0, 0, 0, 0, 0, 0, 0, 0, 0, 0, 0, 0, 0, 0, 0, 0, 0, 0, 0, 0, 0, 0, 0, 0, 0, 0, 0, 0, 0, 0, 0, 0, 0, 0, 0, 0, 0, 0, 1, 0, 0, 0, 0, 0, 0, 0, 0, 0, 0, 0, 0, 0, 0, 1, 0, 0, 0, 0, 0, 0, 0, 0, 0, 0, 0, 0, 0, 0, 0, 0, 0, 0, 0, 0, 0, 0, 0, 0, 0, 0, 0, 0, 0, 0, 0, 0, 0, 0, 0, 0, 0, 0, 0, 0, 0, 0, 1, 0, 0, 0, 0, 0, 0, 0, 0, 1, 0, 0, 0, 0, 1, 0, 0, 0, 0, 0, 0, 0, 0, 0, 0, 0, 0, 0, 0, 0, 0, 0, 0, 0, 1, 1, 0, 1, 1, 0, 1, 0, 0, 0, 0, 0, 1, 0, 0, 0, 0, 0, 0, 0, 0, 0, 0, 0, 0, 0, 0, 0, 0, 0, 0, 0, 0, 0, 0, 0, 0, 0, 0, 0, 0, 0, 0, 0, 0, 0, 0, 0, 0, 0, 0, 0, 0, 0, 0, 0, 0, 0, 0, 0, 0, 0, 0, 0, 0, 0, 0, 0, 0, 0, 0, 0, 0, 0, 0, 0, 0, 0, 0, 0, 0, 0, 0, 0, 0, 0, 0, 0, 0, 0, 0, 0, 0, 0, 0, 0, 0, 0, 0, 1, 0, 0, 0, 0, 0, 0, 0, 0, 0, 0, 0, 0, 0, 0, 0, 0, 0, 0, 0, 0, 0, 0, 0, 0, 0, 0]

