# shuffled stratified split (indices referring to UCR database)
TESTINDEX=[252 216 420 395 147 394 226 766 382 684 585 702 732 267 315 225 499 173
 201 400 136 378  25 100 580 183  49 111 308 370 392 213 532  41 440 169
 204 466 212 661 300 110 414 223 218 113 433 407 570 385 474 188 680 518
 677 719 511  26 495 514 610 425 253 567 361 561 325 419  40 313 671 469
 311 454 551 409 450 415 568 470 115 716 158 764  87 710 275 150  35 179
  47 711  36  28  39 723 319 685 722 176 198 679 274 463 550 717 327 210
 344 517 734 456  38 763 356 545 174 193  31 343 161  54 137 448 485 417
  79 438 468 196 509 304 749 244 337  11  89 640 170 769 207 387 398  61
 165 515 630  68 346 135 239 506 312 114 644  74 445 647 503 185 663  51
 338 384 462 155 559 168 199  64 131 497 353 614 582 197 348 584  44 377
 393 273  58 314 317 316 744 535 130 623 775 134 566 772 726 367 412 397
  17 375 214 364 292 464 119 324 521 195 546   7  15 489  13 746 246 534
 374 152 331 505 429 538 358 101 354 442 254 408  14 298 224 729 109 284
 262 257 668 228 276 264 289   0 686 349 660 250 721 263 605 235 655 600
 578 465 502 547 432 172 279 471 525 120 127  93 724  78 106 424 667 743
 599 121 526 182 496 687 608 622  99 194 288 418 606 339 270  22 571 639
 341 217 459 303 665  33  46 318  60 153 569 386 141 707 588 548  10 645
 372 604 156 430 586 516 255 428 590 626 355 236 564 427 484 524 243 488
  81 380 203 104  21 321 451  84 636 401 498 529 296 455 405 537  59 112
 142 607 500 143 365 613 237 441 653 145 206 230 631 705  55  73  92  95
  56 512  57 268 396 439 329 678 615 157  43 612 233 490 166 510 232 421
 473 712 733 350  42   4]
TRAININDEX=[620 191 539  52 362 297 762 103 410 563 146 713 601 611  86 531 164 699
 403 595 148 320  80 693 544 643 336 105  91  96 587 581 309 138 651 117
 754  71 670 202 435 323  16   3 768 163  27 750 747 208 434  75 108 132
   2 742 443  50  63 616 391 664 592 491 493 449 479 305 706 283 285  65
  70 751 293 691 657 290  82 129 556 249 180 266 175 227 306 528 577 259
 696 703 477 650 334 555 118 205 310 294 704 369 541 523 301 260 624  37
 618 436 507  53 342 700  34 295 603 219 160  24 154 211 447  66 649 598
 332 553 245  20 368 359 251  18 460  94 714 530 128 695 102 519 629 593
 383 492  19 543 632 282  72 619 271 333 727 171 124 625 307 280 481 540
 242 322 666 756 190 416 740 738 272 467 209 690 269 728 159 381 184 572
 656 635 533  88 641 187 167 759  77 513 431 265 221 520 351 483 125 745
 683 340 399 646 189 576 287 504 760  48 482 360  62 261 731 371 617 192
 688 682  29 402 426 151 638 552 144 735 422 352 648 627  69  98 162 357
 241 558 247  83 557   1 542 291 765 215 654 413 583 698 501 560 373 107
 256 575 549 652 181   5 437   9 278 720 494 186 248 692 178 302 330 476
 709 277 366 527 123 234 708 658 480 487 676 444 139   8 240 452   6 133
 522 326 659 672 363 446 347 628 389 715 669 299 126 229 674  90 621 591
 345 609 478 220 574 701 589 757 238  76 457 637 737 475 258 177 406  23
 461 286 536 725  32 554 633 662 736 565 594 458 675 761 753 597 281 379
 673 376 642  97 149 718  45 486 741 579 596  67 562 694 681 388 453 771
 602 634 200 752 390  12 739 689 404 140  30 328 697 423 122 573 472  85
 411 222 116 335 231 508]

# learned parameters for cdtw and gem
# dtw ((error, size, error/size), (window, sqr))
# gem ((error, size, error/size), (St0, St1, E, sym, sqr))
BESTLEARNCONSDTW=((73, 384, 0.19010416666666666), (0.14000000000000001, True))
LISTLEARNCONSDTW=[((73, 384, 0.19010416666666666), (0.13, True)), ((73, 384, 0.19010416666666666), (0.14000000000000001, True)), ((74, 384, 0.19270833333333334), (0.16, True)), ((75, 384, 0.1953125), (0.14999999999999999, True)), ((75, 384, 0.1953125), (0.17000000000000001, True)), ((75, 384, 0.1953125), (0.19, True)), ((76, 384, 0.19791666666666666), (0.080000000000000002, True)), ((76, 384, 0.19791666666666666), (0.17999999999999999, True)), ((76, 384, 0.19791666666666666), (0.20000000000000001, True)), ((77, 384, 0.20052083333333334), (0.070000000000000007, True)), ((78, 384, 0.203125), (0.12, True)), ((79, 384, 0.20572916666666666), (0.089999999999999997, True)), ((80, 384, 0.20833333333333334), (0.11, True)), ((81, 384, 0.2109375), (0.059999999999999998, True)), ((82, 384, 0.21354166666666666), (0.050000000000000003, True)), ((82, 384, 0.21354166666666666), (0.10000000000000001, True)), ((84, 384, 0.21875), (0.040000000000000001, True)), ((97, 384, 0.25260416666666669), (0.029999999999999999, True)), ((108, 384, 0.28125), (0.02, True)), ((125, 384, 0.32552083333333331), (0.01, True)), ((167, 384, 0.43489583333333331), (0.0, True))]

BESTLEARNGEM=((85, 384, 0.22135416666666666), (2, 2, 0.03125, True, True))
LISTLEARNGEM=[((85, 384, 0.22135416666666666), (2, 2, 0.03125, True, True)), ((89, 384, 0.23177083333333334), (2, 2, 0.0625, True, True)), ((90, 384, 0.234375), (2, 2, 0.015625, True, True)), ((100, 384, 0.26041666666666669), (2, 2, 0.00390625, True, True)), ((100, 384, 0.26041666666666669), (2, 2, 0.0078125, True, True)), ((101, 384, 0.26302083333333331), (2, 2, 0, True, True)), ((106, 384, 0.27604166666666669), (2, 2, 0.125, True, True)), ((126, 384, 0.328125), (2, 2, 0.25, True, True)), ((170, 384, 0.44270833333333331), (2, 2, 0.5, True, True)), ((171, 384, 0.4453125), (2, 1, 0.0625, True, True)), ((174, 384, 0.453125), (2, 1, 0.03125, True, True)), ((175, 384, 0.45572916666666669), (2, 1, 0.015625, True, True)), ((177, 384, 0.4609375), (1, 1, 0.0078125, True, True)), ((177, 384, 0.4609375), (1, 2, 0.0078125, True, True)), ((179, 384, 0.46614583333333331), (1, 1, 0.015625, True, True)), ((179, 384, 0.46614583333333331), (1, 2, 0.015625, True, True)), ((180, 384, 0.46875), (1, 1, 0.00390625, True, True)), ((180, 384, 0.46875), (1, 2, 0.00390625, True, True)), ((187, 384, 0.48697916666666669), (1, 1, 0.03125, True, True)), ((187, 384, 0.48697916666666669), (1, 2, 0.03125, True, True)), ((187, 384, 0.48697916666666669), (2, 1, 0.0078125, True, True)), ((189, 384, 0.4921875), (1, 1, 0.0625, True, True)), ((189, 384, 0.4921875), (1, 2, 0.0625, True, True)), ((194, 384, 0.50520833333333337), (2, 1, 0.125, True, True)), ((196, 384, 0.51041666666666663), (1, 1, 0, True, True)), ((196, 384, 0.51041666666666663), (1, 2, 0, True, True)), ((197, 384, 0.51302083333333337), (2, 1, 0.00390625, True, True)), ((200, 384, 0.52083333333333337), (2, 1, 0, True, True)), ((207, 384, 0.5390625), (1, 1, 0.125, True, True)), ((207, 384, 0.5390625), (1, 2, 0.125, True, True)), ((230, 384, 0.59895833333333337), (2, 1, 0.25, True, True)), ((232, 384, 0.60416666666666663), (1, 1, 0.25, True, True)), ((232, 384, 0.60416666666666663), (1, 2, 0.25, True, True)), ((262, 384, 0.68229166666666663), (2, 1, 0.5, True, True)), ((266, 384, 0.69270833333333337), (1, 1, 0.5, True, True)), ((266, 384, 0.69270833333333337), (1, 2, 0.5, True, True))]


# error rates for different distance measures
# (error, size, error/size) and binary mask
BESTLP=(143, 384, 0.37239583333333331)
LISTLP=[0, 0, 0, 0, 0, 0, 1, 0, 1, 1, 0, 0, 0, 1, 1, 0, 1, 0, 1, 0, 0, 0, 0, 1, 1, 1, 0, 1, 0, 0, 0, 1, 0, 1, 0, 1, 0, 1, 0, 0, 0, 0, 1, 1, 0, 0, 0, 1, 0, 0, 0, 1, 1, 1, 0, 1, 0, 0, 1, 1, 0, 1, 0, 1, 1, 0, 0, 0, 0, 0, 0, 0, 0, 1, 0, 0, 1, 1, 1, 1, 0, 1, 1, 0, 1, 0, 0, 0, 1, 0, 1, 1, 0, 0, 1, 0, 0, 1, 1, 0, 0, 1, 0, 0, 0, 1, 0, 0, 1, 1, 0, 1, 0, 0, 1, 0, 0, 1, 0, 0, 1, 1, 1, 1, 0, 0, 0, 0, 1, 1, 1, 1, 0, 0, 0, 0, 0, 0, 0, 0, 0, 0, 1, 1, 0, 1, 0, 0, 1, 0, 1, 1, 0, 1, 0, 1, 1, 1, 0, 1, 1, 0, 1, 0, 0, 1, 0, 1, 1, 1, 1, 0, 0, 0, 0, 0, 1, 1, 0, 1, 1, 1, 0, 0, 0, 1, 1, 1, 0, 0, 1, 1, 0, 0, 0, 0, 1, 0, 1, 0, 0, 0, 0, 1, 0, 0, 0, 0, 0, 1, 1, 1, 0, 0, 0, 1, 0, 0, 0, 1, 1, 0, 0, 1, 0, 0, 0, 0, 0, 0, 0, 0, 0, 1, 1, 0, 0, 0, 1, 0, 0, 1, 0, 1, 0, 0, 1, 1, 1, 0, 1, 1, 1, 1, 0, 0, 0, 1, 0, 0, 0, 0, 0, 0, 0, 0, 0, 0, 0, 0, 0, 1, 0, 0, 0, 0, 0, 1, 1, 1, 0, 0, 0, 0, 1, 0, 1, 1, 0, 0, 0, 0, 0, 1, 1, 1, 0, 0, 0, 1, 0, 1, 1, 1, 0, 1, 0, 0, 0, 1, 0, 0, 1, 0, 0, 0, 0, 0, 0, 0, 0, 1, 0, 0, 0, 0, 0, 0, 1, 0, 0, 0, 0, 0, 0, 0, 0, 1, 1, 0, 0, 1, 1, 0, 0, 0, 0, 1, 0, 0, 1, 0, 1, 1, 1, 0, 0, 0, 0, 0, 0, 0, 0, 0, 1, 1, 0, 1, 1, 0, 0, 0, 1, 0, 0, 0, 0, 0, 1, 1, 0, 0, 1, 0]

BESTFULLDTW=(73, 384, 0.19010416666666666)
LISTFULLDTW=[0, 0, 0, 0, 0, 0, 0, 0, 0, 1, 0, 1, 0, 1, 0, 0, 1, 0, 0, 0, 1, 0, 0, 0, 0, 1, 0, 1, 0, 0, 1, 1, 0, 1, 0, 0, 1, 0, 0, 0, 0, 0, 0, 1, 0, 0, 0, 0, 0, 0, 0, 0, 1, 0, 0, 1, 0, 0, 1, 1, 0, 0, 0, 0, 1, 0, 0, 0, 0, 0, 0, 0, 0, 0, 0, 0, 0, 0, 1, 0, 0, 0, 1, 0, 1, 1, 0, 0, 0, 1, 1, 0, 0, 0, 1, 0, 0, 0, 0, 0, 0, 0, 0, 0, 1, 0, 0, 0, 0, 0, 0, 0, 0, 0, 0, 0, 0, 0, 0, 0, 0, 1, 1, 1, 0, 0, 0, 0, 0, 0, 1, 0, 0, 0, 0, 0, 1, 0, 0, 0, 0, 0, 0, 0, 0, 0, 0, 0, 0, 0, 1, 1, 0, 0, 0, 1, 0, 0, 0, 0, 1, 0, 0, 0, 1, 0, 0, 0, 1, 0, 0, 0, 0, 0, 0, 0, 0, 1, 0, 0, 1, 0, 1, 0, 0, 1, 0, 0, 0, 0, 1, 0, 0, 0, 0, 0, 0, 0, 0, 0, 0, 1, 0, 1, 0, 0, 0, 0, 0, 0, 1, 1, 0, 0, 1, 0, 0, 1, 0, 1, 0, 0, 0, 0, 0, 0, 0, 1, 0, 0, 1, 0, 0, 1, 0, 0, 0, 0, 0, 0, 0, 1, 0, 0, 0, 0, 1, 0, 0, 0, 0, 0, 1, 0, 0, 0, 0, 0, 0, 0, 0, 0, 0, 0, 0, 0, 0, 0, 0, 0, 0, 0, 0, 0, 0, 0, 0, 0, 0, 0, 0, 0, 0, 1, 0, 0, 0, 0, 0, 0, 0, 0, 0, 0, 0, 0, 0, 0, 0, 1, 0, 0, 0, 0, 0, 0, 0, 0, 0, 1, 0, 0, 1, 1, 0, 0, 0, 1, 0, 0, 0, 1, 0, 0, 0, 0, 0, 0, 1, 0, 0, 0, 0, 0, 1, 0, 0, 0, 0, 0, 0, 0, 0, 0, 0, 1, 0, 1, 0, 1, 1, 0, 0, 0, 1, 0, 0, 0, 0, 0, 0, 0, 0, 1, 0, 0, 0, 1, 1, 0, 1, 0, 0, 0, 0, 0, 0, 0, 1, 0, 0, 0, 0, 0]

BESTCONSDTW=(73, 384, 0.19010416666666666)
LISTCONSDTW=[0, 0, 0, 0, 0, 0, 0, 0, 0, 1, 0, 1, 0, 1, 0, 0, 1, 0, 0, 0, 1, 0, 0, 0, 0, 1, 0, 1, 0, 0, 1, 1, 0, 1, 0, 0, 1, 0, 0, 0, 0, 0, 0, 1, 0, 0, 0, 0, 0, 0, 0, 0, 1, 0, 0, 1, 0, 0, 1, 1, 0, 0, 0, 0, 1, 0, 0, 0, 0, 0, 0, 0, 0, 0, 0, 0, 0, 0, 1, 0, 0, 0, 1, 0, 1, 1, 0, 0, 0, 0, 1, 0, 0, 0, 1, 0, 0, 0, 0, 0, 0, 0, 0, 0, 0, 0, 0, 0, 0, 0, 0, 0, 0, 0, 0, 0, 0, 0, 0, 0, 0, 1, 0, 1, 0, 0, 0, 0, 0, 1, 1, 0, 0, 0, 0, 0, 1, 0, 0, 0, 0, 0, 0, 0, 0, 0, 0, 0, 0, 0, 1, 0, 0, 1, 0, 1, 0, 0, 0, 0, 1, 1, 0, 0, 1, 1, 0, 0, 1, 0, 0, 0, 0, 0, 0, 0, 0, 1, 0, 0, 1, 0, 1, 0, 0, 1, 0, 0, 0, 0, 1, 0, 0, 0, 0, 0, 0, 0, 0, 0, 0, 1, 0, 1, 0, 0, 0, 0, 0, 0, 0, 1, 0, 0, 1, 0, 0, 1, 0, 1, 0, 0, 0, 0, 0, 0, 0, 1, 0, 0, 1, 0, 0, 1, 0, 0, 0, 0, 0, 0, 0, 1, 0, 0, 0, 0, 1, 0, 0, 0, 0, 0, 1, 0, 0, 0, 0, 0, 0, 0, 0, 0, 0, 0, 0, 0, 0, 0, 0, 0, 0, 0, 0, 0, 0, 0, 0, 0, 0, 0, 0, 0, 1, 1, 0, 0, 0, 0, 0, 0, 0, 0, 0, 0, 0, 0, 0, 0, 0, 1, 0, 0, 0, 0, 0, 0, 0, 0, 0, 1, 0, 0, 1, 1, 0, 0, 0, 1, 0, 0, 0, 1, 0, 0, 0, 0, 0, 0, 1, 0, 0, 0, 0, 1, 0, 0, 1, 0, 0, 0, 0, 0, 0, 0, 0, 1, 0, 1, 0, 1, 1, 0, 0, 0, 1, 0, 0, 0, 0, 0, 0, 0, 0, 1, 0, 0, 0, 1, 0, 0, 1, 0, 0, 0, 0, 0, 0, 0, 1, 0, 0, 0, 0, 0]

BESTGEM=(84, 384, 0.21875)
LISTGEM=[0, 0, 0, 0, 1, 0, 0, 0, 0, 1, 0, 1, 0, 0, 1, 0, 0, 0, 0, 0, 0, 0, 0, 0, 0, 1, 0, 1, 0, 0, 1, 1, 0, 0, 0, 0, 0, 1, 1, 1, 0, 0, 1, 0, 0, 1, 0, 0, 0, 0, 0, 0, 1, 1, 0, 1, 0, 0, 1, 1, 0, 0, 0, 1, 1, 0, 0, 0, 0, 0, 0, 0, 0, 0, 0, 0, 1, 0, 1, 0, 0, 0, 1, 0, 1, 1, 1, 0, 0, 0, 1, 0, 0, 0, 0, 0, 0, 0, 0, 0, 0, 1, 0, 0, 1, 1, 0, 0, 0, 0, 0, 0, 0, 0, 1, 0, 0, 1, 0, 0, 0, 0, 0, 0, 0, 0, 0, 0, 0, 1, 1, 0, 0, 0, 0, 0, 1, 0, 0, 0, 0, 1, 0, 0, 0, 0, 0, 0, 0, 0, 1, 0, 0, 1, 0, 0, 0, 0, 0, 1, 0, 0, 0, 0, 0, 1, 0, 0, 1, 0, 0, 0, 0, 0, 0, 0, 0, 1, 0, 0, 1, 1, 0, 0, 0, 1, 0, 1, 0, 1, 0, 0, 0, 0, 1, 0, 0, 0, 0, 0, 0, 0, 0, 1, 0, 0, 0, 0, 0, 0, 0, 1, 1, 0, 1, 1, 0, 1, 0, 1, 0, 1, 0, 0, 0, 0, 0, 0, 0, 0, 0, 0, 0, 1, 0, 0, 0, 0, 0, 0, 0, 0, 0, 0, 0, 0, 1, 0, 0, 1, 0, 0, 1, 0, 0, 0, 0, 0, 0, 0, 0, 0, 0, 0, 0, 0, 0, 0, 0, 0, 0, 0, 0, 0, 0, 0, 0, 0, 1, 0, 0, 0, 0, 0, 0, 0, 0, 1, 0, 0, 0, 0, 0, 1, 0, 0, 0, 0, 0, 1, 0, 1, 0, 0, 0, 1, 0, 0, 0, 0, 0, 0, 1, 0, 0, 0, 0, 1, 1, 0, 1, 1, 1, 0, 0, 0, 0, 0, 0, 1, 0, 1, 0, 0, 1, 0, 1, 0, 0, 0, 0, 1, 1, 0, 0, 1, 0, 1, 0, 0, 1, 0, 0, 1, 0, 0, 0, 0, 0, 0, 0, 0, 0, 0, 0, 0, 0, 0, 1, 0, 0, 0, 0, 0, 0, 0, 0, 0, 1, 0, 0, 0, 0, 0]

