# shuffled stratified split (indices referring to UCR database)
TESTINDEX=[453 249 216 268  15 243 258  93 229 308 284 419  29 423 294 175 195 365
 108 392 137  64 316  40 318 324 450 317 398 368 397 427 412 431  62 218
 233 353 323  91 224  89 408 377 458 221  47 449 247 281 182 135  46 190
 102 245 315 420 133 361 160 131 205 125   3 122 116 211 109   2 301 305
  97  71 279  78  69 165  12 261  57 173  27 346  26 207 200 364 264 321
 313 283 259 310  98 194 193 338 129 341 142 244 394   7 214 384 312  24
 452 192 436 231  43 168 400   4  70 186 206 144  99 256 342  96 327  63
  35 426 409 187 441  39 240  82 201 356 424 330 185 154  42 391  76 169
 425 443   9 413 100 253 447 428 280 161 430 378 174  19 164 120 124 320
 234 432 172 326 329 114  90 369 181 123  56 222  37  51 248 456 300 343
 110 159 393 399 411  20 460 177 287 331 357 166 223 113 355 208  49 402
 296 354  68  13  31  16  18 359  79 439 237 437 325   5 191 291 220  41
 347 358 179 232 435  73 215 289 274  22 105 351  11  33 457  21 197 433
 130 198 273 278 444  14 304 236 246  67 140 459 416 352  87  44  58 403
 293 251 209 217 336 348 302 410  55  32 375 176 134  23 332 126 238 213
 151 260 382 158 379 337  36 383 311 371 204 401  85 152 241 112 309 417
 188  54 145 101  81 335  28 292 333 271 146 406  50 183 446 385 442 438
 180 266 189]
TRAININDEX=[461 162 290 345 118 163 422 254  30 418 235 157 298 115 210 139 242  94
  34 386 257 239 269 202 448 404 380 285  48 282 362 106 156 367  66 395
 262 339 299 171 103 272 389 434  61 388 350 288 370 319  45  60 297 440
  92 138 387 149  75 340  53   6 111  25  38 127 445  95 415 376  84 228
 250 178 136 212  86 334 396 226  80 132 322 117 199 414 230 119  10 143
 381 196 276 219  88 307  59 360 107 349 363 454 407   8 372 227 267 303
   1 263 147 455 328  83 167 265 462 148 314 295 155 277 184  52 344 374
 121   0 451  17 306 170  77  65 421 225 270 286 128 366 150  72 153 252
 104 255 275 141  74 405 373 429 390 203]

# learned parameters for cdtw and gem
# dtw ((error, size, error/size), (window, sqr))
# gem ((error, size, error/size), (St0, St1, E, sym, sqr))
BESTLEARNCONSDTW=((102, 154, 0.66233766233766234), (0.20000000000000001, True))
LISTLEARNCONSDTW=[((102, 154, 0.66233766233766234), (0.10000000000000001, True)), ((102, 154, 0.66233766233766234), (0.20000000000000001, True)), ((103, 154, 0.66883116883116878), (0.0, True)), ((103, 154, 0.66883116883116878), (0.040000000000000001, True)), ((103, 154, 0.66883116883116878), (0.089999999999999997, True)), ((103, 154, 0.66883116883116878), (0.11, True)), ((103, 154, 0.66883116883116878), (0.16, True)), ((103, 154, 0.66883116883116878), (0.17000000000000001, True)), ((103, 154, 0.66883116883116878), (0.17999999999999999, True)), ((103, 154, 0.66883116883116878), (0.19, True)), ((104, 154, 0.67532467532467533), (0.050000000000000003, True)), ((104, 154, 0.67532467532467533), (0.059999999999999998, True)), ((104, 154, 0.67532467532467533), (0.070000000000000007, True)), ((104, 154, 0.67532467532467533), (0.12, True)), ((104, 154, 0.67532467532467533), (0.14000000000000001, True)), ((105, 154, 0.68181818181818177), (0.01, True)), ((105, 154, 0.68181818181818177), (0.13, True)), ((105, 154, 0.68181818181818177), (0.14999999999999999, True)), ((106, 154, 0.68831168831168832), (0.080000000000000002, True)), ((110, 154, 0.7142857142857143), (0.02, True)), ((112, 154, 0.72727272727272729), (0.029999999999999999, True))]

BESTLEARNGEM=((96, 154, 0.62337662337662336), (1, 2, 0, True, True))
LISTLEARNGEM=[((96, 154, 0.62337662337662336), (1, 1, 0, True, True)), ((96, 154, 0.62337662337662336), (1, 2, 0, True, True)), ((97, 154, 0.62987012987012991), (2, 1, 0.25, True, True)), ((99, 154, 0.6428571428571429), (1, 1, 0.0625, True, True)), ((99, 154, 0.6428571428571429), (1, 2, 0.0625, True, True)), ((101, 154, 0.6558441558441559), (1, 1, 0.0078125, True, True)), ((101, 154, 0.6558441558441559), (1, 2, 0.0078125, True, True)), ((101, 154, 0.6558441558441559), (2, 1, 0.0625, True, True)), ((102, 154, 0.66233766233766234), (1, 1, 0.015625, True, True)), ((102, 154, 0.66233766233766234), (1, 1, 0.125, True, True)), ((102, 154, 0.66233766233766234), (1, 2, 0.015625, True, True)), ((102, 154, 0.66233766233766234), (1, 2, 0.125, True, True)), ((103, 154, 0.66883116883116878), (1, 1, 0.00390625, True, True)), ((103, 154, 0.66883116883116878), (1, 2, 0.00390625, True, True)), ((103, 154, 0.66883116883116878), (2, 1, 0.03125, True, True)), ((104, 154, 0.67532467532467533), (1, 1, 0.25, True, True)), ((104, 154, 0.67532467532467533), (1, 1, 0.5, True, True)), ((104, 154, 0.67532467532467533), (1, 2, 0.25, True, True)), ((104, 154, 0.67532467532467533), (1, 2, 0.5, True, True)), ((104, 154, 0.67532467532467533), (2, 1, 0.125, True, True)), ((104, 154, 0.67532467532467533), (2, 2, 0, True, True)), ((105, 154, 0.68181818181818177), (1, 1, 0.03125, True, True)), ((105, 154, 0.68181818181818177), (1, 2, 0.03125, True, True)), ((107, 154, 0.69480519480519476), (2, 1, 0.5, True, True)), ((108, 154, 0.70129870129870131), (2, 2, 0.0625, True, True)), ((109, 154, 0.70779220779220775), (2, 2, 0.0078125, True, True)), ((110, 154, 0.7142857142857143), (2, 1, 0.015625, True, True)), ((110, 154, 0.7142857142857143), (2, 2, 0.00390625, True, True)), ((110, 154, 0.7142857142857143), (2, 2, 0.03125, True, True)), ((111, 154, 0.72077922077922074), (2, 2, 0.125, True, True)), ((112, 154, 0.72727272727272729), (2, 2, 0.015625, True, True)), ((112, 154, 0.72727272727272729), (2, 2, 0.25, True, True)), ((113, 154, 0.73376623376623373), (2, 1, 0.0078125, True, True)), ((113, 154, 0.73376623376623373), (2, 2, 0.5, True, True)), ((114, 154, 0.74025974025974028), (2, 1, 0.00390625, True, True)), ((115, 154, 0.74675324675324672), (2, 1, 0, True, True))]


# error rates for different distance measures
# (error, size, error/size) and binary mask
BESTLP=(188, 309, 0.60841423948220064)
LISTLP=[0, 1, 0, 1, 1, 0, 1, 1, 1, 0, 1, 0, 0, 0, 1, 1, 1, 1, 0, 1, 1, 1, 1, 0, 1, 0, 1, 0, 0, 1, 0, 1, 0, 0, 0, 0, 1, 0, 1, 0, 0, 1, 0, 0, 0, 1, 1, 0, 1, 1, 1, 1, 0, 1, 0, 1, 1, 0, 1, 1, 1, 1, 1, 0, 1, 1, 0, 0, 1, 1, 1, 1, 1, 1, 1, 0, 0, 1, 1, 1, 0, 1, 0, 0, 1, 0, 1, 1, 1, 0, 0, 1, 0, 0, 1, 1, 0, 1, 0, 0, 1, 1, 0, 1, 1, 0, 1, 1, 1, 1, 0, 0, 1, 1, 1, 1, 0, 1, 1, 1, 1, 0, 0, 0, 1, 0, 1, 1, 1, 1, 1, 0, 1, 1, 1, 0, 0, 0, 1, 0, 0, 1, 0, 1, 0, 1, 0, 0, 1, 1, 0, 1, 0, 1, 1, 1, 1, 1, 0, 0, 0, 0, 1, 1, 1, 1, 0, 1, 1, 1, 1, 1, 1, 1, 1, 1, 1, 1, 1, 1, 0, 1, 1, 1, 1, 0, 1, 0, 0, 0, 1, 0, 0, 1, 1, 1, 1, 0, 1, 0, 0, 0, 1, 1, 0, 0, 0, 1, 0, 1, 1, 1, 1, 0, 0, 0, 0, 1, 1, 1, 0, 1, 0, 0, 0, 1, 0, 1, 1, 1, 1, 0, 0, 0, 0, 1, 0, 1, 1, 0, 0, 1, 1, 1, 1, 1, 1, 1, 0, 1, 0, 0, 0, 1, 1, 1, 1, 0, 1, 1, 1, 1, 0, 1, 0, 0, 1, 1, 1, 1, 1, 1, 1, 1, 1, 0, 1, 0, 0, 1, 1, 1, 1, 1, 0, 0, 1, 1, 1, 0, 1, 1, 0, 0, 1, 1, 0, 1, 1, 1, 1, 1, 1, 0, 0, 1, 0, 1, 0]

BESTFULLDTW=(182, 309, 0.5889967637540453)
LISTFULLDTW=[0, 1, 1, 0, 1, 0, 0, 0, 1, 0, 1, 0, 0, 0, 1, 0, 1, 0, 1, 1, 1, 0, 0, 0, 1, 0, 1, 0, 1, 0, 0, 1, 0, 0, 1, 1, 0, 0, 1, 1, 0, 1, 1, 1, 1, 0, 1, 0, 1, 1, 1, 1, 1, 1, 0, 1, 1, 1, 1, 1, 1, 1, 1, 0, 1, 0, 0, 1, 0, 1, 1, 1, 0, 1, 1, 0, 0, 1, 1, 1, 0, 0, 0, 1, 1, 1, 1, 0, 1, 1, 0, 0, 1, 1, 0, 0, 0, 1, 0, 1, 1, 1, 0, 1, 0, 0, 1, 1, 0, 0, 1, 0, 0, 1, 1, 1, 1, 1, 0, 1, 1, 0, 0, 0, 1, 1, 1, 1, 0, 1, 1, 0, 0, 0, 1, 1, 1, 0, 1, 1, 0, 1, 0, 1, 1, 1, 0, 0, 1, 0, 0, 0, 1, 1, 1, 1, 1, 1, 1, 1, 0, 1, 1, 1, 1, 1, 0, 0, 1, 1, 1, 1, 1, 1, 1, 1, 1, 1, 1, 1, 0, 1, 1, 1, 1, 1, 0, 0, 0, 0, 1, 1, 0, 1, 0, 1, 1, 0, 1, 0, 0, 0, 0, 1, 0, 0, 1, 1, 1, 1, 1, 1, 1, 0, 1, 1, 0, 0, 1, 1, 1, 1, 0, 0, 0, 0, 0, 0, 0, 1, 0, 0, 0, 0, 1, 0, 0, 1, 1, 0, 0, 1, 1, 1, 1, 1, 1, 0, 0, 1, 0, 0, 0, 1, 1, 0, 1, 1, 1, 0, 1, 1, 0, 0, 0, 1, 1, 0, 0, 0, 1, 1, 1, 1, 1, 1, 1, 0, 0, 1, 1, 0, 0, 1, 1, 0, 1, 1, 0, 0, 1, 1, 1, 1, 0, 1, 1, 0, 1, 1, 1, 1, 0, 1, 0, 1, 0, 1, 0]

BESTCONSDTW=(184, 309, 0.59546925566343045)
LISTCONSDTW=[0, 1, 1, 0, 1, 0, 0, 0, 1, 0, 1, 0, 0, 0, 1, 0, 1, 0, 1, 1, 1, 0, 0, 0, 1, 0, 1, 0, 1, 0, 0, 1, 0, 0, 1, 1, 0, 0, 1, 1, 0, 1, 1, 1, 1, 0, 1, 0, 1, 1, 1, 1, 1, 1, 0, 1, 1, 1, 1, 1, 1, 1, 1, 0, 1, 0, 0, 1, 0, 1, 1, 1, 0, 1, 1, 0, 0, 1, 1, 1, 0, 0, 0, 1, 1, 1, 1, 0, 1, 1, 0, 0, 1, 1, 0, 0, 0, 1, 0, 1, 1, 1, 0, 1, 0, 0, 1, 1, 0, 0, 1, 0, 0, 1, 1, 1, 1, 1, 0, 1, 1, 0, 1, 0, 1, 1, 1, 1, 0, 1, 1, 0, 0, 0, 1, 1, 1, 0, 1, 1, 0, 1, 0, 1, 1, 1, 0, 0, 1, 0, 0, 0, 1, 1, 1, 1, 1, 1, 1, 1, 0, 1, 1, 1, 1, 1, 0, 0, 1, 1, 1, 1, 1, 1, 1, 1, 1, 1, 1, 1, 0, 1, 1, 1, 1, 1, 0, 0, 0, 0, 1, 1, 0, 1, 0, 1, 1, 0, 1, 0, 0, 0, 0, 1, 0, 0, 1, 1, 1, 1, 1, 1, 1, 0, 1, 1, 0, 0, 1, 1, 1, 1, 0, 0, 0, 0, 0, 0, 0, 1, 0, 0, 0, 0, 1, 0, 0, 1, 1, 0, 0, 1, 1, 1, 1, 1, 1, 1, 0, 1, 0, 0, 0, 1, 1, 0, 1, 1, 1, 0, 1, 1, 0, 0, 0, 1, 1, 0, 0, 0, 1, 1, 1, 1, 1, 1, 1, 0, 0, 1, 1, 0, 0, 1, 1, 0, 1, 1, 0, 0, 1, 1, 1, 1, 0, 1, 1, 0, 1, 1, 1, 1, 0, 1, 0, 1, 0, 1, 0]

BESTGEM=(180, 309, 0.58252427184466016)
LISTGEM=[1, 1, 1, 1, 1, 0, 1, 1, 1, 0, 1, 0, 0, 1, 1, 1, 1, 0, 1, 0, 1, 0, 0, 0, 1, 1, 0, 0, 0, 1, 0, 1, 0, 0, 0, 1, 1, 0, 1, 1, 0, 1, 0, 0, 1, 0, 1, 0, 1, 1, 1, 1, 0, 1, 0, 1, 1, 1, 1, 1, 1, 1, 0, 0, 1, 1, 0, 1, 1, 1, 1, 1, 1, 1, 1, 0, 0, 1, 1, 1, 0, 1, 0, 0, 1, 0, 0, 1, 0, 0, 0, 0, 1, 0, 1, 1, 0, 0, 0, 0, 1, 1, 0, 1, 0, 0, 1, 1, 1, 1, 0, 0, 1, 1, 1, 0, 0, 1, 1, 1, 0, 0, 1, 0, 1, 0, 1, 1, 1, 1, 1, 0, 1, 1, 1, 0, 1, 0, 1, 0, 1, 1, 0, 1, 1, 1, 0, 0, 1, 1, 0, 1, 0, 1, 0, 0, 1, 0, 1, 0, 0, 1, 1, 1, 1, 1, 0, 1, 1, 1, 0, 1, 0, 1, 1, 1, 1, 1, 1, 1, 0, 1, 1, 1, 1, 0, 1, 0, 0, 0, 1, 0, 0, 1, 1, 1, 1, 0, 1, 0, 0, 0, 0, 1, 0, 0, 0, 0, 1, 1, 0, 1, 1, 0, 0, 0, 0, 1, 1, 0, 1, 1, 0, 1, 0, 1, 0, 1, 1, 1, 1, 0, 0, 1, 0, 0, 0, 0, 0, 0, 0, 0, 1, 1, 0, 1, 1, 1, 0, 1, 0, 0, 0, 1, 1, 1, 1, 0, 1, 1, 1, 1, 0, 0, 0, 1, 1, 1, 0, 0, 1, 1, 1, 1, 1, 0, 0, 0, 0, 1, 1, 1, 1, 1, 0, 0, 1, 1, 1, 0, 1, 1, 0, 0, 0, 1, 0, 1, 1, 1, 1, 1, 1, 1, 0, 1, 1, 1, 1]

