# shuffled stratified split (indices referring to UCR database)
TESTINDEX=[342 440 328  41  44   2 113 384 391 114 119 222  37 214   0 282 150 395
 336  62 423  45 326  95 154 272 312 110 346 386 305 116 404 224 184 457
  76   6 161 132 379  23 410  14 185  17 233 367 170 411 363 254 322 402
 198 353 454  43 148 275 266  71 207 146 195 450  36  66 291 327 352 124
 418 228 412 159 186  28 106 130   5  50 366 134 143 406 191 180 181  34
 437 321  63  15 349 375 293  21 444 202 442 460 244 332 306 324 127 362
 447 264 196 347 216   8 261  79 355 240  69 345 368 301  47 421  77  19
 408 316 267  87 246 145 156  97 190  22 383 205 338 259  53 438  81  11
  12 174  27  30 178 446 331 333 260 118  86 262 152 449 294 319 357 354
 299 102 416 194 158 131  58 187 149 153  42 323 199 109 169 380  98 371
 115 283 147 422 171 310 104  83  20 243 157 413 340 236  75 230 385  29
 235 351 388 248  52  70 255 218 125 374 407 165 135 177 308 359 163 330
 370 292 257 420 112 122  13  26 378  35 193 365 433 462  33  61  74 276
 387 281 392 271 166 108 394 103 445 142  31 431 425 234 405 424 176 459
 311 348 396 183 212 133 298 136 289 295 439 251 249 256 239 315 211 426
   1 320  48  25  84  78 419 335  82 356 364 242  40  16 329  57 318 409
  46 307 314 137 101 229 269 168 139 280 415 456 296 263 279 284 231 241
 297 155 313]
TRAININDEX=[ 51 435 429 400 398 290 172 300 273 432 334 209 141 341 427 225 220  32
 226  39 443  18   3 200 369 258 325  68 339 382 453  38 451 175 129 210
  72 245 401  65 397  99 160 253  64 372 350 381   9 188 117 344 389 270
 304 204 287   7 390 192 227 277 167 138 377   4 221 120 452 201 238  56
 403  10 252 302  54 274 203 434 107  49 285  55 455 430 278 215  59 247
 237 173 414 268 286 189 303 373 458  60 337 417 265 441 428 393  85 361
 217 461 140 105 206  67 223  73 179 343 448  90 288 376 219  89 250 360
 123 213 144 121  24 317 128  93 399 126 232  92 358 436 162 164  96  88
 100 208  94 309 111 151 182  80 197  91]

# learned parameters for cdtw and gem
# dtw ((error, size, error/size), (window, sqr))
# gem ((error, size, error/size), (St0, St1, E, sym, sqr))
BESTLEARNCONSDTW=((90, 154, 0.58441558441558439), (0.080000000000000002, True))
LISTLEARNCONSDTW=[((90, 154, 0.58441558441558439), (0.050000000000000003, True)), ((90, 154, 0.58441558441558439), (0.080000000000000002, True)), ((91, 154, 0.59090909090909094), (0.02, True)), ((92, 154, 0.59740259740259738), (0.070000000000000007, True)), ((94, 154, 0.61038961038961037), (0.0, True)), ((94, 154, 0.61038961038961037), (0.029999999999999999, True)), ((95, 154, 0.61688311688311692), (0.040000000000000001, True)), ((95, 154, 0.61688311688311692), (0.059999999999999998, True)), ((95, 154, 0.61688311688311692), (0.089999999999999997, True)), ((96, 154, 0.62337662337662336), (0.10000000000000001, True)), ((98, 154, 0.63636363636363635), (0.11, True)), ((98, 154, 0.63636363636363635), (0.12, True)), ((98, 154, 0.63636363636363635), (0.13, True)), ((98, 154, 0.63636363636363635), (0.14000000000000001, True)), ((99, 154, 0.6428571428571429), (0.01, True)), ((99, 154, 0.6428571428571429), (0.14999999999999999, True)), ((99, 154, 0.6428571428571429), (0.16, True)), ((99, 154, 0.6428571428571429), (0.17000000000000001, True)), ((99, 154, 0.6428571428571429), (0.17999999999999999, True)), ((99, 154, 0.6428571428571429), (0.19, True)), ((99, 154, 0.6428571428571429), (0.20000000000000001, True))]

BESTLEARNGEM=((84, 154, 0.54545454545454541), (2, 1, 0.25, True, True))
LISTLEARNGEM=[((84, 154, 0.54545454545454541), (2, 1, 0.25, True, True)), ((89, 154, 0.57792207792207795), (1, 1, 0.25, True, True)), ((89, 154, 0.57792207792207795), (1, 2, 0.25, True, True)), ((91, 154, 0.59090909090909094), (2, 2, 0.0078125, True, True)), ((91, 154, 0.59090909090909094), (2, 2, 0.015625, True, True)), ((94, 154, 0.61038961038961037), (2, 2, 0.00390625, True, True)), ((94, 154, 0.61038961038961037), (2, 2, 0.0625, True, True)), ((96, 154, 0.62337662337662336), (1, 1, 0.03125, True, True)), ((96, 154, 0.62337662337662336), (1, 1, 0.0625, True, True)), ((96, 154, 0.62337662337662336), (1, 2, 0.03125, True, True)), ((96, 154, 0.62337662337662336), (1, 2, 0.0625, True, True)), ((96, 154, 0.62337662337662336), (2, 1, 0.125, True, True)), ((97, 154, 0.62987012987012991), (1, 1, 0.00390625, True, True)), ((97, 154, 0.62987012987012991), (1, 1, 0.125, True, True)), ((97, 154, 0.62987012987012991), (1, 2, 0.00390625, True, True)), ((97, 154, 0.62987012987012991), (1, 2, 0.125, True, True)), ((98, 154, 0.63636363636363635), (1, 1, 0.0078125, True, True)), ((98, 154, 0.63636363636363635), (1, 2, 0.0078125, True, True)), ((98, 154, 0.63636363636363635), (2, 2, 0.125, True, True)), ((99, 154, 0.6428571428571429), (1, 1, 0.5, True, True)), ((99, 154, 0.6428571428571429), (1, 2, 0.5, True, True)), ((99, 154, 0.6428571428571429), (2, 1, 0.03125, True, True)), ((99, 154, 0.6428571428571429), (2, 1, 0.5, True, True)), ((99, 154, 0.6428571428571429), (2, 2, 0.03125, True, True)), ((100, 154, 0.64935064935064934), (1, 1, 0.015625, True, True)), ((100, 154, 0.64935064935064934), (1, 2, 0.015625, True, True)), ((100, 154, 0.64935064935064934), (2, 1, 0.0625, True, True)), ((101, 154, 0.6558441558441559), (2, 2, 0, True, True)), ((102, 154, 0.66233766233766234), (2, 1, 0.015625, True, True)), ((105, 154, 0.68181818181818177), (1, 1, 0, True, True)), ((105, 154, 0.68181818181818177), (1, 2, 0, True, True)), ((105, 154, 0.68181818181818177), (2, 2, 0.25, True, True)), ((109, 154, 0.70779220779220775), (2, 1, 0.0078125, True, True)), ((113, 154, 0.73376623376623373), (2, 1, 0.00390625, True, True)), ((114, 154, 0.74025974025974028), (2, 1, 0, True, True)), ((115, 154, 0.74675324675324672), (2, 2, 0.5, True, True))]


# error rates for different distance measures
# (error, size, error/size) and binary mask
BESTLP=(187, 309, 0.60517799352750812)
LISTLP=[0, 0, 1, 1, 1, 1, 1, 0, 1, 1, 1, 1, 0, 0, 1, 0, 0, 1, 0, 1, 0, 1, 1, 0, 0, 0, 0, 0, 0, 1, 1, 0, 1, 0, 1, 1, 0, 1, 0, 0, 0, 0, 1, 0, 0, 1, 1, 1, 1, 1, 0, 1, 0, 0, 0, 0, 1, 1, 1, 0, 1, 1, 0, 1, 1, 1, 1, 1, 0, 1, 1, 0, 1, 1, 1, 0, 1, 0, 0, 0, 0, 0, 1, 1, 0, 0, 1, 1, 1, 1, 1, 0, 1, 0, 1, 0, 0, 0, 0, 1, 0, 1, 1, 1, 0, 1, 1, 1, 1, 0, 1, 1, 1, 1, 1, 1, 1, 1, 0, 1, 1, 0, 1, 1, 1, 1, 1, 0, 0, 0, 1, 1, 1, 1, 1, 1, 0, 1, 1, 1, 1, 1, 0, 0, 0, 0, 1, 1, 0, 0, 0, 1, 1, 1, 0, 1, 1, 0, 1, 1, 0, 0, 1, 0, 1, 1, 1, 1, 0, 0, 1, 1, 1, 1, 1, 1, 1, 1, 1, 1, 1, 0, 1, 1, 0, 0, 1, 1, 0, 0, 1, 0, 1, 0, 1, 1, 0, 1, 1, 0, 0, 1, 1, 1, 1, 1, 1, 1, 1, 1, 0, 0, 0, 1, 0, 0, 1, 1, 1, 0, 0, 1, 0, 1, 0, 1, 1, 1, 0, 1, 1, 0, 0, 1, 1, 1, 1, 0, 0, 0, 0, 0, 1, 1, 1, 0, 1, 1, 1, 1, 1, 1, 0, 1, 1, 0, 1, 1, 1, 0, 0, 1, 1, 1, 1, 1, 1, 1, 0, 1, 0, 0, 1, 1, 1, 0, 1, 0, 1, 0, 1, 1, 1, 0, 0, 0, 1, 1, 0, 1, 0, 1, 1, 1, 0, 1, 0, 0, 0, 1, 1, 0, 1, 1, 0, 0, 1, 0, 0]

BESTFULLDTW=(176, 309, 0.56957928802588997)
LISTFULLDTW=[0, 1, 1, 1, 1, 1, 1, 0, 1, 0, 1, 0, 1, 0, 0, 0, 0, 1, 1, 1, 0, 1, 1, 1, 1, 0, 0, 0, 0, 0, 0, 0, 0, 1, 1, 0, 1, 0, 0, 0, 1, 1, 1, 1, 1, 0, 1, 1, 1, 1, 0, 1, 0, 1, 1, 0, 1, 1, 1, 1, 1, 1, 0, 1, 0, 1, 1, 1, 1, 0, 1, 0, 0, 0, 0, 0, 1, 0, 0, 0, 1, 1, 1, 1, 1, 1, 1, 0, 1, 0, 1, 1, 1, 1, 0, 0, 1, 0, 1, 1, 0, 0, 1, 1, 1, 0, 0, 1, 0, 1, 1, 0, 0, 0, 1, 1, 0, 0, 0, 0, 0, 1, 1, 0, 0, 1, 1, 1, 1, 1, 1, 0, 1, 1, 1, 0, 0, 0, 1, 1, 0, 1, 1, 0, 0, 1, 0, 0, 1, 0, 0, 1, 1, 1, 0, 1, 1, 0, 1, 1, 0, 0, 0, 0, 1, 1, 0, 0, 1, 0, 0, 1, 0, 1, 1, 1, 1, 1, 0, 0, 0, 0, 1, 1, 1, 1, 0, 1, 0, 0, 1, 0, 1, 1, 1, 1, 1, 0, 0, 0, 0, 1, 1, 1, 0, 1, 1, 1, 1, 1, 1, 0, 0, 0, 0, 0, 1, 1, 0, 1, 0, 0, 0, 1, 1, 1, 0, 1, 0, 0, 1, 1, 0, 1, 1, 1, 1, 0, 1, 1, 0, 0, 0, 1, 0, 0, 1, 0, 1, 1, 1, 0, 0, 1, 1, 1, 0, 1, 1, 1, 1, 1, 1, 1, 1, 1, 1, 0, 1, 1, 0, 0, 1, 1, 0, 0, 0, 1, 0, 0, 1, 1, 0, 1, 1, 0, 1, 1, 1, 1, 0, 1, 1, 0, 0, 1, 0, 0, 0, 1, 1, 0, 1, 1, 0, 1, 1, 1, 0]

BESTCONSDTW=(183, 309, 0.59223300970873782)
LISTCONSDTW=[0, 1, 1, 1, 1, 1, 1, 0, 1, 0, 1, 0, 1, 0, 1, 0, 1, 1, 1, 1, 0, 1, 1, 1, 1, 0, 0, 0, 0, 0, 1, 0, 0, 1, 1, 1, 1, 1, 0, 0, 0, 1, 1, 1, 1, 0, 1, 1, 1, 1, 0, 1, 0, 1, 1, 0, 1, 1, 1, 1, 1, 1, 0, 1, 0, 1, 1, 1, 1, 0, 1, 0, 0, 0, 0, 0, 1, 0, 0, 0, 1, 1, 1, 1, 0, 1, 1, 0, 1, 0, 1, 1, 0, 1, 1, 0, 1, 0, 1, 1, 0, 1, 0, 1, 1, 0, 0, 1, 0, 1, 1, 0, 0, 0, 1, 1, 0, 0, 0, 0, 1, 1, 1, 0, 0, 1, 1, 1, 1, 1, 1, 1, 1, 1, 1, 0, 0, 0, 1, 1, 0, 1, 1, 0, 0, 1, 0, 0, 1, 0, 1, 1, 1, 1, 0, 1, 1, 0, 1, 1, 0, 0, 0, 0, 1, 1, 0, 0, 1, 0, 1, 1, 0, 1, 1, 1, 1, 1, 0, 0, 0, 0, 1, 1, 1, 1, 0, 1, 0, 0, 1, 0, 1, 1, 1, 1, 1, 0, 0, 0, 0, 1, 1, 1, 0, 1, 1, 1, 1, 0, 1, 0, 0, 0, 0, 0, 0, 1, 0, 1, 0, 0, 0, 1, 1, 1, 0, 1, 0, 0, 1, 1, 0, 1, 1, 1, 1, 0, 1, 1, 0, 0, 0, 1, 0, 0, 0, 0, 1, 1, 1, 0, 0, 1, 1, 1, 0, 1, 1, 1, 1, 1, 1, 1, 1, 1, 0, 1, 1, 1, 0, 0, 1, 1, 0, 0, 0, 1, 0, 0, 1, 1, 0, 1, 1, 0, 1, 1, 1, 1, 1, 1, 1, 0, 1, 1, 0, 1, 0, 1, 1, 0, 1, 1, 0, 1, 1, 1, 0]

BESTGEM=(202, 309, 0.65372168284789645)
LISTGEM=[1, 1, 0, 0, 1, 1, 1, 0, 1, 1, 0, 1, 1, 0, 1, 0, 1, 1, 1, 1, 0, 1, 1, 1, 1, 1, 0, 1, 0, 1, 1, 1, 0, 0, 1, 0, 0, 1, 1, 1, 0, 1, 1, 1, 1, 1, 1, 1, 1, 1, 0, 1, 0, 1, 1, 1, 1, 1, 1, 1, 1, 1, 1, 0, 0, 1, 1, 1, 0, 1, 1, 0, 1, 1, 1, 1, 0, 0, 1, 1, 1, 1, 1, 0, 0, 1, 0, 0, 0, 1, 1, 0, 1, 1, 1, 0, 0, 0, 1, 1, 0, 1, 1, 1, 1, 1, 1, 1, 0, 0, 1, 0, 1, 1, 1, 1, 1, 1, 0, 0, 1, 1, 1, 1, 0, 1, 1, 0, 1, 0, 1, 1, 1, 1, 1, 0, 1, 0, 0, 1, 1, 1, 1, 0, 1, 1, 0, 1, 0, 1, 0, 1, 1, 1, 0, 1, 1, 0, 1, 1, 1, 0, 0, 0, 1, 1, 1, 0, 0, 0, 0, 1, 0, 1, 1, 1, 1, 1, 0, 1, 0, 1, 0, 1, 1, 0, 0, 1, 1, 0, 1, 0, 1, 0, 1, 1, 1, 1, 1, 1, 0, 1, 1, 0, 1, 1, 0, 0, 1, 0, 1, 1, 0, 1, 0, 0, 1, 1, 0, 1, 1, 0, 0, 1, 1, 0, 1, 0, 1, 1, 1, 0, 0, 0, 1, 1, 0, 0, 0, 1, 1, 1, 1, 1, 1, 1, 1, 1, 1, 1, 1, 1, 0, 0, 1, 0, 1, 1, 1, 1, 1, 0, 0, 1, 1, 1, 0, 0, 1, 1, 1, 1, 1, 0, 0, 0, 0, 1, 0, 1, 1, 1, 0, 1, 1, 0, 1, 1, 1, 1, 1, 1, 1, 0, 1, 1, 0, 1, 0, 0, 0, 0, 1, 0, 0, 1, 1, 1, 0]

