# shuffled stratified split (indices referring to UCR database)
TESTINDEX=[  4 426  35 357  96 214 432 186 406 237  91 177  82  34  72 425  48 269
 112  97 450 274 109  14 202 287 364 431  66  51 236 221 115 375 146 138
 123 371 255 145 421  43 149 160 311 118 228  81 134 429 410   0   5 215
   6 359 416 449 302  69 249 114 156 391 386  52 342  12 262 257  77 233
 227 365 235 278  20  25 213 435  39 446  22 263  79  38 208 350 414  30
 297 159 124 293 166 331 453 178 299 454  73 304 369 294 183 190 380 261
 387  63  95 194 113 259 240 127 199 307 403 361 126 162  58 335  41 392
 345 119  37 120 415 376 181  13  29 396 238 276 108  23 404  10 172 397
 384 378 144 260  87 341 312  92 157 158 336 290 418  60 308 275 121 439
 252 390 254  27 347  93  32 422 179 279 389 102 197  42 329 163 427 200
 438 110  99 174 411 452 191 250 264  80 321 216  19 251 143 245 105 270
 407 301 175 393 382 205 436 167 220 442 305  94  45 171  17 428  18  55
 286 356 230 409 243 444 344 130  68 239 242 196 153 122 244 399 189 351
 256 306  65 206  84 282 401 372 180 165 337 193 125   7 395 204  47 265
 103 295 348 222 155 151  78 377 231 300  28 353 303 170 225 324 339   1
 133 232 440  31 310 360 363 366 330   2  33  26 323 394  49  83 447 173
 374  75 140 400 284 420 388 272 209 352 430 267 198 413 152 379 445 203
 169  46 317]
TRAININDEX=[ 40  76 281 141 315  50  64 273 258 288 117 455 412 292 195 398 332 229
 154  57 433 383 104 101 458 325 327 405 107 129 226  11 135 210 188 223
  86 234 285 185 326 340   3 354 358 111 333  61 338 207 201 459  98 268
  89 106 434 139  21 448 456 100 313  70  74 266 460  24 343  54 136 322
 247 316  71 131 211 309 277   8  67  90 373 137  53 367 457 362 408 164
 132 370 142  44 318 334 176 246  56 355  59 423 441 291 451 116 148 184
  62   9 437 320  15 314  16 424 187 328 280 218 461 253  36 192 402 182
 161 248 417 271 368 381 298 128 168 147 212 346 462 224 219  88 443 319
 419 217 150  85 241 296 289 349 283 385]

# learned parameters for cdtw and gem
# dtw ((error, size, error/size), (window, sqr))
# gem ((error, size, error/size), (St0, St1, E, sym, sqr))
BESTLEARNCONSDTW=((85, 154, 0.55194805194805197), (0.059999999999999998, True))
LISTLEARNCONSDTW=[((85, 154, 0.55194805194805197), (0.059999999999999998, True)), ((86, 154, 0.55844155844155841), (0.040000000000000001, True)), ((86, 154, 0.55844155844155841), (0.050000000000000003, True)), ((86, 154, 0.55844155844155841), (0.070000000000000007, True)), ((86, 154, 0.55844155844155841), (0.080000000000000002, True)), ((88, 154, 0.5714285714285714), (0.089999999999999997, True)), ((89, 154, 0.57792207792207795), (0.10000000000000001, True)), ((89, 154, 0.57792207792207795), (0.11, True)), ((89, 154, 0.57792207792207795), (0.13, True)), ((89, 154, 0.57792207792207795), (0.14000000000000001, True)), ((90, 154, 0.58441558441558439), (0.12, True)), ((90, 154, 0.58441558441558439), (0.14999999999999999, True)), ((90, 154, 0.58441558441558439), (0.16, True)), ((91, 154, 0.59090909090909094), (0.029999999999999999, True)), ((91, 154, 0.59090909090909094), (0.17000000000000001, True)), ((91, 154, 0.59090909090909094), (0.17999999999999999, True)), ((91, 154, 0.59090909090909094), (0.19, True)), ((91, 154, 0.59090909090909094), (0.20000000000000001, True)), ((94, 154, 0.61038961038961037), (0.0, True)), ((98, 154, 0.63636363636363635), (0.02, True)), ((99, 154, 0.6428571428571429), (0.01, True))]

BESTLEARNGEM=((89, 154, 0.57792207792207795), (2, 1, 0.25, True, True))
LISTLEARNGEM=[((89, 154, 0.57792207792207795), (2, 1, 0.25, True, True)), ((89, 154, 0.57792207792207795), (2, 2, 0.00390625, True, True)), ((90, 154, 0.58441558441558439), (1, 1, 0.5, True, True)), ((90, 154, 0.58441558441558439), (1, 2, 0.5, True, True)), ((91, 154, 0.59090909090909094), (2, 2, 0.0078125, True, True)), ((92, 154, 0.59740259740259738), (2, 2, 0, True, True)), ((93, 154, 0.60389610389610393), (1, 1, 0.0078125, True, True)), ((93, 154, 0.60389610389610393), (1, 2, 0.0078125, True, True)), ((93, 154, 0.60389610389610393), (2, 1, 0.5, True, True)), ((94, 154, 0.61038961038961037), (1, 1, 0.00390625, True, True)), ((94, 154, 0.61038961038961037), (1, 1, 0.25, True, True)), ((94, 154, 0.61038961038961037), (1, 2, 0.00390625, True, True)), ((94, 154, 0.61038961038961037), (1, 2, 0.25, True, True)), ((96, 154, 0.62337662337662336), (1, 1, 0, True, True)), ((96, 154, 0.62337662337662336), (1, 2, 0, True, True)), ((96, 154, 0.62337662337662336), (2, 1, 0.125, True, True)), ((96, 154, 0.62337662337662336), (2, 2, 0.015625, True, True)), ((96, 154, 0.62337662337662336), (2, 2, 0.03125, True, True)), ((97, 154, 0.62987012987012991), (1, 1, 0.125, True, True)), ((97, 154, 0.62987012987012991), (1, 2, 0.125, True, True)), ((98, 154, 0.63636363636363635), (1, 1, 0.015625, True, True)), ((98, 154, 0.63636363636363635), (1, 1, 0.03125, True, True)), ((98, 154, 0.63636363636363635), (1, 2, 0.015625, True, True)), ((98, 154, 0.63636363636363635), (1, 2, 0.03125, True, True)), ((98, 154, 0.63636363636363635), (2, 2, 0.0625, True, True)), ((99, 154, 0.6428571428571429), (2, 1, 0.03125, True, True)), ((99, 154, 0.6428571428571429), (2, 1, 0.0625, True, True)), ((102, 154, 0.66233766233766234), (1, 1, 0.0625, True, True)), ((102, 154, 0.66233766233766234), (1, 2, 0.0625, True, True)), ((104, 154, 0.67532467532467533), (2, 1, 0.00390625, True, True)), ((104, 154, 0.67532467532467533), (2, 1, 0.0078125, True, True)), ((104, 154, 0.67532467532467533), (2, 1, 0.015625, True, True)), ((104, 154, 0.67532467532467533), (2, 2, 0.125, True, True)), ((108, 154, 0.70129870129870131), (2, 1, 0, True, True)), ((110, 154, 0.7142857142857143), (2, 2, 0.25, True, True)), ((111, 154, 0.72077922077922074), (2, 2, 0.5, True, True))]


# error rates for different distance measures
# (error, size, error/size) and binary mask
BESTLP=(187, 309, 0.60517799352750812)
LISTLP=[0, 1, 1, 0, 1, 1, 1, 1, 0, 0, 1, 0, 0, 1, 0, 1, 0, 1, 0, 1, 1, 1, 1, 1, 1, 0, 0, 0, 1, 1, 0, 0, 1, 0, 1, 1, 1, 1, 1, 1, 0, 1, 1, 1, 0, 1, 1, 1, 1, 0, 1, 0, 0, 0, 1, 0, 1, 0, 1, 1, 0, 1, 1, 1, 0, 1, 0, 0, 1, 1, 1, 1, 0, 1, 1, 1, 0, 1, 0, 1, 0, 1, 0, 1, 0, 0, 1, 0, 1, 1, 1, 0, 0, 0, 1, 1, 0, 0, 1, 1, 1, 0, 0, 1, 1, 1, 0, 1, 1, 1, 0, 1, 1, 1, 1, 1, 1, 1, 1, 1, 1, 1, 0, 0, 0, 1, 1, 0, 0, 1, 0, 0, 0, 0, 1, 1, 1, 1, 1, 0, 0, 1, 0, 0, 0, 1, 1, 1, 1, 1, 1, 0, 1, 1, 1, 0, 0, 1, 1, 0, 1, 0, 0, 1, 1, 1, 1, 1, 0, 1, 1, 1, 0, 0, 0, 1, 1, 1, 1, 0, 1, 0, 0, 1, 1, 1, 1, 1, 1, 0, 0, 0, 1, 1, 0, 1, 0, 1, 1, 1, 1, 1, 1, 0, 1, 1, 1, 0, 1, 1, 1, 1, 1, 1, 1, 0, 0, 0, 1, 0, 0, 1, 0, 1, 0, 0, 1, 1, 1, 0, 1, 1, 1, 1, 1, 1, 0, 1, 0, 0, 0, 1, 1, 0, 0, 0, 0, 1, 1, 1, 0, 1, 1, 1, 1, 0, 0, 1, 1, 0, 1, 0, 0, 1, 1, 0, 1, 1, 0, 0, 1, 1, 0, 1, 0, 0, 0, 1, 1, 1, 1, 1, 1, 0, 0, 1, 0, 1, 1, 0, 0, 0, 1, 1, 1, 0, 1, 1, 0, 0, 0, 0, 0, 1, 0, 1, 1, 1, 0]

BESTFULLDTW=(185, 309, 0.59870550161812297)
LISTFULLDTW=[1, 1, 0, 0, 1, 0, 1, 1, 0, 1, 1, 0, 0, 0, 1, 1, 1, 1, 0, 1, 1, 1, 0, 1, 1, 0, 1, 0, 1, 1, 1, 0, 1, 1, 1, 1, 1, 1, 0, 1, 1, 0, 1, 1, 0, 1, 0, 1, 1, 0, 1, 0, 0, 0, 1, 0, 1, 0, 1, 0, 1, 0, 1, 0, 0, 1, 0, 0, 1, 0, 0, 1, 1, 1, 0, 1, 0, 1, 1, 0, 0, 0, 1, 0, 1, 0, 1, 0, 1, 1, 0, 0, 0, 1, 1, 0, 0, 0, 0, 1, 0, 0, 0, 1, 0, 1, 0, 1, 1, 1, 1, 1, 1, 1, 1, 0, 1, 1, 1, 1, 1, 1, 1, 1, 1, 1, 0, 1, 1, 1, 1, 0, 1, 0, 1, 1, 0, 0, 1, 0, 1, 0, 0, 0, 1, 1, 0, 1, 1, 0, 0, 0, 0, 1, 1, 1, 0, 1, 0, 1, 1, 1, 0, 1, 1, 1, 1, 0, 1, 1, 1, 1, 1, 0, 0, 0, 1, 1, 1, 1, 1, 0, 1, 1, 1, 1, 1, 1, 0, 1, 0, 0, 1, 1, 1, 1, 0, 1, 1, 1, 1, 0, 0, 0, 1, 1, 1, 0, 1, 1, 1, 1, 0, 0, 1, 1, 0, 0, 0, 0, 0, 1, 0, 1, 0, 0, 1, 1, 1, 0, 1, 1, 0, 0, 0, 1, 0, 1, 0, 0, 0, 0, 1, 1, 0, 0, 0, 1, 0, 1, 1, 0, 1, 1, 1, 0, 1, 1, 0, 1, 1, 1, 0, 0, 1, 1, 1, 0, 0, 0, 1, 1, 1, 0, 1, 0, 0, 1, 0, 1, 1, 1, 1, 1, 1, 1, 0, 1, 1, 1, 0, 0, 1, 1, 1, 1, 0, 1, 0, 1, 0, 0, 1, 1, 1, 1, 1, 1, 0]

BESTCONSDTW=(179, 309, 0.57928802588996764)
LISTCONSDTW=[1, 1, 0, 0, 0, 0, 1, 1, 0, 0, 1, 0, 0, 0, 0, 1, 1, 1, 0, 1, 1, 1, 0, 1, 1, 0, 0, 0, 1, 1, 1, 0, 1, 0, 1, 1, 1, 1, 0, 0, 1, 1, 1, 1, 0, 0, 0, 1, 0, 0, 1, 1, 0, 0, 1, 0, 1, 0, 1, 0, 1, 0, 1, 0, 0, 1, 1, 0, 1, 0, 1, 1, 1, 0, 1, 1, 0, 1, 1, 0, 0, 0, 1, 0, 1, 0, 1, 0, 1, 1, 0, 0, 0, 1, 1, 1, 0, 0, 0, 1, 0, 0, 0, 0, 0, 1, 0, 1, 1, 1, 1, 1, 1, 1, 1, 0, 1, 0, 1, 1, 1, 1, 1, 1, 1, 1, 1, 1, 1, 1, 1, 0, 0, 0, 1, 1, 0, 0, 1, 1, 1, 1, 0, 0, 0, 1, 0, 1, 1, 0, 0, 0, 0, 1, 1, 1, 0, 1, 0, 1, 1, 1, 1, 1, 1, 1, 1, 0, 0, 1, 1, 1, 1, 0, 0, 0, 0, 0, 1, 1, 1, 0, 1, 1, 1, 0, 1, 1, 0, 1, 0, 0, 1, 1, 1, 1, 0, 1, 1, 1, 1, 0, 0, 0, 1, 1, 1, 0, 1, 1, 1, 1, 0, 1, 1, 1, 0, 1, 0, 0, 0, 1, 0, 1, 0, 0, 0, 1, 1, 0, 1, 1, 0, 1, 1, 1, 0, 1, 1, 0, 0, 0, 0, 1, 0, 0, 0, 1, 1, 1, 1, 0, 1, 1, 1, 0, 0, 1, 0, 1, 0, 1, 0, 0, 1, 1, 1, 1, 0, 0, 1, 1, 1, 0, 1, 0, 0, 1, 0, 1, 1, 1, 1, 1, 1, 1, 0, 1, 1, 1, 0, 0, 1, 1, 1, 1, 0, 1, 0, 1, 0, 0, 1, 0, 1, 1, 1, 0, 0]

BESTGEM=(208, 309, 0.67313915857605178)
LISTGEM=[1, 1, 0, 0, 0, 1, 1, 1, 1, 1, 1, 0, 1, 0, 0, 1, 1, 1, 0, 1, 1, 1, 1, 1, 1, 1, 1, 0, 1, 1, 0, 0, 1, 1, 1, 1, 1, 1, 0, 1, 1, 1, 0, 1, 1, 1, 1, 0, 0, 0, 1, 1, 1, 0, 1, 1, 1, 1, 1, 0, 0, 1, 1, 0, 1, 1, 1, 1, 1, 0, 0, 1, 1, 0, 0, 1, 1, 1, 0, 0, 1, 1, 0, 1, 1, 1, 1, 1, 1, 1, 1, 0, 0, 0, 1, 1, 0, 0, 1, 1, 0, 0, 0, 1, 0, 0, 1, 1, 1, 1, 1, 1, 1, 1, 1, 1, 1, 1, 1, 1, 1, 0, 1, 1, 1, 0, 1, 0, 0, 1, 0, 0, 0, 0, 0, 1, 1, 1, 1, 1, 1, 1, 1, 0, 1, 0, 0, 1, 1, 1, 0, 0, 0, 1, 1, 1, 0, 1, 0, 1, 0, 1, 1, 1, 1, 1, 0, 0, 0, 1, 1, 1, 1, 0, 1, 0, 0, 0, 1, 1, 1, 1, 0, 1, 1, 1, 1, 1, 0, 1, 0, 1, 1, 1, 0, 1, 0, 1, 0, 1, 1, 1, 1, 0, 1, 1, 1, 0, 1, 0, 1, 1, 1, 1, 1, 0, 0, 1, 0, 1, 0, 1, 0, 1, 1, 1, 1, 0, 1, 1, 1, 0, 1, 1, 1, 1, 0, 1, 0, 0, 0, 1, 1, 1, 0, 1, 0, 1, 1, 1, 1, 1, 1, 0, 1, 0, 1, 1, 1, 0, 1, 0, 1, 1, 1, 1, 1, 1, 0, 1, 1, 1, 1, 1, 0, 0, 0, 1, 0, 1, 1, 1, 1, 0, 0, 1, 0, 1, 1, 1, 1, 0, 1, 1, 1, 1, 1, 1, 0, 1, 1, 0, 1, 0, 0, 0, 1, 1, 1]

