# shuffled stratified split (indices referring to UCR database)
TESTINDEX=[ 74  82 127 118 172  41 102  69 197  10   3   5 107 170 141  55  28  38
 154 106 157  40  25  26 138  46  97  59  73 184 185  88   6 140 119  90
 199  92   9  95  14  15  75 152   1  17 115  64  86  99 194 176  32 164
 190 150 171 161  53 108 147 132  47  50  94 101  58 158 110 192  34  45
 126  98  37 103 128 149 104  83 148  22 159 168 100 163 155   0  42  24
 135 144  39  57 105 180   7   8  65  66  43  76 188 134 117 129 130 125
  48 122 145 167  31 178 173  54  56  84 137  78  62  89 165  36  52  30
 182  71  79 183 169 166  91  70 142 113 136 111  72  29  18 112  23  77
  63   4 195 174 109  67]
TRAININDEX=[120  12  60  13  51  20 160 116 196  16 186   2  68  11  49 151 153 133
 114 193  93 139  96  85 191  61 187 162 123  80  44 121 179  19 177 131
  81 143  27 156 175 181 124 198  87  35  33  21 146 189]

# learned parameters for cdtw and gem
# dtw ((error, size, error/size), (window, sqr))
# gem ((error, size, error/size), (St0, St1, E, sym, sqr))
BESTLEARNCONSDTW=((2, 50, 0.04), (0.050000000000000003, True))
LISTLEARNCONSDTW=[((2, 50, 0.04), (0.040000000000000001, True)), ((2, 50, 0.04), (0.050000000000000003, True)), ((3, 50, 0.06), (0.059999999999999998, True)), ((3, 50, 0.06), (0.070000000000000007, True)), ((4, 50, 0.08), (0.01, True)), ((4, 50, 0.08), (0.080000000000000002, True)), ((4, 50, 0.08), (0.089999999999999997, True)), ((4, 50, 0.08), (0.10000000000000001, True)), ((4, 50, 0.08), (0.13, True)), ((5, 50, 0.1), (0.0, True)), ((5, 50, 0.1), (0.02, True)), ((5, 50, 0.1), (0.029999999999999999, True)), ((5, 50, 0.1), (0.11, True)), ((5, 50, 0.1), (0.12, True)), ((5, 50, 0.1), (0.14000000000000001, True)), ((6, 50, 0.12), (0.14999999999999999, True)), ((6, 50, 0.12), (0.16, True)), ((6, 50, 0.12), (0.17000000000000001, True)), ((6, 50, 0.12), (0.17999999999999999, True)), ((6, 50, 0.12), (0.19, True)), ((6, 50, 0.12), (0.20000000000000001, True))]

BESTLEARNGEM=((1, 50, 0.02), (2, 2, 0.125, True, True))
LISTLEARNGEM=[((1, 50, 0.02), (2, 1, 0, True, True)), ((1, 50, 0.02), (2, 1, 0.00390625, True, True)), ((1, 50, 0.02), (2, 1, 0.0078125, True, True)), ((1, 50, 0.02), (2, 1, 0.25, True, True)), ((1, 50, 0.02), (2, 1, 0.5, True, True)), ((1, 50, 0.02), (2, 2, 0.0625, True, True)), ((1, 50, 0.02), (2, 2, 0.125, True, True)), ((1, 50, 0.02), (2, 2, 0.25, True, True)), ((2, 50, 0.04), (2, 1, 0.015625, True, True)), ((2, 50, 0.04), (2, 1, 0.03125, True, True)), ((2, 50, 0.04), (2, 1, 0.0625, True, True)), ((2, 50, 0.04), (2, 1, 0.125, True, True)), ((2, 50, 0.04), (2, 2, 0.03125, True, True)), ((2, 50, 0.04), (2, 2, 0.5, True, True)), ((3, 50, 0.06), (2, 2, 0.00390625, True, True)), ((3, 50, 0.06), (2, 2, 0.0078125, True, True)), ((3, 50, 0.06), (2, 2, 0.015625, True, True)), ((4, 50, 0.08), (2, 2, 0, True, True)), ((5, 50, 0.1), (1, 1, 0.0078125, True, True)), ((5, 50, 0.1), (1, 1, 0.015625, True, True)), ((5, 50, 0.1), (1, 1, 0.03125, True, True)), ((5, 50, 0.1), (1, 1, 0.0625, True, True)), ((5, 50, 0.1), (1, 1, 0.125, True, True)), ((5, 50, 0.1), (1, 1, 0.25, True, True)), ((5, 50, 0.1), (1, 2, 0.0078125, True, True)), ((5, 50, 0.1), (1, 2, 0.015625, True, True)), ((5, 50, 0.1), (1, 2, 0.03125, True, True)), ((5, 50, 0.1), (1, 2, 0.0625, True, True)), ((5, 50, 0.1), (1, 2, 0.125, True, True)), ((5, 50, 0.1), (1, 2, 0.25, True, True)), ((6, 50, 0.12), (1, 1, 0, True, True)), ((6, 50, 0.12), (1, 1, 0.00390625, True, True)), ((6, 50, 0.12), (1, 1, 0.5, True, True)), ((6, 50, 0.12), (1, 2, 0, True, True)), ((6, 50, 0.12), (1, 2, 0.00390625, True, True)), ((6, 50, 0.12), (1, 2, 0.5, True, True))]


# error rates for different distance measures
# (error, size, error/size) and binary mask
BESTLP=(19, 150, 0.12666666666666668)
LISTLP=[0, 0, 0, 0, 0, 0, 0, 0, 0, 0, 0, 0, 0, 0, 0, 0, 1, 0, 1, 0, 0, 0, 0, 0, 0, 0, 0, 0, 0, 0, 0, 1, 0, 0, 0, 0, 0, 0, 0, 0, 0, 0, 0, 0, 0, 1, 0, 0, 0, 0, 0, 0, 0, 0, 1, 1, 0, 0, 0, 1, 1, 0, 1, 0, 1, 0, 0, 0, 0, 0, 0, 0, 0, 0, 0, 1, 0, 0, 0, 0, 0, 0, 0, 0, 0, 0, 0, 0, 0, 0, 0, 0, 0, 0, 0, 0, 0, 0, 0, 0, 0, 0, 0, 0, 0, 0, 0, 0, 1, 0, 0, 0, 0, 0, 0, 0, 0, 1, 1, 0, 0, 1, 0, 0, 0, 0, 0, 0, 0, 0, 0, 1, 0, 0, 0, 0, 0, 1, 1, 0, 0, 0, 0, 0, 1, 0, 0, 0, 0, 0]

BESTFULLDTW=(19, 150, 0.12666666666666668)
LISTFULLDTW=[1, 0, 0, 0, 0, 0, 0, 0, 1, 0, 0, 0, 0, 0, 0, 0, 1, 0, 0, 0, 0, 0, 0, 0, 0, 0, 0, 0, 0, 0, 1, 0, 0, 0, 0, 1, 0, 0, 0, 1, 0, 0, 0, 0, 0, 0, 0, 0, 0, 0, 0, 0, 0, 0, 1, 0, 0, 0, 0, 0, 1, 0, 0, 0, 1, 0, 1, 0, 1, 0, 0, 0, 0, 0, 0, 1, 0, 0, 0, 0, 0, 0, 0, 0, 0, 0, 0, 0, 0, 0, 0, 1, 0, 0, 0, 0, 0, 1, 0, 0, 0, 0, 0, 0, 0, 0, 0, 0, 0, 0, 0, 0, 0, 0, 0, 1, 0, 0, 0, 0, 0, 1, 0, 0, 0, 0, 0, 0, 0, 0, 0, 1, 0, 0, 0, 0, 0, 0, 1, 0, 0, 0, 0, 0, 0, 0, 0, 1, 0, 0]

BESTCONSDTW=(7, 150, 0.04666666666666667)
LISTCONSDTW=[0, 0, 0, 0, 0, 0, 0, 0, 0, 0, 0, 0, 0, 0, 0, 0, 1, 0, 0, 0, 0, 0, 0, 0, 0, 0, 0, 0, 0, 0, 0, 0, 0, 0, 0, 1, 0, 0, 0, 0, 0, 0, 0, 0, 0, 0, 0, 0, 0, 0, 0, 0, 0, 0, 1, 0, 0, 0, 0, 0, 0, 0, 0, 0, 1, 0, 0, 0, 1, 0, 0, 0, 0, 0, 0, 1, 0, 0, 0, 0, 0, 0, 0, 0, 0, 0, 0, 0, 0, 0, 0, 0, 0, 0, 0, 0, 0, 0, 0, 0, 0, 0, 0, 0, 0, 0, 0, 0, 0, 0, 0, 0, 0, 0, 0, 0, 0, 0, 0, 0, 0, 0, 0, 0, 0, 0, 0, 0, 0, 0, 0, 1, 0, 0, 0, 0, 0, 0, 0, 0, 0, 0, 0, 0, 0, 0, 0, 0, 0, 0]

BESTGEM=(2, 150, 0.013333333333333334)
LISTGEM=[0, 0, 0, 0, 0, 0, 0, 0, 0, 0, 0, 0, 0, 0, 0, 0, 0, 0, 0, 0, 0, 0, 0, 0, 0, 0, 0, 0, 0, 0, 0, 0, 0, 0, 0, 0, 0, 0, 0, 0, 0, 0, 0, 0, 0, 0, 0, 0, 0, 0, 0, 0, 0, 0, 0, 0, 0, 0, 0, 0, 0, 0, 0, 0, 1, 0, 0, 0, 1, 0, 0, 0, 0, 0, 0, 0, 0, 0, 0, 0, 0, 0, 0, 0, 0, 0, 0, 0, 0, 0, 0, 0, 0, 0, 0, 0, 0, 0, 0, 0, 0, 0, 0, 0, 0, 0, 0, 0, 0, 0, 0, 0, 0, 0, 0, 0, 0, 0, 0, 0, 0, 0, 0, 0, 0, 0, 0, 0, 0, 0, 0, 0, 0, 0, 0, 0, 0, 0, 0, 0, 0, 0, 0, 0, 0, 0, 0, 0, 0, 0]

