# shuffled stratified split (indices referring to UCR database)
TESTINDEX=[554 617  27 574   3 529 413 771 346  66 773 696 546 494 665 271 506 157
 333  74 225 360 236 105 774 203 196 200 275 142  76  17 515  36 376 630
 382 453 597 683 670 161 725  14 394 647  31 478 489 745 566 135 445 557
  99 672 166 521 110 109 246   8 545 407  22 634 532 719 291 171 526  59
   0 298 125 318 107 535 588 482 169 299 133 602  25  34 369 652 687 285
 777 178 158 380 258 628 145 664 661 547 421 172  65 436 722 204   5  62
 187 350 362 127 113 536 616 431 294 497 354 570 677 710 205 434 484 711
  56 373 754 595  10  20 395 605 604 143 260 215 481 639 279 300 228  12
 533 141 713 454 198 750 367  28 612 500 397 247 185 206 582 208 426 437
 290 636 374 216 223 744 673 728  54  81 356  53 724 731 681 640  48 735
 230 311 286 339  51 457   4  92 167 433 348 189 121 685 502 646  78 439
 399  88 160 190 201  84  98 730 398 349 569 593  38 261 752 675 642  69
 313 393 226 686  97 592 537 560 716 460 104 265 309 425 599 513 660 406
 304 512 288 591 622 283 227 245 736 114 249 359 165 610 509 579  90 259
 658 584 589 679 337 217 648 715 194 139  45 650 447 760 363  60 272  58
 427 306  73 443  68 404 768 383 702 517 562 269 613  55 270  89 195 357
 727 577 233 712 390 586 451 485 516 572 322 576 600 666 186 563 343 112
 626 163  91 614 415 637 606 175 391 706 671 412  87 596  50 740 321 179
 417  16 219 149  37 188 720 254  95 303 323 608 115 358 757 177 680 176
 568 411 779 764  93 377 257 248 120 264 305 419 162 578 338 410 156 542
 237  71 541  86 312 472 148 147 234 255 765 278 470 173 488 330 221 714
 459 522 386 274  23 353  44  57 324 319 381 465 772 469 695 667]
TRAININDEX=[ 43 347 655 235 676  19 181 690  13 384   9  40 326 555 435 770 763 455
 401 518 662 705 741 651 514 213 123 693 126 598 624 442 170 385 329 755
 368 182 689 564 501 776   1 441 717 282 137 519 635 116 331 581 540 483
 263  72 131 438 751 103 644 320 726 766  29 403 552 558 423 567 601 267
 164 620 643 420 106 446 409 450 307 448 378 277 252 302 150 466 352 130
 296 389 440 332 573  24 308 432 111  96 495 669  52  67 503 623 571 108
 762 619 769 124 559 548  32 739 340  85 159 703  49 168 361 530 268 590
 618 192   7 197 490 429 704 556 691 504 408 222 697  47 499 239 138 224
 229 456 424 491 315 723 355 729 692 688  15 297 775 193 474 280 473 317
   2  64 276 594 379 462 492 743 392 621  33 510 183 505  18 553 253 758
 365 615 476 709 479 464 699 694 539 531 733 341 561 210 550 543 370  75
 405 273 698 152  39  26 678 461 146 336 654 316 641   6 508 231 746 565
 551 289 544 520 480 753  11 244 122 428 119 523  80 293 154 287 238 659
 416 629  61 611 371 314 780 101  35 498 718 538 102 471 155 207 633 422
 209 458 507 585 325 342 180 682 609 607  77 281 151  41 732 211 292 632
 388 375 250 487 128 511 117 645 351 452 335 243 118 761 603 400 737 549
 738 242 345 140 328 486 668 284 218 468  70  63 580 202  42 449 134 756
  21 638 262 625 327  83  94 241  30 396 663 310 387 334 256 174 153 477
 184 214 493 372 778 748 496 240 674 527 199 587 132  79 700 742 414 747
 657 528 583 684 707 251 418 212 525 467 301  46 232 721 295 430 627 749
 366 100 524 534 767 136 631 402 191  82 656 463 266 701 649 708 344 144
 575 129 734 220 444 653 759 364 475]

# learned parameters for cdtw and gem
# dtw ((error, size, error/size), (window, sqr))
# gem ((error, size, error/size), (St0, St1, E, sym, sqr))
BESTLEARNCONSDTW=((144, 387, 0.37209302325581395), (0.0, True))
LISTLEARNCONSDTW=[((144, 387, 0.37209302325581395), (0.0, True)), ((156, 387, 0.40310077519379844), (0.01, True)), ((160, 387, 0.41343669250645992), (0.02, True)), ((160, 387, 0.41343669250645992), (0.029999999999999999, True)), ((162, 387, 0.41860465116279072), (0.040000000000000001, True)), ((163, 387, 0.42118863049095606), (0.050000000000000003, True)), ((163, 387, 0.42118863049095606), (0.059999999999999998, True)), ((163, 387, 0.42118863049095606), (0.070000000000000007, True)), ((163, 387, 0.42118863049095606), (0.080000000000000002, True)), ((163, 387, 0.42118863049095606), (0.089999999999999997, True)), ((163, 387, 0.42118863049095606), (0.10000000000000001, True)), ((163, 387, 0.42118863049095606), (0.11, True)), ((163, 387, 0.42118863049095606), (0.12, True)), ((163, 387, 0.42118863049095606), (0.13, True)), ((163, 387, 0.42118863049095606), (0.14000000000000001, True)), ((163, 387, 0.42118863049095606), (0.14999999999999999, True)), ((163, 387, 0.42118863049095606), (0.16, True)), ((163, 387, 0.42118863049095606), (0.17000000000000001, True)), ((163, 387, 0.42118863049095606), (0.17999999999999999, True)), ((163, 387, 0.42118863049095606), (0.19, True)), ((163, 387, 0.42118863049095606), (0.20000000000000001, True))]

BESTLEARNGEM=((116, 387, 0.29974160206718348), (2, 1, 0.125, True, True))
LISTLEARNGEM=[((116, 387, 0.29974160206718348), (2, 1, 0.125, True, True)), ((121, 387, 0.31266149870801035), (1, 1, 0.125, True, True)), ((121, 387, 0.31266149870801035), (1, 2, 0.125, True, True)), ((123, 387, 0.31782945736434109), (1, 1, 0.0625, True, True)), ((123, 387, 0.31782945736434109), (1, 2, 0.0625, True, True)), ((123, 387, 0.31782945736434109), (2, 1, 0.0625, True, True)), ((124, 387, 0.32041343669250644), (2, 1, 0.25, True, True)), ((125, 387, 0.32299741602067183), (1, 1, 0.25, True, True)), ((125, 387, 0.32299741602067183), (1, 1, 0.5, True, True)), ((125, 387, 0.32299741602067183), (1, 2, 0.25, True, True)), ((125, 387, 0.32299741602067183), (1, 2, 0.5, True, True)), ((131, 387, 0.33850129198966411), (2, 1, 0.03125, True, True)), ((131, 387, 0.33850129198966411), (2, 1, 0.5, True, True)), ((138, 387, 0.35658914728682173), (1, 1, 0.03125, True, True)), ((138, 387, 0.35658914728682173), (1, 2, 0.03125, True, True)), ((140, 387, 0.36175710594315247), (2, 2, 0.25, True, True)), ((141, 387, 0.36434108527131781), (2, 1, 0.015625, True, True)), ((142, 387, 0.36692506459948321), (1, 1, 0.015625, True, True)), ((142, 387, 0.36692506459948321), (1, 2, 0.015625, True, True)), ((150, 387, 0.38759689922480622), (2, 2, 0.125, True, True)), ((151, 387, 0.39018087855297157), (1, 1, 0.0078125, True, True)), ((151, 387, 0.39018087855297157), (1, 2, 0.0078125, True, True)), ((151, 387, 0.39018087855297157), (2, 1, 0.0078125, True, True)), ((153, 387, 0.39534883720930231), (1, 1, 0.00390625, True, True)), ((153, 387, 0.39534883720930231), (1, 2, 0.00390625, True, True)), ((153, 387, 0.39534883720930231), (2, 2, 0.5, True, True)), ((157, 387, 0.40568475452196384), (2, 1, 0.00390625, True, True)), ((158, 387, 0.40826873385012918), (2, 1, 0, True, True)), ((165, 387, 0.4263565891472868), (1, 1, 0, True, True)), ((165, 387, 0.4263565891472868), (1, 2, 0, True, True)), ((170, 387, 0.43927648578811368), (2, 2, 0.0625, True, True)), ((183, 387, 0.47286821705426357), (2, 2, 0.03125, True, True)), ((203, 387, 0.52454780361757103), (2, 2, 0.015625, True, True)), ((208, 387, 0.53746770025839796), (2, 2, 0.0078125, True, True)), ((211, 387, 0.5452196382428941), (2, 2, 0.00390625, True, True)), ((215, 387, 0.55555555555555558), (2, 2, 0, True, True))]


# error rates for different distance measures
# (error, size, error/size) and binary mask
BESTLP=(156, 394, 0.39593908629441626)
LISTLP=[0, 0, 1, 1, 0, 0, 0, 0, 0, 0, 1, 0, 0, 1, 1, 0, 0, 0, 1, 0, 1, 0, 1, 0, 1, 1, 0, 0, 0, 1, 0, 0, 0, 1, 1, 1, 0, 1, 1, 1, 0, 1, 1, 0, 1, 1, 0, 0, 1, 1, 0, 0, 0, 0, 1, 0, 1, 0, 1, 0, 0, 1, 0, 0, 0, 1, 0, 1, 0, 1, 0, 1, 1, 0, 1, 0, 1, 0, 1, 1, 1, 1, 0, 0, 0, 0, 0, 0, 0, 1, 0, 1, 1, 0, 1, 0, 1, 1, 0, 0, 0, 0, 0, 0, 1, 0, 0, 0, 1, 1, 1, 0, 0, 1, 0, 0, 0, 0, 0, 0, 0, 0, 1, 1, 1, 1, 0, 0, 0, 1, 0, 1, 0, 1, 0, 0, 0, 1, 0, 1, 0, 0, 0, 0, 0, 1, 0, 1, 1, 0, 0, 0, 0, 1, 0, 0, 0, 1, 0, 0, 0, 1, 0, 1, 0, 0, 1, 0, 0, 0, 0, 1, 0, 1, 0, 0, 0, 0, 0, 0, 1, 0, 0, 0, 1, 0, 1, 1, 1, 0, 0, 0, 0, 0, 0, 1, 1, 0, 0, 1, 1, 1, 0, 0, 0, 0, 0, 1, 1, 0, 1, 1, 0, 0, 0, 0, 0, 0, 0, 1, 1, 0, 0, 1, 1, 0, 1, 0, 1, 1, 0, 1, 0, 1, 0, 0, 0, 0, 0, 0, 1, 0, 1, 0, 0, 0, 0, 0, 0, 1, 0, 0, 0, 0, 0, 0, 1, 0, 0, 1, 1, 0, 0, 1, 0, 1, 1, 0, 0, 1, 0, 1, 0, 1, 0, 0, 0, 1, 0, 0, 1, 1, 0, 0, 1, 0, 1, 0, 0, 0, 1, 1, 0, 0, 1, 1, 0, 0, 1, 1, 0, 1, 0, 0, 1, 1, 0, 1, 0, 1, 1, 0, 1, 0, 1, 1, 0, 0, 0, 0, 0, 1, 0, 0, 0, 1, 0, 0, 1, 0, 1, 0, 1, 0, 1, 0, 1, 0, 0, 0, 1, 0, 1, 0, 1, 1, 1, 1, 0, 0, 0, 1, 1, 1, 1, 1, 1, 1, 1, 1, 0, 0, 0, 1, 1, 1, 0, 1, 0, 0, 0, 1, 0, 0, 0, 0, 0, 1, 1, 0, 0, 0, 1, 0, 0, 0, 0, 1, 1, 0, 0, 1, 0, 0]

BESTFULLDTW=(157, 394, 0.39847715736040606)
LISTFULLDTW=[0, 1, 1, 1, 0, 0, 0, 0, 1, 0, 1, 0, 0, 1, 0, 0, 0, 0, 1, 0, 0, 1, 1, 0, 1, 1, 0, 0, 0, 1, 0, 0, 0, 1, 1, 1, 0, 1, 1, 0, 0, 1, 1, 1, 0, 1, 1, 0, 1, 1, 0, 0, 0, 0, 1, 0, 1, 0, 1, 1, 0, 1, 0, 0, 0, 1, 0, 1, 0, 1, 0, 0, 0, 1, 1, 0, 0, 0, 1, 0, 1, 0, 0, 1, 0, 0, 0, 0, 1, 0, 0, 1, 0, 0, 1, 0, 0, 1, 0, 0, 1, 0, 0, 0, 1, 0, 1, 0, 1, 1, 1, 0, 0, 1, 1, 0, 1, 0, 0, 0, 0, 1, 0, 1, 0, 0, 0, 0, 0, 0, 0, 1, 0, 1, 0, 0, 0, 1, 1, 1, 0, 0, 0, 0, 0, 1, 0, 1, 1, 0, 0, 0, 0, 1, 0, 0, 0, 1, 0, 0, 1, 1, 0, 1, 0, 1, 1, 0, 0, 0, 1, 1, 0, 1, 0, 0, 0, 1, 1, 0, 0, 0, 0, 1, 0, 0, 0, 0, 1, 0, 0, 0, 0, 0, 0, 1, 0, 0, 1, 1, 1, 0, 0, 0, 0, 0, 0, 1, 1, 0, 1, 1, 0, 1, 0, 0, 0, 0, 0, 1, 0, 0, 0, 1, 0, 0, 1, 0, 1, 1, 0, 0, 1, 0, 0, 0, 0, 0, 0, 1, 1, 1, 1, 0, 1, 0, 0, 1, 0, 1, 0, 0, 0, 1, 1, 0, 1, 0, 0, 1, 1, 0, 0, 0, 0, 1, 1, 1, 0, 0, 0, 1, 0, 1, 0, 0, 0, 1, 0, 0, 1, 1, 0, 0, 1, 1, 1, 0, 0, 0, 1, 1, 1, 0, 0, 0, 0, 0, 0, 1, 0, 1, 0, 1, 0, 0, 0, 1, 0, 0, 0, 0, 1, 0, 1, 0, 0, 0, 0, 0, 0, 1, 0, 0, 0, 1, 1, 0, 0, 0, 1, 0, 1, 0, 0, 0, 1, 0, 1, 0, 1, 1, 0, 1, 1, 1, 1, 1, 0, 0, 1, 1, 1, 1, 1, 0, 1, 1, 0, 1, 0, 0, 1, 1, 0, 1, 1, 1, 0, 0, 1, 1, 0, 0, 0, 0, 1, 1, 1, 0, 0, 0, 1, 0, 0, 0, 0, 1, 1, 0, 0, 1, 0, 0]

BESTCONSDTW=(156, 394, 0.39593908629441626)
LISTCONSDTW=[0, 0, 1, 1, 0, 0, 0, 0, 0, 0, 1, 0, 0, 1, 1, 0, 0, 0, 1, 0, 1, 0, 1, 0, 1, 1, 0, 0, 0, 1, 0, 0, 0, 1, 1, 1, 0, 1, 1, 1, 0, 1, 1, 0, 1, 1, 0, 0, 1, 1, 0, 0, 0, 0, 1, 0, 1, 0, 1, 0, 0, 1, 0, 0, 0, 1, 0, 1, 0, 1, 0, 1, 1, 0, 1, 0, 1, 0, 1, 1, 1, 1, 0, 0, 0, 0, 0, 0, 0, 1, 0, 1, 1, 0, 1, 0, 1, 1, 0, 0, 0, 0, 0, 0, 1, 0, 0, 0, 1, 1, 1, 0, 0, 1, 0, 0, 0, 0, 0, 0, 0, 0, 1, 1, 1, 1, 0, 0, 0, 1, 0, 1, 0, 1, 0, 0, 0, 1, 0, 1, 0, 0, 0, 0, 0, 1, 0, 1, 1, 0, 0, 0, 0, 1, 0, 0, 0, 1, 0, 0, 0, 1, 0, 1, 0, 0, 1, 0, 0, 0, 0, 1, 0, 1, 0, 0, 0, 0, 0, 0, 1, 0, 0, 0, 1, 0, 1, 1, 1, 0, 0, 0, 0, 0, 0, 1, 1, 0, 0, 1, 1, 1, 0, 0, 0, 0, 0, 1, 1, 0, 1, 1, 0, 0, 0, 0, 0, 0, 0, 1, 1, 0, 0, 1, 1, 0, 1, 0, 1, 1, 0, 1, 0, 1, 0, 0, 0, 0, 0, 0, 1, 0, 1, 0, 0, 0, 0, 0, 0, 1, 0, 0, 0, 0, 0, 0, 1, 0, 0, 1, 1, 0, 0, 1, 0, 1, 1, 0, 0, 1, 0, 1, 0, 1, 0, 0, 0, 1, 0, 0, 1, 1, 0, 0, 1, 0, 1, 0, 0, 0, 1, 1, 0, 0, 1, 1, 0, 0, 1, 1, 0, 1, 0, 0, 1, 1, 0, 1, 0, 1, 1, 0, 1, 0, 1, 1, 0, 0, 0, 0, 0, 1, 0, 0, 0, 1, 0, 0, 1, 0, 1, 0, 1, 0, 1, 0, 1, 0, 0, 0, 1, 0, 1, 0, 1, 1, 1, 1, 0, 0, 0, 1, 1, 1, 1, 1, 1, 1, 1, 1, 0, 0, 0, 1, 1, 1, 0, 1, 0, 0, 0, 1, 0, 0, 0, 0, 0, 1, 1, 0, 0, 0, 1, 0, 0, 0, 0, 1, 1, 0, 0, 1, 0, 0]

BESTGEM=(112, 394, 0.28426395939086296)
LISTGEM=[0, 1, 0, 1, 1, 1, 0, 0, 0, 0, 1, 0, 0, 1, 0, 0, 0, 0, 1, 0, 0, 0, 1, 0, 1, 1, 0, 0, 0, 0, 0, 0, 0, 0, 0, 1, 0, 1, 1, 0, 0, 1, 1, 0, 0, 1, 0, 0, 1, 1, 0, 0, 0, 0, 1, 0, 1, 0, 1, 0, 0, 1, 0, 0, 0, 1, 1, 0, 0, 1, 0, 0, 0, 1, 0, 0, 0, 1, 1, 0, 1, 0, 0, 0, 0, 0, 0, 0, 0, 0, 0, 0, 0, 0, 1, 0, 0, 1, 0, 0, 1, 0, 0, 0, 1, 0, 1, 0, 1, 0, 1, 0, 0, 1, 1, 0, 0, 0, 0, 0, 0, 0, 0, 1, 0, 0, 0, 0, 0, 0, 0, 1, 0, 0, 0, 0, 0, 1, 0, 1, 0, 0, 0, 0, 0, 1, 0, 1, 1, 0, 0, 0, 0, 1, 0, 0, 0, 1, 0, 0, 0, 1, 0, 1, 0, 0, 1, 0, 0, 0, 0, 1, 0, 1, 0, 0, 0, 0, 0, 0, 0, 0, 0, 0, 0, 0, 0, 0, 0, 0, 0, 0, 0, 0, 0, 1, 0, 0, 0, 1, 1, 1, 0, 0, 1, 0, 0, 0, 1, 0, 1, 1, 0, 0, 0, 0, 0, 0, 1, 1, 0, 0, 0, 1, 0, 0, 1, 0, 0, 1, 0, 0, 0, 0, 0, 0, 0, 0, 0, 0, 1, 1, 0, 0, 1, 0, 0, 1, 0, 0, 0, 0, 0, 0, 0, 0, 0, 0, 0, 1, 0, 0, 0, 0, 0, 0, 1, 1, 0, 0, 0, 1, 0, 0, 0, 0, 0, 1, 0, 0, 1, 1, 0, 0, 0, 1, 1, 0, 0, 0, 1, 0, 1, 0, 0, 1, 0, 0, 0, 1, 0, 0, 0, 1, 0, 1, 0, 1, 0, 1, 0, 0, 0, 0, 1, 1, 0, 0, 0, 0, 0, 0, 0, 0, 0, 0, 0, 0, 0, 0, 1, 0, 1, 0, 0, 1, 0, 0, 0, 0, 0, 0, 0, 0, 1, 1, 1, 0, 0, 1, 0, 0, 1, 1, 1, 1, 1, 0, 0, 0, 0, 0, 1, 1, 0, 1, 1, 1, 0, 0, 1, 1, 0, 0, 0, 0, 0, 0, 1, 0, 0, 0, 1, 1, 0, 0, 0, 1, 0, 0, 0, 1, 0, 0]

