# shuffled stratified split (indices referring to UCR database)
TESTINDEX=[342 273 392  15 159 202 134 251 417  23 124 260 139 196  35 338 368 170
 133 265  72 275 182 425  64 223 362 160 290 177 449 359  70 374  69  51
  25 283 296 424 407 240 233 232 288  16 205 350 314 252 262 102 119 190
 289 320 298  93 294 312 366 270 410 143 230  82 271 428 278  32  59 394
 287 180 249 293 434 112  22 360 427 387 375  20 402  96 168 297 174 413
 114 420 145 224 238 444  60 337 153 303  68 225  27 184  65 137 213  66
   6 191 397 383 418 357 346 348 377  36 281 173  47 183 378 227 244 178
 226 448 353 307  67 439 365 423 144  92 179 309  39  75 324 405 369 334
 340  34  40 131  78 302 212 286 373 231 443 400  91 106  62 217  50  97
 356 458 433 457 352 152 129 451 311 242 166 371 315 272 192 279 354  24
  53 396 329 317  94 229 419 162 248 332 120 459 149   4  26 165  38 198
  52  42 257 299 370  54 380 415 118 455 429 138   8 441 254  49 104 461
 111 189 181  17 381 264 367 187  30 108 201 313 243 325 154 319 116  81
 236   1 333 266 421 386 126 351 431 234 255 220  85 130 339  11  48  86
 239 282 132 241  95 450 349 167 117 327 103 379 107 268 403 142 406 171
 453 175 384  88 136 460 188 146 355 426 364 150  14 401 416 151  45 195
 110 284 135  28 128 215 148 176  41 157 141  84  73 200 291   2 382  43
 235 147 216]
TRAININDEX=[462 237  74 246 267 305  77 277 156 395 344 341 454  87 389 376 280 398
 456 115 204 452 361   9   3 100  89 308 343  21 322 328 121   5 331  18
 412 442 206 446 256 207 276 347 186 163 306 411  33 304 372  83  71  58
 436  63  44 445  98 408  76 330  55 409 164 326 447 438 228 194 363 285
 323 390 101  90 209  56 253 335  10 300   7 158 318 292  13 203 123 161
 172 125 274 211 345 301  19 199 358 391 388 321 105  46 437  61 385  79
 197 185 336 247 432 440 245 210 140 214 263 208 113 430 435   0 261  99
 127 269 122 221  31 295 155 414  80 316  29 218  37 219 109 404 422 258
 169 250 393  57  12 193 310 222 259 399]

# learned parameters for cdtw and gem
# dtw ((error, size, error/size), (window, sqr))
# gem ((error, size, error/size), (St0, St1, E, sym, sqr))
BESTLEARNCONSDTW=((95, 154, 0.61688311688311692), (0.02, True))
LISTLEARNCONSDTW=[((95, 154, 0.61688311688311692), (0.02, True)), ((97, 154, 0.62987012987012991), (0.070000000000000007, True)), ((97, 154, 0.62987012987012991), (0.089999999999999997, True)), ((97, 154, 0.62987012987012991), (0.14000000000000001, True)), ((97, 154, 0.62987012987012991), (0.17999999999999999, True)), ((97, 154, 0.62987012987012991), (0.19, True)), ((98, 154, 0.63636363636363635), (0.029999999999999999, True)), ((98, 154, 0.63636363636363635), (0.050000000000000003, True)), ((98, 154, 0.63636363636363635), (0.059999999999999998, True)), ((98, 154, 0.63636363636363635), (0.080000000000000002, True)), ((98, 154, 0.63636363636363635), (0.10000000000000001, True)), ((98, 154, 0.63636363636363635), (0.13, True)), ((98, 154, 0.63636363636363635), (0.14999999999999999, True)), ((98, 154, 0.63636363636363635), (0.16, True)), ((98, 154, 0.63636363636363635), (0.17000000000000001, True)), ((98, 154, 0.63636363636363635), (0.20000000000000001, True)), ((99, 154, 0.6428571428571429), (0.11, True)), ((100, 154, 0.64935064935064934), (0.12, True)), ((102, 154, 0.66233766233766234), (0.01, True)), ((102, 154, 0.66233766233766234), (0.040000000000000001, True)), ((104, 154, 0.67532467532467533), (0.0, True))]

BESTLEARNGEM=((94, 154, 0.61038961038961037), (1, 2, 0.0625, True, True))
LISTLEARNGEM=[((94, 154, 0.61038961038961037), (1, 1, 0.03125, True, True)), ((94, 154, 0.61038961038961037), (1, 1, 0.0625, True, True)), ((94, 154, 0.61038961038961037), (1, 1, 0.125, True, True)), ((94, 154, 0.61038961038961037), (1, 2, 0.03125, True, True)), ((94, 154, 0.61038961038961037), (1, 2, 0.0625, True, True)), ((94, 154, 0.61038961038961037), (1, 2, 0.125, True, True)), ((95, 154, 0.61688311688311692), (1, 1, 0.5, True, True)), ((95, 154, 0.61688311688311692), (1, 2, 0.5, True, True)), ((96, 154, 0.62337662337662336), (1, 1, 0.25, True, True)), ((96, 154, 0.62337662337662336), (1, 2, 0.25, True, True)), ((97, 154, 0.62987012987012991), (2, 2, 0.015625, True, True)), ((97, 154, 0.62987012987012991), (2, 2, 0.03125, True, True)), ((98, 154, 0.63636363636363635), (2, 1, 0.25, True, True)), ((101, 154, 0.6558441558441559), (2, 1, 0.5, True, True)), ((101, 154, 0.6558441558441559), (2, 2, 0, True, True)), ((101, 154, 0.6558441558441559), (2, 2, 0.0625, True, True)), ((103, 154, 0.66883116883116878), (1, 1, 0.015625, True, True)), ((103, 154, 0.66883116883116878), (1, 2, 0.015625, True, True)), ((105, 154, 0.68181818181818177), (1, 1, 0, True, True)), ((105, 154, 0.68181818181818177), (1, 1, 0.00390625, True, True)), ((105, 154, 0.68181818181818177), (1, 1, 0.0078125, True, True)), ((105, 154, 0.68181818181818177), (1, 2, 0, True, True)), ((105, 154, 0.68181818181818177), (1, 2, 0.00390625, True, True)), ((105, 154, 0.68181818181818177), (1, 2, 0.0078125, True, True)), ((105, 154, 0.68181818181818177), (2, 1, 0.015625, True, True)), ((105, 154, 0.68181818181818177), (2, 2, 0.0078125, True, True)), ((106, 154, 0.68831168831168832), (2, 1, 0.125, True, True)), ((106, 154, 0.68831168831168832), (2, 2, 0.00390625, True, True)), ((106, 154, 0.68831168831168832), (2, 2, 0.125, True, True)), ((108, 154, 0.70129870129870131), (2, 1, 0.03125, True, True)), ((112, 154, 0.72727272727272729), (2, 1, 0.0078125, True, True)), ((112, 154, 0.72727272727272729), (2, 1, 0.0625, True, True)), ((113, 154, 0.73376623376623373), (2, 2, 0.25, True, True)), ((115, 154, 0.74675324675324672), (2, 2, 0.5, True, True)), ((116, 154, 0.75324675324675328), (2, 1, 0, True, True)), ((117, 154, 0.75974025974025972), (2, 1, 0.00390625, True, True))]


# error rates for different distance measures
# (error, size, error/size) and binary mask
BESTLP=(179, 309, 0.57928802588996764)
LISTLP=[0, 0, 1, 1, 0, 1, 1, 0, 1, 1, 1, 1, 1, 0, 1, 0, 0, 1, 1, 0, 0, 1, 1, 1, 1, 0, 1, 1, 0, 0, 0, 0, 1, 1, 0, 1, 1, 0, 1, 1, 1, 1, 1, 1, 1, 1, 0, 1, 0, 1, 0, 0, 0, 0, 0, 0, 1, 1, 1, 0, 0, 1, 1, 0, 1, 1, 1, 1, 1, 1, 1, 0, 0, 1, 1, 0, 1, 0, 1, 1, 1, 1, 0, 0, 0, 1, 1, 1, 1, 0, 1, 0, 1, 0, 0, 1, 1, 0, 1, 0, 1, 1, 0, 1, 0, 1, 0, 1, 1, 1, 0, 0, 0, 0, 0, 1, 0, 1, 1, 1, 0, 0, 0, 1, 1, 1, 1, 1, 1, 1, 1, 0, 0, 1, 0, 0, 1, 1, 0, 1, 1, 1, 1, 1, 1, 1, 0, 1, 0, 1, 1, 0, 1, 0, 0, 0, 0, 1, 1, 0, 0, 1, 0, 1, 0, 1, 1, 1, 1, 1, 0, 0, 0, 1, 0, 0, 1, 1, 0, 1, 1, 1, 0, 0, 1, 1, 0, 1, 1, 1, 1, 1, 1, 1, 1, 1, 1, 0, 1, 0, 1, 0, 0, 0, 0, 0, 0, 0, 0, 1, 0, 0, 1, 0, 1, 1, 1, 0, 0, 1, 1, 0, 1, 1, 1, 0, 0, 0, 0, 0, 0, 1, 0, 1, 1, 0, 0, 1, 0, 1, 1, 0, 1, 1, 1, 0, 1, 1, 1, 1, 0, 1, 1, 0, 0, 0, 1, 0, 0, 1, 1, 1, 1, 0, 0, 1, 1, 1, 0, 1, 0, 1, 0, 1, 0, 1, 1, 1, 0, 1, 1, 1, 0, 1, 1, 0, 1, 1, 0, 1, 0, 0, 1, 0, 0, 1, 1, 1, 0, 1, 0, 1, 0, 1, 0, 1, 0, 1, 1]

BESTFULLDTW=(177, 309, 0.57281553398058249)
LISTFULLDTW=[0, 0, 1, 1, 1, 1, 1, 1, 0, 1, 1, 1, 1, 1, 1, 1, 0, 1, 1, 1, 1, 0, 1, 1, 0, 0, 1, 0, 1, 0, 0, 0, 1, 1, 0, 1, 0, 0, 1, 1, 1, 0, 1, 1, 0, 1, 0, 0, 1, 0, 1, 0, 1, 1, 0, 0, 1, 1, 1, 0, 0, 1, 1, 1, 1, 0, 1, 0, 1, 1, 1, 0, 0, 0, 1, 1, 1, 0, 0, 1, 1, 1, 0, 0, 0, 1, 1, 0, 1, 0, 1, 1, 0, 0, 0, 1, 1, 1, 1, 1, 1, 1, 0, 0, 0, 1, 1, 1, 0, 1, 0, 0, 0, 1, 0, 1, 1, 0, 1, 1, 0, 1, 0, 1, 0, 1, 1, 0, 0, 1, 1, 1, 0, 0, 1, 0, 1, 1, 0, 1, 1, 1, 1, 0, 1, 0, 0, 0, 0, 1, 0, 0, 1, 0, 1, 1, 0, 0, 0, 1, 0, 0, 1, 1, 1, 0, 1, 1, 0, 1, 0, 1, 1, 0, 1, 1, 0, 1, 0, 1, 0, 1, 0, 0, 0, 1, 0, 1, 1, 0, 1, 0, 1, 0, 1, 1, 0, 1, 1, 0, 1, 0, 1, 0, 0, 0, 1, 1, 1, 1, 0, 1, 1, 1, 1, 1, 1, 0, 0, 0, 1, 0, 1, 0, 0, 1, 0, 1, 0, 0, 1, 1, 0, 1, 1, 0, 0, 1, 0, 0, 1, 0, 1, 1, 0, 1, 1, 0, 1, 0, 1, 1, 1, 1, 0, 1, 0, 0, 0, 0, 1, 1, 1, 1, 1, 1, 0, 1, 0, 1, 0, 1, 0, 1, 1, 0, 1, 1, 0, 1, 1, 0, 1, 0, 1, 1, 1, 0, 0, 1, 1, 0, 1, 0, 1, 1, 0, 0, 0, 1, 1, 1, 0, 1, 1, 1, 0, 1, 0]

BESTCONSDTW=(185, 309, 0.59870550161812297)
LISTCONSDTW=[1, 0, 1, 1, 0, 1, 1, 1, 1, 1, 1, 1, 1, 1, 1, 0, 1, 0, 1, 1, 0, 0, 1, 1, 1, 0, 1, 1, 0, 0, 0, 0, 1, 1, 0, 0, 1, 0, 1, 1, 1, 1, 1, 0, 1, 1, 0, 1, 1, 1, 1, 0, 1, 0, 0, 1, 1, 1, 1, 0, 0, 1, 1, 0, 1, 1, 1, 0, 1, 1, 1, 1, 0, 1, 1, 0, 1, 1, 0, 1, 1, 1, 0, 0, 0, 1, 1, 1, 1, 0, 1, 1, 1, 0, 0, 1, 1, 0, 1, 0, 1, 1, 0, 1, 0, 1, 1, 1, 1, 1, 0, 0, 0, 1, 1, 1, 1, 1, 1, 0, 0, 1, 0, 1, 1, 1, 1, 1, 1, 1, 1, 0, 0, 0, 0, 0, 1, 1, 0, 1, 0, 1, 1, 1, 1, 1, 0, 1, 0, 1, 1, 0, 1, 0, 0, 0, 0, 1, 0, 0, 1, 0, 0, 1, 0, 1, 1, 1, 1, 0, 0, 0, 0, 1, 0, 0, 1, 1, 0, 1, 1, 0, 0, 0, 1, 1, 0, 1, 1, 1, 1, 0, 1, 1, 1, 1, 1, 1, 1, 0, 1, 1, 0, 0, 0, 0, 1, 1, 0, 1, 0, 1, 1, 1, 1, 1, 1, 0, 0, 0, 1, 0, 1, 1, 1, 1, 0, 0, 0, 0, 0, 1, 0, 1, 1, 0, 1, 1, 0, 1, 1, 0, 1, 1, 1, 0, 1, 1, 1, 1, 1, 1, 1, 0, 0, 0, 0, 0, 0, 1, 1, 1, 1, 0, 0, 1, 0, 1, 0, 1, 0, 1, 0, 1, 0, 1, 1, 0, 0, 0, 1, 1, 0, 0, 1, 0, 1, 0, 0, 1, 1, 0, 1, 0, 0, 1, 0, 1, 0, 1, 1, 1, 1, 1, 0, 1, 0, 0, 0]

BESTGEM=(189, 309, 0.61165048543689315)
LISTGEM=[1, 1, 1, 1, 0, 1, 1, 0, 1, 1, 1, 1, 1, 1, 1, 0, 1, 1, 1, 1, 0, 1, 1, 1, 0, 0, 1, 1, 0, 0, 0, 0, 1, 1, 0, 1, 0, 0, 1, 1, 1, 1, 1, 1, 1, 1, 0, 1, 0, 1, 1, 0, 0, 0, 0, 0, 1, 1, 1, 0, 1, 1, 1, 0, 1, 1, 1, 1, 0, 1, 1, 0, 0, 1, 1, 0, 1, 1, 0, 1, 1, 1, 0, 0, 1, 1, 1, 1, 0, 0, 1, 1, 1, 0, 1, 1, 1, 0, 1, 0, 1, 1, 1, 1, 0, 1, 1, 1, 1, 1, 0, 0, 0, 1, 1, 1, 0, 1, 0, 0, 0, 0, 0, 1, 1, 1, 1, 1, 0, 1, 1, 0, 0, 1, 1, 0, 1, 1, 0, 1, 1, 1, 1, 1, 1, 1, 0, 1, 0, 1, 1, 0, 1, 0, 1, 1, 0, 1, 0, 0, 1, 0, 0, 1, 0, 1, 1, 1, 0, 0, 0, 1, 1, 1, 1, 1, 1, 1, 0, 1, 1, 0, 0, 0, 0, 1, 0, 1, 1, 1, 1, 1, 1, 0, 1, 1, 1, 1, 1, 0, 1, 1, 1, 0, 1, 0, 1, 0, 1, 1, 0, 1, 1, 1, 1, 1, 1, 0, 0, 0, 1, 0, 1, 1, 1, 0, 0, 0, 0, 0, 1, 1, 0, 1, 1, 0, 1, 1, 0, 0, 1, 0, 0, 1, 1, 0, 1, 1, 0, 1, 1, 0, 0, 0, 0, 0, 0, 0, 1, 1, 1, 0, 1, 0, 0, 1, 1, 1, 0, 1, 0, 1, 0, 1, 1, 1, 1, 1, 0, 0, 1, 1, 0, 0, 1, 0, 1, 0, 0, 1, 0, 0, 1, 0, 0, 1, 1, 1, 0, 1, 0, 1, 1, 1, 0, 1, 0, 1, 0]

