# shuffled stratified split (indices referring to UCR database)
TESTINDEX=[ 61  36  60   7  94  48   8  49  91  67  35  20  32  93  40 110  85  33
  83  80  10  18  52  69  47  96  51  62   4  77  11  74  76  75  13  16
   9 100  17  57  43 106  79 107  66  88   1  27  44  92  95   0  22  12
   6  70  37  65  14  73  55  99  82  39  72  45  15  84 108  98 101  71
  30  21  31  41  78  38  46  42  68  54   2  25  81  34 102  50]
TRAININDEX=[ 90  23  89  63  97  29 109  58  28   5 111  87  53 104  24  59 105   3
 103  64  26  86  56  19]

# learned parameters for cdtw and gem
# dtw ((error, size, error/size), (window, sqr))
# gem ((error, size, error/size), (St0, St1, E, sym, sqr))
BESTLEARNCONSDTW=((2, 24, 0.08333333333333333), (0.01, True))
LISTLEARNCONSDTW=[((2, 24, 0.08333333333333333), (0.0, True)), ((2, 24, 0.08333333333333333), (0.01, True)), ((3, 24, 0.125), (0.02, True)), ((3, 24, 0.125), (0.029999999999999999, True)), ((3, 24, 0.125), (0.040000000000000001, True)), ((3, 24, 0.125), (0.050000000000000003, True)), ((4, 24, 0.16666666666666666), (0.059999999999999998, True)), ((4, 24, 0.16666666666666666), (0.070000000000000007, True)), ((4, 24, 0.16666666666666666), (0.080000000000000002, True)), ((4, 24, 0.16666666666666666), (0.089999999999999997, True)), ((4, 24, 0.16666666666666666), (0.10000000000000001, True)), ((4, 24, 0.16666666666666666), (0.11, True)), ((4, 24, 0.16666666666666666), (0.12, True)), ((4, 24, 0.16666666666666666), (0.13, True)), ((4, 24, 0.16666666666666666), (0.14000000000000001, True)), ((4, 24, 0.16666666666666666), (0.14999999999999999, True)), ((4, 24, 0.16666666666666666), (0.16, True)), ((4, 24, 0.16666666666666666), (0.17000000000000001, True)), ((4, 24, 0.16666666666666666), (0.17999999999999999, True)), ((4, 24, 0.16666666666666666), (0.19, True)), ((4, 24, 0.16666666666666666), (0.20000000000000001, True))]

BESTLEARNGEM=((1, 24, 0.041666666666666664), (2, 1, 0.015625, True, True))
LISTLEARNGEM=[((1, 24, 0.041666666666666664), (2, 1, 0.00390625, True, True)), ((1, 24, 0.041666666666666664), (2, 1, 0.0078125, True, True)), ((1, 24, 0.041666666666666664), (2, 1, 0.015625, True, True)), ((1, 24, 0.041666666666666664), (2, 1, 0.03125, True, True)), ((1, 24, 0.041666666666666664), (2, 1, 0.0625, True, True)), ((2, 24, 0.08333333333333333), (2, 1, 0, True, True)), ((2, 24, 0.08333333333333333), (2, 2, 0.03125, True, True)), ((2, 24, 0.08333333333333333), (2, 2, 0.0625, True, True)), ((3, 24, 0.125), (1, 1, 0.015625, True, True)), ((3, 24, 0.125), (1, 1, 0.03125, True, True)), ((3, 24, 0.125), (1, 1, 0.125, True, True)), ((3, 24, 0.125), (1, 1, 0.5, True, True)), ((3, 24, 0.125), (1, 2, 0.015625, True, True)), ((3, 24, 0.125), (1, 2, 0.03125, True, True)), ((3, 24, 0.125), (1, 2, 0.125, True, True)), ((3, 24, 0.125), (1, 2, 0.5, True, True)), ((3, 24, 0.125), (2, 1, 0.125, True, True)), ((3, 24, 0.125), (2, 2, 0.0078125, True, True)), ((3, 24, 0.125), (2, 2, 0.015625, True, True)), ((3, 24, 0.125), (2, 2, 0.125, True, True)), ((3, 24, 0.125), (2, 2, 0.25, True, True)), ((4, 24, 0.16666666666666666), (1, 1, 0.0078125, True, True)), ((4, 24, 0.16666666666666666), (1, 1, 0.0625, True, True)), ((4, 24, 0.16666666666666666), (1, 1, 0.25, True, True)), ((4, 24, 0.16666666666666666), (1, 2, 0.0078125, True, True)), ((4, 24, 0.16666666666666666), (1, 2, 0.0625, True, True)), ((4, 24, 0.16666666666666666), (1, 2, 0.25, True, True)), ((4, 24, 0.16666666666666666), (2, 1, 0.25, True, True)), ((4, 24, 0.16666666666666666), (2, 2, 0, True, True)), ((4, 24, 0.16666666666666666), (2, 2, 0.00390625, True, True)), ((4, 24, 0.16666666666666666), (2, 2, 0.5, True, True)), ((5, 24, 0.20833333333333334), (1, 1, 0, True, True)), ((5, 24, 0.20833333333333334), (1, 2, 0, True, True)), ((6, 24, 0.25), (1, 1, 0.00390625, True, True)), ((6, 24, 0.25), (1, 2, 0.00390625, True, True)), ((8, 24, 0.3333333333333333), (2, 1, 0.5, True, True))]


# error rates for different distance measures
# (error, size, error/size) and binary mask
BESTLP=(19, 88, 0.2159090909090909)
LISTLP=[1, 0, 0, 0, 0, 0, 0, 0, 0, 0, 0, 0, 0, 1, 0, 0, 1, 0, 0, 0, 0, 1, 0, 1, 0, 0, 1, 0, 0, 0, 0, 1, 1, 0, 0, 0, 0, 0, 0, 0, 1, 1, 0, 1, 0, 0, 0, 0, 0, 0, 0, 0, 0, 0, 0, 0, 0, 1, 1, 0, 0, 0, 0, 0, 0, 0, 0, 0, 0, 1, 1, 0, 0, 0, 0, 0, 1, 1, 0, 0, 0, 0, 1, 0, 0, 0, 0, 1]

BESTFULLDTW=(9, 88, 0.10227272727272728)
LISTFULLDTW=[1, 0, 0, 0, 0, 0, 0, 0, 1, 0, 0, 0, 0, 0, 0, 0, 0, 0, 0, 0, 0, 0, 0, 0, 0, 1, 0, 0, 0, 0, 0, 0, 0, 0, 0, 0, 0, 0, 0, 0, 0, 1, 0, 0, 0, 0, 0, 0, 0, 0, 0, 0, 0, 0, 1, 0, 0, 0, 1, 0, 0, 0, 0, 0, 0, 0, 0, 0, 1, 0, 0, 0, 0, 0, 0, 0, 1, 1, 0, 0, 0, 0, 0, 0, 0, 0, 0, 0]

BESTCONSDTW=(8, 88, 0.09090909090909091)
LISTCONSDTW=[1, 0, 0, 0, 0, 0, 0, 0, 0, 0, 0, 0, 0, 0, 0, 0, 0, 0, 0, 0, 0, 0, 0, 0, 0, 0, 1, 0, 0, 0, 0, 0, 0, 0, 0, 0, 0, 0, 0, 0, 0, 1, 0, 0, 0, 0, 0, 0, 0, 0, 0, 0, 0, 0, 0, 0, 0, 0, 1, 0, 0, 0, 0, 0, 0, 0, 0, 0, 0, 0, 0, 0, 0, 0, 0, 0, 1, 1, 0, 0, 0, 0, 1, 0, 0, 0, 0, 1]

BESTGEM=(10, 88, 0.11363636363636363)
LISTGEM=[1, 0, 0, 0, 0, 0, 0, 0, 0, 0, 0, 0, 0, 0, 0, 0, 0, 0, 0, 0, 0, 0, 0, 1, 0, 0, 0, 0, 0, 0, 0, 0, 0, 0, 0, 0, 0, 0, 0, 0, 0, 1, 0, 0, 0, 0, 0, 0, 0, 0, 0, 0, 0, 0, 1, 0, 0, 0, 1, 0, 0, 0, 0, 0, 0, 0, 0, 0, 0, 0, 0, 1, 0, 0, 0, 1, 1, 1, 0, 1, 0, 0, 0, 0, 0, 0, 0, 0]

