# shuffled stratified split (indices referring to UCR database)
TESTINDEX=[245 495 475  65 560 464 443   4 351 583 612 423 249 255 585 120 534 308
 266  17  19 648 558 178 484 466 162   0 210 220 191  99 555 303 501 608
 385 368 432 390 265 635 571 198 477  92 319 114 132 134 137 421 283 533
 600 400 486  44 497 318 508 564 208 295 307 175 215  79  87 496 154 451
 280 344  18 367 591 102 641 369  29 313 302 310 159 296 226  60  40 122
  14 467 511 409 414 470 526 181 424 521 124 514  71  58 131 440  78 123
 133 592  15  21 624 519 548 346 264 454 300 194 598 261  53 626 463 193
 279 248  23 541 169 557 298  63 335 156 242 575 537 112 412 434 164 285
 632 597 345 286 161  61 524 391  45 425 415 138 574 211  30  80 472 642
 602 403 372 328  75 177 453 250 406 197 350 413 360 543  43  48 357 127
 107 378 633 225 587 130 416 529 271  39 429 599 207 373 563 356  47 398
 152 317 323 580 490  22 546 536  42 316 293 450 153 431 111 505 469 634
 396 187 100 410 379 236 200 326 289 126 478 340 116 419 135 276 186 392
   5 397  83 427  73 274 297 230 595 614 579 273 144  85 578 455 136 188
  69 263 498  46 615 525 312 221 146 140 538  68 247  76 399 101 488 338
  25 103 375 468 254 617 105 489 129  74 145 646 108 387 456 596 623 625
  94 349 494 170 647 382 374 442 301 386  36 174 460 481 314 458 281 106
 362 530 377 118 487   3  88 499 336 143 258 167 370 485  31 388 593  54
 606 438 223 251 182 544  89 491 240 473 645  49 444 418 636 376 196 411
  93 420  97  72 229 601 422 355 158 292 512  59  38 518 333 480 260 325
  64 284 151 348 570 290 327 616 272 535 407  41 275 205 584 576  33 183
 206 393 448 550 562 165 353 405 309 590 239  90 241 315 605  81 476 341
 569 179 363   6 148 611 352 457 219 256 556 426 482  32 502 139 347 503
 149 621 155 446 244 304 259  95 257  52  56 629 235 513 224   7 520 528
 359  28 493 294 404 559  84   8 582 483 233  37 551 332 339 119 172 452
  77   9 500 565 270 147 394 586 430 459 554 523 195 201 613 395 515 436
  27  55 540 437 199 268  35 618  10 637 549  20 522 113 166 288 402 594
 507 337 577 639  70 115 212 516 517 401 504  67 217 121 552 282 428 322
 267 311 361 305  98 581 287 631 628 218 604 408  66 189 227 638 462  12
 262 160 568 588 231 371 269 366 566 243 609 441 222 471 343 173  82 232
 435  62 180 365 510 572 291 277 381]
TRAININDEX=[622 330 117 321 104 364 324  57  26 176 474 331 445 547 384 640 168 190
 278 383 644  11 216 329 237 389 573 380 185 610 527 184 620 567 110 358
 449 150 128  50 506 643  24 214 142 306 109 649 334 509 320 589 439 228
 246 603  96 238 209 545 192  16 630  34 203 461 234 447 342 539 213 553
 561 532   1 252 253 125 627  13 479  51 141 204  86 465 531 417 354 163
   2 202 619 492 433 157 171 299 607 542  91]

# learned parameters for cdtw and gem
# dtw ((error, size, error/size), (window, sqr))
# gem ((error, size, error/size), (St0, St1, E, sym, sqr))
BESTLEARNCONSDTW=((62, 101, 0.61386138613861385), (0.02, True))
LISTLEARNCONSDTW=[((62, 101, 0.61386138613861385), (0.01, True)), ((62, 101, 0.61386138613861385), (0.02, True)), ((63, 101, 0.62376237623762376), (0.029999999999999999, True)), ((66, 101, 0.65346534653465349), (0.040000000000000001, True)), ((67, 101, 0.6633663366336634), (0.050000000000000003, True)), ((67, 101, 0.6633663366336634), (0.070000000000000007, True)), ((68, 101, 0.67326732673267331), (0.059999999999999998, True)), ((68, 101, 0.67326732673267331), (0.080000000000000002, True)), ((69, 101, 0.68316831683168322), (0.0, True)), ((70, 101, 0.69306930693069302), (0.089999999999999997, True)), ((71, 101, 0.70297029702970293), (0.10000000000000001, True)), ((72, 101, 0.71287128712871284), (0.13, True)), ((72, 101, 0.71287128712871284), (0.14000000000000001, True)), ((72, 101, 0.71287128712871284), (0.14999999999999999, True)), ((72, 101, 0.71287128712871284), (0.16, True)), ((72, 101, 0.71287128712871284), (0.17000000000000001, True)), ((72, 101, 0.71287128712871284), (0.17999999999999999, True)), ((72, 101, 0.71287128712871284), (0.19, True)), ((72, 101, 0.71287128712871284), (0.20000000000000001, True)), ((73, 101, 0.72277227722772275), (0.11, True)), ((73, 101, 0.72277227722772275), (0.12, True))]

BESTLEARNGEM=((52, 101, 0.51485148514851486), (2, 1, 0.0625, True, True))
LISTLEARNGEM=[((52, 101, 0.51485148514851486), (2, 1, 0.0625, True, True)), ((55, 101, 0.54455445544554459), (2, 1, 0.00390625, True, True)), ((55, 101, 0.54455445544554459), (2, 1, 0.03125, True, True)), ((56, 101, 0.5544554455445545), (2, 2, 0.25, True, True)), ((57, 101, 0.5643564356435643), (2, 1, 0.0078125, True, True)), ((59, 101, 0.58415841584158412), (2, 1, 0.015625, True, True)), ((59, 101, 0.58415841584158412), (2, 2, 0.125, True, True)), ((60, 101, 0.59405940594059403), (2, 1, 0.125, True, True)), ((60, 101, 0.59405940594059403), (2, 2, 0.0625, True, True)), ((61, 101, 0.60396039603960394), (2, 1, 0, True, True)), ((62, 101, 0.61386138613861385), (2, 2, 0.015625, True, True)), ((62, 101, 0.61386138613861385), (2, 2, 0.03125, True, True)), ((65, 101, 0.64356435643564358), (2, 2, 0.0078125, True, True)), ((66, 101, 0.65346534653465349), (2, 2, 0.00390625, True, True)), ((66, 101, 0.65346534653465349), (2, 2, 0.5, True, True)), ((68, 101, 0.67326732673267331), (2, 2, 0, True, True)), ((69, 101, 0.68316831683168322), (2, 1, 0.25, True, True)), ((71, 101, 0.70297029702970293), (1, 1, 0, True, True)), ((71, 101, 0.70297029702970293), (1, 2, 0, True, True)), ((72, 101, 0.71287128712871284), (1, 1, 0.00390625, True, True)), ((72, 101, 0.71287128712871284), (1, 2, 0.00390625, True, True)), ((73, 101, 0.72277227722772275), (2, 1, 0.5, True, True)), ((76, 101, 0.75247524752475248), (1, 1, 0.0078125, True, True)), ((76, 101, 0.75247524752475248), (1, 2, 0.0078125, True, True)), ((77, 101, 0.76237623762376239), (1, 1, 0.015625, True, True)), ((77, 101, 0.76237623762376239), (1, 2, 0.015625, True, True)), ((78, 101, 0.7722772277227723), (1, 1, 0.0625, True, True)), ((78, 101, 0.7722772277227723), (1, 1, 0.125, True, True)), ((78, 101, 0.7722772277227723), (1, 2, 0.0625, True, True)), ((78, 101, 0.7722772277227723), (1, 2, 0.125, True, True)), ((79, 101, 0.78217821782178221), (1, 1, 0.03125, True, True)), ((79, 101, 0.78217821782178221), (1, 2, 0.03125, True, True)), ((80, 101, 0.79207920792079212), (1, 1, 0.25, True, True)), ((80, 101, 0.79207920792079212), (1, 2, 0.25, True, True)), ((83, 101, 0.82178217821782173), (1, 1, 0.5, True, True)), ((83, 101, 0.82178217821782173), (1, 2, 0.5, True, True))]


# error rates for different distance measures
# (error, size, error/size) and binary mask
BESTLP=(364, 549, 0.66302367941712204)
LISTLP=[1, 0, 1, 0, 1, 1, 1, 0, 1, 0, 1, 1, 1, 1, 0, 1, 1, 1, 1, 1, 1, 0, 1, 0, 1, 0, 0, 1, 1, 0, 1, 0, 1, 1, 1, 1, 1, 1, 1, 1, 1, 0, 1, 0, 0, 0, 1, 1, 1, 0, 1, 0, 0, 1, 0, 1, 1, 1, 1, 0, 1, 1, 1, 1, 1, 1, 0, 1, 1, 0, 1, 1, 1, 1, 0, 1, 1, 0, 1, 0, 1, 0, 1, 1, 1, 0, 0, 0, 1, 1, 0, 0, 1, 1, 1, 1, 1, 0, 1, 0, 1, 1, 0, 1, 1, 1, 1, 1, 1, 1, 1, 1, 1, 1, 0, 1, 1, 1, 1, 0, 1, 0, 1, 1, 1, 1, 1, 0, 1, 1, 1, 0, 1, 1, 1, 1, 1, 0, 1, 1, 0, 0, 1, 1, 0, 0, 1, 1, 1, 1, 0, 1, 1, 1, 0, 1, 1, 1, 1, 1, 1, 1, 0, 0, 1, 0, 0, 1, 1, 1, 1, 1, 1, 1, 1, 1, 1, 1, 1, 0, 1, 0, 1, 1, 1, 0, 0, 0, 0, 1, 1, 1, 1, 0, 1, 0, 1, 1, 0, 0, 1, 1, 1, 1, 1, 1, 0, 0, 1, 0, 0, 0, 1, 1, 1, 1, 1, 1, 1, 1, 0, 1, 1, 1, 0, 1, 0, 1, 0, 0, 1, 1, 1, 1, 1, 0, 0, 1, 0, 1, 1, 1, 1, 0, 1, 1, 0, 0, 1, 1, 0, 1, 0, 1, 1, 1, 0, 1, 0, 1, 1, 1, 1, 0, 0, 1, 1, 0, 1, 1, 1, 0, 1, 1, 1, 1, 1, 0, 1, 1, 1, 0, 1, 1, 0, 1, 0, 1, 1, 0, 0, 0, 1, 1, 0, 1, 1, 1, 0, 1, 0, 1, 0, 1, 1, 0, 1, 1, 0, 1, 1, 1, 0, 0, 0, 0, 1, 1, 1, 1, 1, 1, 0, 1, 1, 0, 1, 1, 1, 1, 0, 0, 1, 1, 0, 0, 1, 1, 1, 0, 1, 0, 1, 1, 0, 0, 0, 1, 1, 1, 1, 0, 1, 0, 1, 1, 1, 0, 1, 1, 1, 0, 0, 1, 1, 0, 1, 1, 1, 1, 1, 1, 1, 1, 1, 1, 0, 1, 0, 1, 0, 0, 0, 1, 1, 0, 1, 1, 0, 1, 1, 0, 1, 1, 1, 0, 1, 1, 1, 1, 1, 1, 0, 0, 1, 1, 1, 1, 1, 0, 0, 0, 0, 1, 0, 0, 0, 1, 1, 1, 1, 1, 1, 0, 0, 1, 0, 0, 1, 1, 1, 0, 0, 0, 1, 1, 0, 1, 1, 1, 1, 1, 1, 1, 1, 0, 1, 0, 1, 1, 1, 0, 0, 1, 1, 1, 1, 1, 1, 1, 1, 0, 0, 1, 1, 0, 1, 1, 1, 1, 0, 1, 1, 0, 1, 0, 1, 1, 1, 0, 1, 0, 0, 0, 1, 1, 1, 0, 0, 0, 0, 0, 1, 1, 0, 0, 0, 0, 0, 0, 1, 1, 0, 0, 1, 0, 1, 1, 0, 1, 0, 1, 0, 1, 1, 0, 1, 0, 0, 1, 1, 1, 1, 1, 1, 1, 1, 1, 1, 0, 1, 1, 1, 0, 1, 0, 1, 1, 1, 0, 0, 1, 1, 0, 1, 1, 1, 1, 0]

BESTFULLDTW=(317, 549, 0.57741347905282336)
LISTFULLDTW=[1, 1, 1, 0, 0, 1, 0, 0, 1, 0, 1, 1, 1, 0, 0, 1, 1, 0, 1, 1, 1, 0, 1, 0, 1, 1, 0, 1, 0, 0, 1, 1, 1, 0, 1, 0, 1, 1, 1, 1, 1, 1, 0, 0, 1, 0, 0, 0, 1, 0, 0, 0, 0, 1, 0, 1, 1, 0, 0, 1, 1, 0, 1, 0, 1, 0, 1, 1, 1, 0, 1, 1, 1, 1, 0, 1, 1, 0, 1, 0, 1, 1, 1, 1, 1, 1, 0, 0, 0, 1, 0, 1, 1, 0, 0, 1, 1, 0, 1, 0, 0, 0, 0, 1, 0, 0, 0, 0, 0, 1, 1, 1, 0, 1, 0, 1, 1, 0, 1, 0, 0, 0, 0, 0, 1, 1, 1, 0, 0, 0, 1, 1, 0, 1, 1, 1, 1, 1, 0, 0, 0, 0, 1, 1, 1, 0, 1, 1, 1, 0, 1, 1, 0, 0, 1, 0, 1, 0, 1, 1, 1, 0, 1, 0, 0, 1, 0, 0, 1, 1, 1, 0, 1, 1, 1, 0, 1, 0, 0, 1, 0, 0, 1, 1, 1, 1, 0, 1, 0, 0, 1, 1, 1, 1, 1, 1, 0, 1, 0, 0, 1, 0, 1, 0, 0, 0, 1, 0, 1, 0, 0, 0, 0, 1, 1, 1, 1, 1, 1, 1, 0, 1, 0, 1, 0, 1, 0, 1, 0, 0, 1, 1, 1, 1, 1, 0, 0, 1, 0, 1, 0, 1, 1, 0, 1, 1, 0, 0, 1, 0, 0, 1, 0, 1, 1, 0, 0, 0, 0, 1, 0, 0, 1, 0, 0, 0, 1, 1, 0, 0, 1, 0, 1, 0, 1, 1, 1, 0, 0, 1, 1, 0, 1, 1, 0, 1, 0, 1, 1, 0, 0, 0, 1, 0, 0, 1, 1, 1, 0, 1, 0, 1, 1, 1, 1, 1, 1, 1, 1, 1, 1, 1, 0, 1, 0, 1, 1, 1, 1, 1, 0, 1, 0, 1, 0, 0, 0, 1, 1, 1, 0, 0, 1, 1, 0, 0, 1, 1, 1, 0, 1, 1, 1, 1, 1, 0, 0, 0, 1, 1, 1, 0, 1, 0, 1, 1, 1, 1, 0, 1, 1, 1, 0, 1, 1, 1, 1, 1, 0, 1, 0, 1, 1, 0, 1, 0, 0, 1, 0, 1, 1, 1, 0, 1, 1, 0, 1, 1, 0, 1, 1, 0, 1, 1, 1, 0, 1, 0, 1, 0, 1, 0, 1, 0, 1, 0, 1, 1, 0, 0, 0, 0, 1, 1, 0, 1, 0, 1, 1, 1, 1, 0, 1, 1, 1, 1, 0, 0, 1, 1, 1, 1, 1, 0, 1, 1, 0, 1, 0, 0, 1, 1, 1, 0, 1, 0, 1, 1, 1, 1, 1, 0, 0, 1, 0, 1, 1, 1, 1, 1, 1, 1, 0, 1, 1, 0, 0, 0, 0, 1, 0, 0, 1, 0, 1, 0, 1, 1, 1, 1, 1, 1, 0, 1, 1, 1, 1, 0, 1, 1, 1, 0, 1, 1, 0, 0, 0, 0, 1, 1, 1, 1, 0, 1, 1, 0, 1, 0, 0, 1, 1, 1, 0, 1, 0, 0, 0, 1, 0, 1, 1, 1, 0, 0, 1, 0, 1, 1, 1, 0, 0, 0, 1, 0, 0, 1, 0, 1, 1, 0, 1, 0, 1, 0, 0, 1, 0, 1, 0]

BESTCONSDTW=(311, 549, 0.56648451730418947)
LISTCONSDTW=[1, 0, 1, 0, 0, 1, 1, 0, 1, 0, 1, 0, 1, 1, 0, 1, 0, 1, 1, 1, 1, 0, 1, 0, 0, 0, 0, 1, 1, 0, 1, 1, 1, 1, 1, 1, 1, 1, 1, 1, 1, 0, 1, 0, 1, 0, 1, 1, 0, 0, 1, 0, 0, 1, 0, 1, 1, 1, 1, 0, 1, 1, 1, 0, 1, 0, 1, 1, 1, 0, 0, 0, 1, 1, 0, 1, 0, 0, 1, 0, 1, 1, 1, 0, 0, 0, 0, 0, 0, 1, 0, 0, 1, 1, 1, 1, 1, 0, 1, 0, 0, 0, 0, 1, 1, 0, 0, 1, 1, 1, 1, 1, 1, 1, 0, 1, 1, 1, 1, 0, 1, 0, 1, 0, 1, 0, 1, 0, 1, 0, 1, 0, 0, 1, 1, 1, 0, 0, 1, 0, 0, 0, 1, 1, 1, 0, 1, 1, 1, 0, 1, 1, 1, 0, 1, 1, 0, 1, 1, 1, 0, 1, 0, 0, 1, 0, 0, 0, 1, 1, 1, 0, 1, 1, 1, 0, 1, 0, 1, 0, 1, 0, 1, 1, 1, 0, 0, 0, 0, 1, 1, 1, 1, 0, 1, 0, 1, 1, 0, 0, 1, 0, 1, 1, 1, 1, 0, 0, 1, 0, 0, 0, 0, 1, 1, 1, 1, 1, 0, 1, 0, 1, 1, 1, 0, 1, 0, 1, 0, 0, 1, 1, 1, 1, 1, 0, 0, 1, 0, 0, 0, 1, 1, 0, 1, 1, 0, 0, 1, 0, 0, 1, 0, 1, 1, 1, 0, 0, 0, 1, 0, 1, 1, 0, 0, 1, 1, 1, 1, 0, 1, 0, 1, 0, 1, 1, 1, 0, 0, 1, 1, 0, 0, 0, 0, 1, 0, 0, 1, 0, 0, 0, 1, 0, 0, 1, 1, 1, 0, 1, 0, 1, 0, 1, 1, 0, 1, 1, 0, 1, 1, 1, 0, 1, 0, 1, 1, 1, 0, 1, 1, 0, 0, 1, 1, 0, 0, 1, 1, 1, 0, 0, 1, 1, 0, 0, 1, 1, 1, 0, 1, 0, 1, 1, 1, 0, 0, 1, 1, 1, 1, 0, 0, 0, 1, 1, 1, 0, 1, 1, 0, 1, 0, 1, 1, 1, 1, 1, 1, 1, 1, 1, 1, 0, 1, 0, 0, 1, 0, 1, 0, 0, 0, 0, 1, 0, 1, 1, 0, 1, 1, 0, 1, 1, 1, 0, 1, 1, 1, 1, 1, 0, 0, 0, 0, 1, 1, 1, 1, 0, 0, 0, 0, 1, 0, 0, 0, 1, 1, 0, 1, 0, 1, 0, 0, 1, 0, 0, 1, 1, 1, 1, 0, 0, 1, 1, 0, 1, 1, 0, 1, 1, 0, 1, 1, 0, 1, 1, 0, 1, 1, 0, 0, 1, 0, 0, 1, 1, 1, 1, 1, 1, 0, 1, 1, 0, 1, 0, 0, 1, 0, 1, 1, 0, 1, 0, 1, 1, 1, 1, 1, 1, 1, 0, 1, 0, 1, 0, 1, 0, 0, 0, 1, 1, 0, 0, 0, 0, 1, 0, 1, 1, 0, 0, 1, 0, 1, 1, 0, 1, 0, 1, 0, 1, 1, 0, 1, 0, 0, 1, 0, 1, 0, 1, 1, 0, 1, 1, 1, 0, 0, 0, 1, 0, 0, 1, 1, 1, 1, 0, 0, 0, 1, 0, 0, 1, 0, 1, 0]

BESTGEM=(324, 549, 0.5901639344262295)
LISTGEM=[1, 0, 0, 1, 0, 1, 0, 0, 1, 0, 1, 1, 1, 1, 1, 0, 0, 1, 1, 1, 0, 0, 1, 0, 0, 0, 1, 1, 0, 0, 1, 0, 1, 0, 1, 1, 1, 1, 0, 0, 1, 1, 1, 0, 1, 0, 0, 1, 1, 0, 1, 0, 0, 1, 0, 1, 0, 1, 1, 1, 1, 0, 1, 0, 1, 0, 0, 1, 0, 1, 1, 1, 1, 1, 1, 0, 0, 0, 1, 0, 1, 1, 1, 1, 0, 1, 1, 0, 0, 1, 0, 0, 1, 0, 1, 1, 1, 0, 0, 1, 0, 0, 0, 1, 1, 0, 1, 0, 1, 1, 1, 1, 0, 1, 0, 1, 1, 1, 1, 1, 1, 0, 1, 0, 1, 0, 1, 0, 1, 1, 0, 1, 0, 1, 1, 1, 1, 1, 1, 1, 0, 1, 1, 1, 0, 0, 1, 1, 1, 0, 0, 1, 1, 0, 1, 1, 0, 0, 1, 1, 1, 1, 1, 0, 0, 1, 1, 0, 1, 0, 1, 0, 1, 1, 0, 0, 1, 0, 0, 1, 1, 0, 1, 1, 1, 1, 1, 0, 0, 1, 1, 1, 1, 1, 1, 1, 1, 1, 0, 0, 1, 1, 1, 0, 1, 0, 0, 0, 0, 1, 1, 1, 0, 1, 0, 1, 1, 1, 0, 1, 0, 1, 1, 1, 1, 1, 0, 1, 1, 0, 1, 1, 1, 1, 0, 0, 0, 1, 0, 1, 1, 1, 0, 0, 1, 1, 0, 0, 1, 0, 0, 1, 0, 0, 1, 0, 0, 0, 0, 1, 1, 0, 1, 0, 1, 0, 1, 1, 1, 0, 1, 0, 0, 1, 1, 1, 0, 0, 0, 1, 1, 0, 0, 0, 0, 1, 0, 1, 1, 0, 0, 1, 1, 1, 1, 1, 0, 0, 1, 1, 0, 1, 1, 1, 1, 0, 1, 1, 1, 1, 0, 0, 0, 1, 1, 1, 1, 1, 1, 1, 0, 0, 0, 1, 1, 0, 0, 0, 1, 1, 0, 0, 1, 1, 1, 1, 1, 0, 1, 0, 1, 0, 1, 1, 0, 0, 0, 1, 1, 0, 1, 0, 0, 0, 1, 1, 0, 1, 0, 1, 0, 1, 0, 1, 1, 0, 1, 1, 1, 1, 0, 1, 1, 1, 0, 0, 0, 0, 0, 1, 0, 1, 1, 1, 1, 0, 1, 0, 1, 1, 1, 1, 1, 1, 1, 1, 0, 0, 0, 1, 0, 0, 1, 0, 1, 1, 1, 1, 0, 0, 0, 1, 0, 1, 1, 1, 0, 1, 1, 0, 1, 1, 0, 1, 1, 0, 1, 0, 1, 0, 1, 1, 1, 1, 1, 1, 1, 1, 0, 0, 1, 0, 0, 0, 1, 0, 1, 0, 0, 0, 1, 0, 0, 0, 0, 0, 1, 1, 0, 0, 0, 1, 0, 1, 1, 0, 1, 0, 0, 1, 0, 1, 1, 1, 1, 0, 1, 0, 1, 1, 1, 0, 1, 1, 0, 1, 1, 0, 1, 1, 1, 0, 0, 1, 1, 1, 0, 0, 1, 0, 1, 1, 0, 1, 0, 1, 0, 1, 0, 0, 1, 1, 0, 1, 0, 1, 0, 1, 1, 1, 1, 1, 1, 1, 1, 1, 1, 1, 0, 1, 1, 1, 0, 1, 0, 0, 1, 0, 1, 1, 1, 1, 1, 0, 0, 1, 0, 1, 1]

