# shuffled stratified split (indices referring to UCR database)
TESTINDEX=[509 521  82 358 158 229 374 470 124 237 485 272 333 148 192 252 581 469
 283 515 465 268  92 263 398 516 183 204 291 560 207  60 322 638   8 648
 524 198 498 120 622 175 605 505 312 484 141  52 361 169 499 129   9 449
 486 256 639  46 641 649 529 176 452 300 519 575 474 598 631 363  54  98
 202 184  23 473 583 578 624 443 405  12 383 546 395 532 434 368 495 211
 506 294  81 305 599 539  78  69 191 332 182 481 331 112 472 543 438 453
 384 573  65 239 314 163 571 296 447 603 103 632 262 476  57 224 250 248
 422 576 264 572 140 643 226 344 260 246 389 161 151 602 450 613 508 533
 414 327 580 588  36 553 442 567 418 441  74 635 496  43 618 611   0 180
 372 318 433  37  27  18 277  99 646 142 267 627  86 265 421 399 189  79
 137 146  31 554 547 223 145 355 548 492 340 309 155 221 111 150 278 371
 537 620 437 397  11 228 558 461 512  97  50 213 595 240 328 284 241 585
  16 307 269 171 510 118 227  94  88  19 460 606 337  68 490 587 308 196
  84 351 420  76 104 401  20 480 411 330 376 570  40 214 446 164 596 615
  38 426 531 482 342 645 126 435 483 348 523  13 357 315  25 471  44 286
 121 455 489 347 373 108 488  66 353 616 157   5 387 304 600  61 298 356
 170 591 168  72  59 642  75 159 366 316 493 592 153 534 463  28  90 565
 428 199 154 464 597 406 276 370 160 326 123 292 114 647 197  35 287 594
  67  77 254 579 165  70 311 478 319 360  24  89 628 320  15 621 167 377
 444 501 396  71  26 522 538 200 497 582   6  47 557  56 149 255 630 525
 439 359 274 477 424 122 559  32 568 193 569 218   3  55 365 608 601 564
 117 249 293 336 633  10 186 261 593 131 174 448 105 310 409 233  53 625
 563 425 243 550 219 195  51 109 230 614 617 325 561 134 324 462 362  21
 266 306  96 392  91 217 253  39 289 494 491 636 640 457 185 440 162 329
 541 514 542 271 115 354 290 607 222 379 451 144 338 107 297 390 604 156
 102 423 236 503  14 323 644 584 295 393 403 430 152  33 380 232 257 245
 288 589 394 518 551 454 234   2 339 520 177  83 212 544 303 179 526 528
 504  64 475 369 143  22 321 352 410 106 220  49 555 431 119  17 187 127
 190 511 350 552 527 188 400 382 556 301  42 612 251 205 343  85 385 429
 273 427 135 367 386 412 577 285 341 138 210  58 194 235 206 215 216 116
 413 282 586 201 408 375 133 436 500]
TRAININDEX=[419  80 530 225 231  30 637 507 467 456 279 247 415   7 381 417 502 313
 299   1  93 590 609 349 166 244 275 280  45   4 302 172 466  87 517 335
 540 402 487 378 549 125 259 209  73 574 407  95 391  63 432 404 346 139
 281 468 623 364 562 634 566 110 610 173 242 458  41 132 238 545 459  62
 130 101 128 147  34 416 536 317 270 535 629 136 334 445 208 513 388  48
 100 203 619 345  29 178 626 181 113 258 479]

# learned parameters for cdtw and gem
# dtw ((error, size, error/size), (window, sqr))
# gem ((error, size, error/size), (St0, St1, E, sym, sqr))
BESTLEARNCONSDTW=((54, 101, 0.53465346534653468), (0.10000000000000001, True))
LISTLEARNCONSDTW=[((54, 101, 0.53465346534653468), (0.050000000000000003, True)), ((54, 101, 0.53465346534653468), (0.10000000000000001, True)), ((56, 101, 0.5544554455445545), (0.040000000000000001, True)), ((56, 101, 0.5544554455445545), (0.089999999999999997, True)), ((57, 101, 0.5643564356435643), (0.059999999999999998, True)), ((57, 101, 0.5643564356435643), (0.070000000000000007, True)), ((57, 101, 0.5643564356435643), (0.080000000000000002, True)), ((57, 101, 0.5643564356435643), (0.11, True)), ((58, 101, 0.57425742574257421), (0.02, True)), ((58, 101, 0.57425742574257421), (0.12, True)), ((58, 101, 0.57425742574257421), (0.13, True)), ((58, 101, 0.57425742574257421), (0.17000000000000001, True)), ((58, 101, 0.57425742574257421), (0.17999999999999999, True)), ((58, 101, 0.57425742574257421), (0.19, True)), ((58, 101, 0.57425742574257421), (0.20000000000000001, True)), ((59, 101, 0.58415841584158412), (0.029999999999999999, True)), ((59, 101, 0.58415841584158412), (0.14000000000000001, True)), ((59, 101, 0.58415841584158412), (0.14999999999999999, True)), ((59, 101, 0.58415841584158412), (0.16, True)), ((63, 101, 0.62376237623762376), (0.01, True)), ((69, 101, 0.68316831683168322), (0.0, True))]

BESTLEARNGEM=((53, 101, 0.52475247524752477), (2, 2, 0.25, True, True))
LISTLEARNGEM=[((53, 101, 0.52475247524752477), (2, 2, 0.25, True, True)), ((58, 101, 0.57425742574257421), (2, 2, 0.0625, True, True)), ((58, 101, 0.57425742574257421), (2, 2, 0.125, True, True)), ((59, 101, 0.58415841584158412), (2, 1, 0.03125, True, True)), ((60, 101, 0.59405940594059403), (2, 1, 0.015625, True, True)), ((61, 101, 0.60396039603960394), (2, 1, 0.0078125, True, True)), ((61, 101, 0.60396039603960394), (2, 2, 0.015625, True, True)), ((61, 101, 0.60396039603960394), (2, 2, 0.03125, True, True)), ((62, 101, 0.61386138613861385), (2, 1, 0.00390625, True, True)), ((64, 101, 0.63366336633663367), (2, 1, 0.0625, True, True)), ((65, 101, 0.64356435643564358), (2, 2, 0.00390625, True, True)), ((66, 101, 0.65346534653465349), (2, 2, 0.0078125, True, True)), ((67, 101, 0.6633663366336634), (1, 1, 0, True, True)), ((67, 101, 0.6633663366336634), (1, 2, 0, True, True)), ((67, 101, 0.6633663366336634), (2, 2, 0, True, True)), ((67, 101, 0.6633663366336634), (2, 2, 0.5, True, True)), ((68, 101, 0.67326732673267331), (2, 1, 0, True, True)), ((69, 101, 0.68316831683168322), (1, 1, 0.00390625, True, True)), ((69, 101, 0.68316831683168322), (1, 2, 0.00390625, True, True)), ((69, 101, 0.68316831683168322), (2, 1, 0.125, True, True)), ((72, 101, 0.71287128712871284), (2, 1, 0.25, True, True)), ((75, 101, 0.74257425742574257), (1, 1, 0.0078125, True, True)), ((75, 101, 0.74257425742574257), (1, 2, 0.0078125, True, True)), ((78, 101, 0.7722772277227723), (2, 1, 0.5, True, True)), ((79, 101, 0.78217821782178221), (1, 1, 0.5, True, True)), ((79, 101, 0.78217821782178221), (1, 2, 0.5, True, True)), ((80, 101, 0.79207920792079212), (1, 1, 0.015625, True, True)), ((80, 101, 0.79207920792079212), (1, 2, 0.015625, True, True)), ((82, 101, 0.81188118811881194), (1, 1, 0.0625, True, True)), ((82, 101, 0.81188118811881194), (1, 1, 0.125, True, True)), ((82, 101, 0.81188118811881194), (1, 2, 0.0625, True, True)), ((82, 101, 0.81188118811881194), (1, 2, 0.125, True, True)), ((83, 101, 0.82178217821782173), (1, 1, 0.03125, True, True)), ((83, 101, 0.82178217821782173), (1, 1, 0.25, True, True)), ((83, 101, 0.82178217821782173), (1, 2, 0.03125, True, True)), ((83, 101, 0.82178217821782173), (1, 2, 0.25, True, True))]


# error rates for different distance measures
# (error, size, error/size) and binary mask
BESTLP=(384, 549, 0.69945355191256831)
LISTLP=[1, 0, 1, 1, 1, 0, 0, 1, 0, 1, 1, 1, 1, 1, 1, 0, 1, 1, 0, 1, 1, 0, 1, 1, 1, 0, 1, 0, 1, 0, 1, 1, 1, 1, 1, 0, 1, 0, 0, 1, 0, 0, 1, 0, 1, 1, 0, 1, 1, 1, 0, 1, 1, 1, 1, 1, 1, 1, 1, 1, 1, 0, 1, 1, 1, 0, 1, 1, 1, 0, 1, 0, 1, 1, 1, 0, 0, 1, 1, 0, 0, 1, 1, 1, 1, 1, 0, 0, 1, 1, 0, 1, 1, 1, 1, 1, 1, 1, 1, 1, 1, 0, 1, 1, 1, 1, 0, 0, 1, 1, 1, 0, 0, 0, 1, 1, 1, 1, 0, 0, 1, 0, 1, 1, 1, 0, 1, 0, 1, 1, 0, 1, 1, 1, 1, 1, 1, 1, 1, 1, 1, 1, 1, 1, 1, 1, 1, 1, 1, 1, 1, 0, 1, 1, 1, 0, 1, 1, 1, 1, 1, 1, 1, 0, 1, 1, 0, 1, 1, 0, 0, 1, 0, 0, 1, 1, 0, 1, 0, 1, 1, 0, 0, 1, 1, 1, 0, 1, 1, 0, 1, 1, 0, 1, 0, 0, 1, 0, 1, 1, 1, 0, 1, 1, 0, 1, 0, 0, 0, 0, 0, 0, 0, 0, 1, 0, 1, 1, 1, 0, 1, 1, 1, 1, 0, 0, 1, 1, 1, 0, 1, 1, 0, 1, 0, 1, 1, 0, 1, 1, 1, 0, 0, 1, 0, 1, 0, 1, 1, 1, 1, 0, 0, 1, 1, 1, 1, 0, 1, 0, 1, 1, 0, 1, 1, 1, 1, 1, 1, 0, 1, 1, 1, 0, 1, 1, 1, 1, 1, 1, 0, 1, 0, 1, 0, 0, 1, 1, 1, 0, 1, 0, 0, 1, 1, 1, 1, 1, 1, 1, 1, 1, 1, 1, 1, 1, 1, 1, 0, 1, 0, 1, 1, 1, 0, 1, 1, 0, 1, 1, 1, 0, 0, 1, 1, 1, 1, 1, 1, 1, 1, 1, 1, 0, 1, 1, 1, 0, 1, 1, 1, 1, 1, 1, 1, 0, 0, 0, 0, 1, 1, 1, 1, 1, 0, 0, 0, 1, 1, 1, 0, 1, 1, 0, 1, 1, 1, 0, 1, 1, 0, 1, 1, 0, 0, 0, 1, 1, 1, 1, 1, 0, 1, 1, 1, 0, 1, 0, 1, 0, 0, 1, 1, 1, 1, 0, 1, 1, 1, 1, 1, 1, 0, 1, 1, 1, 1, 1, 0, 1, 1, 1, 0, 1, 1, 0, 1, 0, 0, 1, 1, 1, 1, 0, 1, 1, 0, 1, 0, 1, 0, 1, 0, 1, 1, 1, 1, 1, 1, 1, 0, 1, 1, 1, 1, 1, 1, 1, 0, 1, 1, 1, 1, 0, 1, 1, 0, 1, 1, 1, 1, 1, 0, 0, 1, 0, 1, 1, 1, 1, 1, 0, 1, 1, 1, 1, 1, 0, 1, 1, 0, 1, 0, 1, 1, 1, 1, 1, 1, 0, 1, 0, 1, 0, 1, 1, 1, 1, 1, 0, 1, 1, 1, 1, 0, 0, 1, 1, 1, 1, 1, 1, 1, 1, 1, 0, 1, 0, 1, 0, 0, 0, 0, 0, 1, 0, 1, 0, 1, 1, 1, 1, 1, 1, 0, 1, 1, 1, 0, 1, 1, 1, 1, 1, 0, 1, 1, 0, 0]

BESTFULLDTW=(335, 549, 0.61020036429872493)
LISTFULLDTW=[0, 1, 0, 1, 1, 0, 1, 1, 1, 0, 1, 1, 0, 1, 0, 1, 1, 1, 0, 1, 1, 0, 1, 1, 1, 0, 1, 0, 0, 1, 1, 0, 1, 1, 1, 1, 1, 0, 0, 1, 0, 0, 1, 1, 0, 1, 0, 1, 1, 0, 0, 1, 1, 1, 1, 1, 0, 1, 1, 0, 1, 0, 1, 1, 1, 1, 1, 1, 1, 1, 1, 1, 1, 1, 0, 1, 1, 1, 0, 0, 0, 1, 1, 1, 1, 1, 0, 0, 0, 1, 0, 1, 1, 1, 1, 1, 1, 1, 0, 0, 1, 1, 0, 0, 0, 0, 0, 0, 0, 0, 1, 0, 0, 1, 1, 1, 1, 0, 0, 0, 1, 0, 1, 1, 1, 0, 1, 0, 0, 1, 0, 1, 1, 1, 0, 1, 1, 0, 1, 1, 0, 1, 0, 1, 1, 1, 1, 0, 0, 0, 1, 0, 0, 1, 1, 1, 1, 1, 0, 1, 1, 1, 1, 1, 1, 0, 1, 1, 1, 1, 0, 0, 0, 1, 1, 1, 0, 0, 1, 0, 1, 0, 0, 1, 0, 1, 1, 1, 0, 0, 0, 1, 0, 1, 1, 1, 1, 0, 1, 0, 0, 0, 1, 1, 0, 1, 0, 1, 1, 1, 0, 1, 0, 0, 1, 0, 0, 1, 1, 1, 1, 0, 0, 1, 0, 1, 1, 1, 0, 1, 1, 1, 1, 1, 0, 1, 1, 1, 1, 1, 1, 1, 0, 1, 1, 1, 0, 1, 1, 1, 1, 0, 0, 1, 1, 1, 1, 1, 1, 1, 1, 1, 0, 0, 0, 1, 1, 1, 1, 0, 0, 1, 1, 0, 1, 1, 1, 1, 1, 1, 0, 1, 0, 1, 0, 1, 0, 1, 0, 1, 1, 0, 0, 0, 0, 1, 0, 0, 1, 1, 0, 1, 1, 1, 1, 1, 0, 1, 1, 1, 1, 1, 1, 1, 0, 1, 1, 0, 1, 1, 1, 0, 1, 1, 0, 1, 1, 1, 1, 1, 0, 0, 0, 1, 1, 0, 0, 0, 1, 1, 0, 0, 0, 1, 1, 0, 1, 0, 0, 1, 1, 1, 1, 0, 0, 1, 0, 0, 1, 1, 0, 1, 1, 1, 1, 1, 1, 0, 1, 1, 0, 1, 1, 1, 0, 1, 0, 1, 1, 1, 1, 0, 0, 1, 1, 0, 1, 0, 1, 0, 0, 1, 1, 1, 1, 1, 1, 0, 1, 0, 1, 0, 0, 0, 1, 0, 1, 1, 0, 1, 1, 1, 1, 1, 1, 0, 0, 1, 0, 0, 1, 1, 1, 0, 1, 1, 0, 0, 0, 0, 1, 1, 0, 0, 0, 1, 1, 0, 0, 0, 0, 0, 1, 0, 0, 1, 1, 1, 0, 1, 1, 1, 1, 0, 1, 1, 0, 0, 1, 1, 0, 1, 0, 1, 0, 0, 1, 0, 1, 0, 0, 0, 1, 1, 1, 0, 1, 0, 1, 0, 0, 1, 0, 0, 1, 1, 1, 0, 1, 0, 1, 0, 0, 0, 1, 0, 1, 1, 1, 0, 1, 1, 0, 0, 0, 0, 1, 1, 1, 1, 1, 0, 1, 1, 0, 0, 1, 1, 1, 0, 0, 0, 1, 1, 1, 0, 1, 0, 1, 1, 1, 1, 1, 1, 0, 1, 1, 0, 1, 1, 1, 1, 0, 1, 0, 1, 0, 1, 0]

BESTCONSDTW=(330, 549, 0.60109289617486339)
LISTCONSDTW=[0, 1, 0, 1, 1, 0, 1, 1, 0, 0, 1, 1, 0, 1, 0, 1, 1, 1, 0, 1, 1, 1, 1, 1, 1, 1, 1, 0, 0, 1, 1, 0, 1, 1, 1, 1, 1, 0, 0, 1, 0, 0, 1, 1, 0, 1, 0, 1, 1, 0, 0, 1, 1, 1, 0, 1, 1, 1, 1, 0, 0, 0, 1, 1, 1, 1, 0, 1, 1, 1, 1, 1, 0, 1, 0, 1, 1, 1, 0, 0, 0, 1, 1, 1, 1, 1, 0, 0, 0, 1, 0, 1, 1, 1, 1, 1, 1, 1, 0, 0, 1, 1, 0, 0, 0, 0, 0, 0, 0, 0, 1, 0, 0, 1, 1, 1, 1, 1, 0, 0, 1, 0, 1, 1, 1, 0, 1, 0, 0, 1, 0, 1, 1, 1, 0, 1, 1, 0, 1, 1, 1, 1, 0, 1, 1, 1, 1, 1, 1, 0, 1, 0, 0, 1, 1, 0, 1, 1, 0, 1, 1, 1, 1, 1, 1, 0, 0, 0, 1, 1, 0, 0, 0, 0, 1, 1, 0, 0, 0, 0, 1, 0, 0, 1, 0, 1, 1, 1, 0, 0, 0, 1, 0, 1, 0, 1, 1, 0, 1, 0, 0, 0, 1, 1, 0, 1, 0, 1, 1, 1, 0, 1, 0, 0, 1, 0, 0, 1, 1, 1, 1, 0, 0, 1, 0, 1, 1, 1, 0, 1, 1, 1, 1, 1, 0, 1, 1, 1, 1, 1, 1, 1, 0, 1, 0, 1, 0, 1, 1, 1, 1, 0, 0, 1, 1, 1, 1, 1, 1, 1, 1, 1, 0, 0, 0, 1, 1, 1, 1, 0, 0, 1, 1, 0, 1, 1, 1, 1, 1, 1, 0, 1, 0, 1, 0, 1, 0, 1, 0, 1, 1, 0, 0, 0, 0, 1, 0, 0, 1, 1, 0, 1, 1, 1, 1, 1, 0, 1, 1, 1, 1, 1, 1, 1, 0, 1, 1, 0, 1, 1, 1, 0, 1, 1, 0, 1, 1, 1, 1, 1, 0, 0, 1, 1, 1, 0, 0, 0, 1, 1, 1, 0, 0, 1, 1, 0, 1, 0, 0, 1, 1, 1, 1, 0, 0, 1, 0, 0, 1, 1, 0, 1, 1, 1, 0, 1, 1, 0, 1, 1, 0, 1, 1, 1, 0, 1, 0, 1, 1, 1, 1, 0, 0, 1, 1, 0, 0, 0, 1, 0, 0, 1, 1, 1, 1, 1, 1, 0, 1, 0, 1, 0, 0, 0, 1, 0, 1, 1, 0, 1, 1, 1, 1, 1, 1, 0, 1, 0, 0, 0, 1, 1, 1, 0, 1, 1, 0, 0, 0, 0, 0, 1, 0, 0, 0, 0, 1, 0, 0, 0, 0, 0, 1, 0, 0, 1, 1, 1, 0, 1, 1, 1, 1, 0, 1, 1, 0, 0, 1, 1, 0, 1, 0, 1, 0, 0, 1, 0, 1, 0, 0, 0, 1, 1, 1, 0, 1, 0, 1, 0, 0, 1, 0, 0, 1, 1, 1, 1, 1, 0, 1, 0, 1, 1, 0, 0, 1, 1, 1, 0, 1, 1, 0, 0, 0, 0, 1, 1, 1, 1, 1, 0, 1, 1, 0, 0, 1, 1, 1, 0, 0, 0, 1, 1, 1, 0, 1, 0, 1, 1, 1, 1, 1, 1, 0, 1, 1, 0, 1, 1, 1, 1, 0, 1, 0, 1, 0, 1, 0]

BESTGEM=(309, 549, 0.56284153005464477)
LISTGEM=[1, 1, 1, 1, 0, 0, 0, 1, 0, 0, 1, 1, 1, 1, 1, 1, 1, 1, 0, 1, 0, 1, 0, 0, 1, 1, 1, 0, 1, 0, 1, 1, 0, 1, 1, 1, 1, 0, 1, 1, 0, 0, 1, 1, 0, 1, 0, 1, 1, 1, 0, 0, 0, 0, 1, 1, 0, 1, 0, 0, 1, 1, 1, 0, 1, 1, 0, 1, 1, 0, 1, 1, 0, 1, 1, 0, 1, 1, 0, 0, 0, 0, 1, 1, 1, 1, 0, 0, 0, 1, 0, 0, 1, 1, 0, 1, 1, 1, 0, 0, 0, 0, 0, 0, 1, 0, 0, 0, 0, 1, 1, 0, 0, 0, 1, 0, 0, 1, 1, 0, 1, 0, 1, 0, 1, 1, 1, 0, 0, 1, 0, 1, 1, 0, 0, 0, 1, 0, 0, 1, 1, 1, 0, 1, 1, 1, 1, 0, 1, 1, 1, 0, 0, 1, 1, 1, 1, 1, 1, 0, 1, 1, 1, 0, 1, 1, 0, 0, 1, 0, 0, 1, 0, 0, 0, 1, 0, 1, 0, 1, 1, 1, 0, 1, 1, 0, 1, 1, 1, 0, 0, 1, 0, 1, 1, 1, 1, 0, 1, 1, 1, 0, 1, 1, 0, 1, 0, 1, 1, 1, 0, 1, 0, 0, 1, 0, 0, 1, 1, 1, 1, 1, 0, 1, 0, 0, 1, 1, 0, 0, 1, 1, 1, 1, 0, 1, 1, 0, 1, 1, 1, 0, 1, 1, 0, 1, 1, 1, 1, 1, 1, 0, 1, 1, 0, 1, 1, 1, 1, 0, 1, 1, 0, 0, 0, 1, 1, 0, 1, 1, 1, 1, 1, 1, 1, 1, 1, 1, 1, 1, 0, 0, 0, 0, 0, 0, 0, 1, 1, 1, 1, 0, 0, 0, 0, 0, 0, 0, 0, 0, 0, 0, 0, 1, 0, 1, 0, 1, 0, 1, 1, 1, 1, 1, 0, 1, 1, 1, 1, 1, 1, 0, 0, 0, 0, 1, 1, 1, 1, 0, 0, 1, 1, 1, 1, 0, 0, 1, 1, 0, 1, 0, 0, 1, 1, 0, 1, 0, 0, 1, 1, 1, 1, 1, 0, 0, 1, 0, 1, 1, 0, 0, 1, 1, 0, 1, 1, 1, 1, 1, 0, 1, 1, 0, 1, 1, 0, 1, 0, 0, 1, 0, 1, 1, 1, 0, 0, 0, 0, 0, 0, 1, 1, 1, 1, 1, 1, 0, 0, 0, 1, 0, 1, 0, 1, 0, 0, 0, 0, 0, 1, 1, 1, 1, 1, 0, 0, 0, 0, 0, 1, 1, 1, 0, 0, 1, 0, 0, 0, 1, 1, 1, 0, 0, 0, 0, 1, 0, 0, 0, 0, 0, 0, 0, 1, 1, 1, 1, 0, 1, 1, 1, 1, 0, 1, 1, 0, 0, 1, 1, 0, 0, 0, 0, 1, 0, 1, 1, 0, 0, 1, 0, 1, 1, 1, 1, 1, 0, 1, 0, 0, 1, 0, 0, 1, 1, 0, 0, 1, 0, 0, 0, 0, 1, 0, 0, 0, 1, 1, 0, 0, 1, 1, 1, 0, 0, 1, 1, 1, 1, 1, 1, 1, 1, 0, 1, 0, 1, 1, 0, 0, 0, 0, 1, 1, 1, 1, 0, 1, 1, 1, 1, 1, 1, 0, 1, 1, 0, 0, 1, 1, 1, 0, 0, 0, 1, 1, 1, 0]

