# shuffled stratified split (indices referring to UCR database)
TESTINDEX=[ 67 198  18 129  36  15 136 133  50 155 102  54 182  97 165 111 174 163
 154 187  99 151  35 140  88  81 114  72 190  17 168  49  34 131  96 139
  25 178 101 141 173 124 186  75  55 145   1 148  87  91 118  60  39 162
 110  71  14 180  94  42  46   5  37 104 116  65  80 197 137 103 143 117
  12   9 106  31 105  44 150 100 161 179  64  74  13 159 132 183 149  38
 185  21  95 112  57  29 134  93  90  78]
TRAININDEX=[119  52  70 108  92 126 158 121  40  41 152  83   2  86  53 170   3 128
  58  66  32 164 194  84  19  23 166 120 191  62 142   6  43 195  61  45
  11 171  24  98 146 196 177 144   8 127  68 153  82 172  79  16   7 147
 122  51  10  73  30 160 188 107  48 176 123 157 115  47  63 193 125 184
  69  26  33  20  56 130 156 169 175 181 138  89  85   4  27 167  28 113
 135  76  59  22   0 109 192  77 189]

# learned parameters for cdtw and gem
# dtw ((error, size, error/size), (window, sqr))
# gem ((error, size, error/size), (St0, St1, E, sym, sqr))
BESTLEARNCONSDTW=((11, 99, 0.1111111111111111), (0.040000000000000001, True))
LISTLEARNCONSDTW=[((11, 99, 0.1111111111111111), (0.029999999999999999, True)), ((11, 99, 0.1111111111111111), (0.040000000000000001, True)), ((12, 99, 0.12121212121212122), (0.02, True)), ((12, 99, 0.12121212121212122), (0.050000000000000003, True)), ((12, 99, 0.12121212121212122), (0.10000000000000001, True)), ((12, 99, 0.12121212121212122), (0.11, True)), ((12, 99, 0.12121212121212122), (0.12, True)), ((12, 99, 0.12121212121212122), (0.13, True)), ((12, 99, 0.12121212121212122), (0.14000000000000001, True)), ((12, 99, 0.12121212121212122), (0.14999999999999999, True)), ((12, 99, 0.12121212121212122), (0.16, True)), ((12, 99, 0.12121212121212122), (0.17000000000000001, True)), ((12, 99, 0.12121212121212122), (0.17999999999999999, True)), ((12, 99, 0.12121212121212122), (0.19, True)), ((12, 99, 0.12121212121212122), (0.20000000000000001, True)), ((13, 99, 0.13131313131313133), (0.01, True)), ((13, 99, 0.13131313131313133), (0.059999999999999998, True)), ((14, 99, 0.1414141414141414), (0.070000000000000007, True)), ((15, 99, 0.15151515151515152), (0.0, True)), ((15, 99, 0.15151515151515152), (0.080000000000000002, True)), ((16, 99, 0.16161616161616163), (0.089999999999999997, True))]

BESTLEARNGEM=((10, 99, 0.10101010101010101), (2, 2, 0.25, True, True))
LISTLEARNGEM=[((10, 99, 0.10101010101010101), (2, 2, 0.25, True, True)), ((11, 99, 0.1111111111111111), (1, 1, 0.125, True, True)), ((11, 99, 0.1111111111111111), (1, 2, 0.125, True, True)), ((12, 99, 0.12121212121212122), (1, 1, 0.25, True, True)), ((12, 99, 0.12121212121212122), (1, 2, 0.25, True, True)), ((12, 99, 0.12121212121212122), (2, 2, 0.125, True, True)), ((13, 99, 0.13131313131313133), (1, 1, 0.0625, True, True)), ((13, 99, 0.13131313131313133), (1, 1, 0.5, True, True)), ((13, 99, 0.13131313131313133), (1, 2, 0.0625, True, True)), ((13, 99, 0.13131313131313133), (1, 2, 0.5, True, True)), ((15, 99, 0.15151515151515152), (2, 1, 0.125, True, True)), ((15, 99, 0.15151515151515152), (2, 2, 0.5, True, True)), ((16, 99, 0.16161616161616163), (1, 1, 0.00390625, True, True)), ((16, 99, 0.16161616161616163), (1, 1, 0.0078125, True, True)), ((16, 99, 0.16161616161616163), (1, 1, 0.03125, True, True)), ((16, 99, 0.16161616161616163), (1, 2, 0.00390625, True, True)), ((16, 99, 0.16161616161616163), (1, 2, 0.0078125, True, True)), ((16, 99, 0.16161616161616163), (1, 2, 0.03125, True, True)), ((17, 99, 0.1717171717171717), (1, 1, 0, True, True)), ((17, 99, 0.1717171717171717), (1, 2, 0, True, True)), ((17, 99, 0.1717171717171717), (2, 2, 0.0625, True, True)), ((18, 99, 0.18181818181818182), (1, 1, 0.015625, True, True)), ((18, 99, 0.18181818181818182), (1, 2, 0.015625, True, True)), ((18, 99, 0.18181818181818182), (2, 1, 0.0625, True, True)), ((20, 99, 0.20202020202020202), (2, 1, 0.25, True, True)), ((21, 99, 0.21212121212121213), (2, 2, 0.00390625, True, True)), ((21, 99, 0.21212121212121213), (2, 2, 0.03125, True, True)), ((22, 99, 0.2222222222222222), (2, 2, 0, True, True)), ((22, 99, 0.2222222222222222), (2, 2, 0.015625, True, True)), ((23, 99, 0.23232323232323232), (2, 1, 0.03125, True, True)), ((23, 99, 0.23232323232323232), (2, 2, 0.0078125, True, True)), ((25, 99, 0.25252525252525254), (2, 1, 0.5, True, True)), ((27, 99, 0.2727272727272727), (2, 1, 0.015625, True, True)), ((31, 99, 0.31313131313131315), (2, 1, 0.00390625, True, True)), ((31, 99, 0.31313131313131315), (2, 1, 0.0078125, True, True)), ((34, 99, 0.3434343434343434), (2, 1, 0, True, True))]


# error rates for different distance measures
# (error, size, error/size) and binary mask
BESTLP=(9, 100, 0.09)
LISTLP=[0, 0, 0, 0, 0, 0, 0, 0, 0, 0, 0, 0, 0, 0, 1, 0, 0, 0, 0, 0, 0, 1, 0, 1, 0, 0, 0, 0, 0, 0, 0, 0, 0, 0, 0, 0, 0, 0, 0, 1, 0, 0, 0, 1, 1, 0, 0, 0, 0, 0, 1, 0, 0, 0, 0, 0, 0, 0, 0, 0, 0, 0, 0, 0, 0, 1, 0, 0, 0, 0, 0, 0, 1, 0, 0, 0, 0, 0, 0, 0, 0, 0, 0, 0, 0, 0, 0, 0, 0, 0, 0, 0, 0, 0, 0, 0, 0, 0, 0, 0]

BESTFULLDTW=(19, 100, 0.19)
LISTFULLDTW=[0, 0, 1, 0, 0, 1, 0, 0, 0, 0, 0, 1, 0, 0, 1, 1, 0, 0, 0, 0, 1, 0, 1, 1, 0, 0, 0, 0, 1, 0, 0, 0, 0, 0, 0, 0, 0, 0, 0, 1, 0, 0, 0, 1, 1, 0, 0, 0, 0, 1, 0, 1, 1, 0, 0, 0, 0, 0, 0, 0, 0, 0, 0, 0, 0, 0, 0, 1, 0, 0, 0, 0, 0, 0, 1, 0, 0, 0, 0, 0, 0, 1, 0, 0, 0, 0, 0, 0, 1, 0, 0, 0, 0, 0, 0, 0, 0, 0, 0, 0]

BESTCONSDTW=(9, 100, 0.09)
LISTCONSDTW=[0, 0, 0, 0, 0, 1, 0, 0, 0, 0, 0, 1, 0, 0, 1, 0, 0, 0, 0, 0, 0, 0, 0, 0, 0, 0, 0, 0, 0, 0, 0, 0, 0, 0, 0, 0, 0, 0, 0, 1, 0, 0, 1, 0, 1, 0, 0, 0, 0, 0, 0, 0, 1, 0, 0, 0, 0, 0, 0, 0, 0, 0, 0, 0, 0, 0, 0, 1, 0, 0, 0, 0, 0, 0, 0, 0, 0, 0, 0, 0, 0, 1, 0, 0, 0, 0, 0, 0, 0, 0, 0, 0, 0, 0, 0, 0, 0, 0, 0, 0]

BESTGEM=(20, 100, 0.2)
LISTGEM=[0, 0, 0, 0, 0, 1, 0, 0, 0, 0, 0, 1, 0, 0, 0, 1, 0, 0, 0, 0, 0, 0, 1, 1, 0, 0, 0, 0, 0, 0, 1, 0, 0, 0, 0, 0, 0, 0, 0, 1, 0, 0, 0, 1, 1, 0, 0, 0, 0, 0, 0, 0, 0, 0, 0, 0, 1, 0, 1, 1, 0, 0, 0, 1, 0, 0, 0, 1, 0, 0, 0, 0, 0, 0, 0, 0, 0, 0, 0, 0, 0, 1, 0, 0, 1, 0, 0, 0, 1, 0, 1, 1, 0, 0, 1, 0, 0, 0, 0, 0]

