# shuffled stratified split (indices referring to UCR database)
TESTINDEX=[  8 181 159 204 284  88  55  62  18 316 259  46 286 246 104 256 309   5
 173  71 140 148  58 131 105 185 320 290  60 137 145 267 315  53  72  21
  23 122 220  74 136 261 118 205  48 198 321 155  57 134  78 187 221 269
 249 130 143 120 287 212 231 172 117 218 209 279  12 268 114 190 265  86
  45  94 270  28 239 307 176 135 317   3  36  84 277  25 273 300  90 275
 266 304 167 245 282 108  26  99  76 132 264  51 100  59 124 292 274 215
  33 189 311   1  47 175 184 251 168  87  70  17 102 107  41   7 236 153
 141 257 247 298 200 313 199 258 157 151 318 121  40 194 162 127 272 174
 201 161 234  68 139 253  39  82  93 241 223  32  81 180  14  77 138  49
  24 283   0  98  79  95 133 147 163  91 111 276 233 182 193  63  43 129
 301  38 250  50 128 171 226 196 170  15 235 252 197 222 183  16 206  96
 306 224 293 112 211 319 230 152 260 142  54 228 103 186 281 178 210 285
  56  65  80 156 115 160  27 126  97 232 166 154 254 125  92  73  13 255
 207 244  61 237 296 203 297 288 271  85   4  66 219  29 169 217 312 110
 150 188 202  37 213 229 179  19 305 262   2  10 303  44 291 227 310  22
 177 214 238  64 191 158  52 101 146 314  34 123   6 195 208 164 109  31
 248 119  75 225  35 165  67  11 216  83 278 113 299 295 116 289 144]
TRAININDEX=[280 302  69  30  89 240 294 192 106  42   9 243 263 308  20 242 149]

# learned parameters for cdtw and gem
# dtw ((error, size, error/size), (window, sqr))
# gem ((error, size, error/size), (St0, St1, E, sym, sqr))
BESTLEARNCONSDTW=((1, 17, 0.058823529411764705), (0.10000000000000001, True))
LISTLEARNCONSDTW=[((1, 17, 0.058823529411764705), (0.0, True)), ((1, 17, 0.058823529411764705), (0.01, True)), ((1, 17, 0.058823529411764705), (0.02, True)), ((1, 17, 0.058823529411764705), (0.029999999999999999, True)), ((1, 17, 0.058823529411764705), (0.040000000000000001, True)), ((1, 17, 0.058823529411764705), (0.050000000000000003, True)), ((1, 17, 0.058823529411764705), (0.059999999999999998, True)), ((1, 17, 0.058823529411764705), (0.070000000000000007, True)), ((1, 17, 0.058823529411764705), (0.080000000000000002, True)), ((1, 17, 0.058823529411764705), (0.089999999999999997, True)), ((1, 17, 0.058823529411764705), (0.10000000000000001, True)), ((1, 17, 0.058823529411764705), (0.11, True)), ((1, 17, 0.058823529411764705), (0.12, True)), ((1, 17, 0.058823529411764705), (0.13, True)), ((1, 17, 0.058823529411764705), (0.14000000000000001, True)), ((1, 17, 0.058823529411764705), (0.14999999999999999, True)), ((1, 17, 0.058823529411764705), (0.16, True)), ((1, 17, 0.058823529411764705), (0.17000000000000001, True)), ((1, 17, 0.058823529411764705), (0.17999999999999999, True)), ((1, 17, 0.058823529411764705), (0.19, True)), ((1, 17, 0.058823529411764705), (0.20000000000000001, True))]

BESTLEARNGEM=((1, 17, 0.058823529411764705), (1, 1, 0.0625, True, True))
LISTLEARNGEM=[((1, 17, 0.058823529411764705), (1, 1, 0, True, True)), ((1, 17, 0.058823529411764705), (1, 1, 0.00390625, True, True)), ((1, 17, 0.058823529411764705), (1, 1, 0.0078125, True, True)), ((1, 17, 0.058823529411764705), (1, 1, 0.015625, True, True)), ((1, 17, 0.058823529411764705), (1, 1, 0.03125, True, True)), ((1, 17, 0.058823529411764705), (1, 1, 0.0625, True, True)), ((1, 17, 0.058823529411764705), (1, 1, 0.125, True, True)), ((1, 17, 0.058823529411764705), (1, 1, 0.25, True, True)), ((1, 17, 0.058823529411764705), (1, 1, 0.5, True, True)), ((1, 17, 0.058823529411764705), (1, 2, 0, True, True)), ((1, 17, 0.058823529411764705), (1, 2, 0.00390625, True, True)), ((1, 17, 0.058823529411764705), (1, 2, 0.0078125, True, True)), ((1, 17, 0.058823529411764705), (1, 2, 0.015625, True, True)), ((1, 17, 0.058823529411764705), (1, 2, 0.03125, True, True)), ((1, 17, 0.058823529411764705), (1, 2, 0.0625, True, True)), ((1, 17, 0.058823529411764705), (1, 2, 0.125, True, True)), ((1, 17, 0.058823529411764705), (1, 2, 0.25, True, True)), ((1, 17, 0.058823529411764705), (1, 2, 0.5, True, True)), ((1, 17, 0.058823529411764705), (2, 1, 0, True, True)), ((1, 17, 0.058823529411764705), (2, 1, 0.00390625, True, True)), ((1, 17, 0.058823529411764705), (2, 1, 0.0078125, True, True)), ((1, 17, 0.058823529411764705), (2, 1, 0.015625, True, True)), ((1, 17, 0.058823529411764705), (2, 1, 0.03125, True, True)), ((1, 17, 0.058823529411764705), (2, 1, 0.0625, True, True)), ((1, 17, 0.058823529411764705), (2, 1, 0.125, True, True)), ((1, 17, 0.058823529411764705), (2, 1, 0.25, True, True)), ((1, 17, 0.058823529411764705), (2, 1, 0.5, True, True)), ((1, 17, 0.058823529411764705), (2, 2, 0.0625, True, True)), ((1, 17, 0.058823529411764705), (2, 2, 0.125, True, True)), ((1, 17, 0.058823529411764705), (2, 2, 0.25, True, True)), ((1, 17, 0.058823529411764705), (2, 2, 0.5, True, True)), ((2, 17, 0.11764705882352941), (2, 2, 0.015625, True, True)), ((3, 17, 0.17647058823529413), (2, 2, 0.00390625, True, True)), ((3, 17, 0.17647058823529413), (2, 2, 0.0078125, True, True)), ((4, 17, 0.23529411764705882), (2, 2, 0.03125, True, True)), ((5, 17, 0.29411764705882354), (2, 2, 0, True, True))]


# error rates for different distance measures
# (error, size, error/size) and binary mask
BESTLP=(9, 305, 0.029508196721311476)
LISTLP=[0, 0, 0, 0, 0, 0, 0, 0, 0, 0, 0, 0, 0, 0, 0, 0, 0, 0, 0, 0, 0, 0, 0, 0, 0, 0, 0, 0, 0, 1, 0, 1, 0, 0, 0, 1, 0, 0, 0, 0, 0, 0, 0, 0, 0, 0, 0, 0, 0, 0, 0, 0, 0, 0, 0, 0, 0, 0, 0, 0, 0, 0, 0, 0, 0, 0, 0, 0, 0, 0, 0, 0, 0, 0, 0, 0, 0, 0, 0, 1, 0, 0, 0, 0, 0, 0, 1, 0, 0, 0, 0, 0, 0, 0, 0, 0, 0, 0, 0, 0, 0, 0, 0, 0, 0, 0, 0, 0, 0, 0, 0, 0, 0, 0, 0, 0, 0, 0, 0, 0, 0, 0, 0, 0, 0, 0, 0, 0, 0, 0, 0, 0, 0, 0, 0, 0, 0, 0, 0, 0, 0, 0, 0, 0, 0, 0, 0, 0, 0, 0, 0, 0, 0, 0, 0, 0, 0, 0, 0, 0, 0, 0, 0, 0, 0, 0, 0, 0, 0, 0, 0, 0, 0, 0, 0, 0, 0, 0, 0, 0, 0, 0, 0, 0, 0, 0, 0, 0, 0, 0, 0, 0, 0, 0, 0, 0, 0, 0, 0, 0, 0, 0, 0, 0, 0, 0, 0, 0, 0, 0, 0, 1, 0, 0, 1, 0, 0, 0, 0, 0, 0, 0, 0, 0, 0, 0, 0, 0, 0, 0, 0, 0, 0, 0, 0, 0, 0, 0, 0, 0, 0, 0, 0, 0, 0, 0, 0, 0, 0, 0, 0, 0, 0, 0, 0, 0, 0, 0, 0, 0, 0, 0, 0, 0, 0, 0, 0, 0, 0, 0, 0, 0, 0, 0, 0, 0, 0, 0, 0, 0, 0, 0, 0, 0, 0, 0, 0, 1, 0, 0, 0, 0, 0, 0, 0, 0, 1, 0, 0, 0, 0, 0, 0, 0, 0]

BESTFULLDTW=(15, 305, 0.04918032786885246)
LISTFULLDTW=[0, 0, 0, 0, 0, 0, 0, 0, 0, 0, 0, 0, 0, 0, 0, 0, 0, 0, 0, 0, 0, 0, 0, 0, 0, 0, 0, 0, 0, 1, 0, 1, 0, 0, 0, 0, 0, 0, 0, 0, 0, 0, 0, 0, 0, 0, 0, 0, 0, 0, 0, 0, 0, 0, 0, 0, 0, 0, 0, 0, 0, 1, 0, 0, 0, 0, 0, 0, 0, 0, 0, 0, 0, 0, 0, 0, 0, 0, 0, 1, 0, 0, 0, 0, 0, 0, 1, 0, 0, 0, 0, 0, 0, 0, 0, 0, 0, 0, 0, 0, 0, 0, 0, 0, 0, 0, 0, 0, 0, 0, 0, 0, 0, 0, 0, 0, 0, 0, 0, 0, 0, 1, 0, 0, 0, 1, 0, 0, 0, 0, 0, 0, 0, 0, 0, 0, 0, 0, 0, 0, 0, 0, 1, 0, 0, 0, 0, 0, 0, 0, 0, 0, 0, 0, 0, 1, 0, 0, 0, 0, 0, 0, 0, 0, 1, 0, 0, 0, 0, 0, 0, 0, 0, 0, 0, 0, 1, 0, 0, 0, 0, 0, 0, 0, 0, 0, 0, 0, 0, 0, 0, 0, 0, 0, 0, 0, 0, 1, 0, 0, 0, 0, 0, 0, 0, 0, 0, 0, 0, 0, 0, 0, 0, 0, 0, 0, 0, 0, 0, 0, 0, 0, 0, 0, 0, 0, 0, 0, 0, 0, 0, 0, 0, 0, 0, 0, 0, 0, 0, 0, 0, 0, 0, 0, 0, 0, 0, 0, 0, 0, 0, 0, 0, 0, 0, 0, 0, 0, 0, 1, 0, 0, 0, 0, 0, 0, 0, 0, 0, 0, 0, 0, 0, 0, 0, 0, 0, 0, 0, 0, 0, 0, 0, 0, 0, 0, 0, 0, 0, 0, 0, 0, 0, 0, 0, 1, 1, 0, 0, 0, 0, 0, 0, 0, 0]

BESTCONSDTW=(16, 305, 0.05245901639344262)
LISTCONSDTW=[0, 0, 0, 0, 0, 0, 0, 0, 0, 0, 0, 0, 0, 0, 0, 0, 0, 0, 0, 0, 0, 0, 0, 0, 0, 0, 0, 0, 0, 1, 0, 1, 0, 0, 0, 0, 0, 0, 0, 0, 0, 0, 0, 0, 0, 0, 0, 0, 0, 0, 0, 0, 0, 0, 0, 0, 0, 0, 0, 0, 0, 1, 0, 0, 0, 0, 0, 0, 0, 0, 0, 0, 0, 0, 0, 0, 0, 0, 0, 1, 0, 0, 0, 0, 0, 0, 1, 0, 0, 0, 0, 0, 0, 0, 0, 0, 0, 0, 0, 0, 0, 0, 0, 0, 0, 0, 0, 0, 0, 0, 0, 0, 0, 0, 0, 0, 0, 0, 0, 0, 0, 1, 0, 0, 0, 1, 0, 0, 0, 0, 0, 0, 0, 0, 0, 0, 0, 0, 0, 0, 0, 0, 1, 0, 0, 0, 0, 0, 0, 0, 0, 0, 0, 0, 0, 1, 0, 0, 0, 0, 0, 0, 0, 0, 1, 0, 0, 0, 0, 0, 0, 0, 0, 0, 0, 0, 1, 0, 0, 0, 0, 0, 0, 0, 0, 0, 0, 0, 0, 0, 0, 0, 0, 0, 0, 0, 0, 1, 0, 0, 0, 0, 0, 0, 0, 0, 0, 0, 0, 0, 0, 0, 0, 0, 0, 0, 0, 0, 0, 0, 0, 0, 0, 0, 0, 0, 0, 0, 0, 0, 0, 0, 0, 0, 0, 0, 0, 0, 0, 0, 0, 0, 0, 0, 0, 0, 0, 0, 0, 0, 0, 0, 0, 0, 0, 0, 0, 0, 0, 1, 0, 0, 0, 0, 0, 0, 0, 0, 0, 0, 0, 0, 0, 0, 0, 0, 0, 0, 0, 0, 0, 0, 0, 0, 0, 0, 0, 1, 0, 0, 0, 0, 0, 0, 0, 1, 1, 0, 0, 0, 0, 0, 0, 0, 0]

BESTGEM=(6, 305, 0.019672131147540985)
LISTGEM=[0, 0, 0, 0, 0, 0, 0, 0, 0, 0, 0, 0, 0, 0, 0, 0, 0, 0, 0, 0, 0, 0, 0, 0, 0, 0, 0, 0, 0, 1, 0, 1, 0, 0, 0, 1, 0, 0, 0, 0, 0, 0, 0, 0, 0, 0, 0, 0, 0, 0, 0, 0, 0, 0, 0, 0, 0, 0, 0, 0, 0, 0, 0, 0, 0, 0, 0, 0, 0, 0, 0, 0, 0, 0, 0, 0, 0, 0, 0, 0, 0, 0, 0, 0, 0, 0, 1, 0, 0, 0, 0, 0, 0, 0, 0, 0, 0, 0, 0, 0, 0, 0, 0, 0, 0, 0, 0, 0, 0, 0, 0, 0, 0, 0, 0, 0, 0, 0, 0, 0, 0, 0, 0, 0, 0, 0, 0, 0, 0, 0, 0, 0, 0, 0, 0, 0, 0, 0, 0, 0, 0, 0, 0, 0, 0, 0, 0, 0, 0, 0, 0, 0, 0, 0, 0, 0, 0, 0, 0, 0, 0, 0, 0, 0, 0, 0, 0, 0, 0, 0, 0, 0, 0, 0, 0, 0, 0, 0, 0, 0, 0, 0, 0, 0, 0, 0, 0, 0, 0, 0, 0, 0, 0, 0, 0, 0, 0, 0, 0, 0, 0, 0, 0, 0, 0, 0, 0, 0, 0, 0, 0, 0, 0, 0, 1, 0, 0, 0, 0, 0, 0, 0, 0, 0, 0, 0, 0, 0, 0, 0, 0, 0, 0, 0, 0, 0, 0, 0, 0, 0, 0, 0, 0, 0, 0, 0, 0, 0, 0, 0, 0, 0, 0, 0, 0, 0, 0, 0, 0, 0, 0, 0, 0, 0, 0, 0, 0, 0, 0, 0, 0, 0, 0, 0, 0, 0, 0, 0, 0, 0, 0, 0, 0, 0, 0, 0, 0, 1, 0, 0, 0, 0, 0, 0, 0, 0, 0, 0, 0, 0, 0, 0, 0, 0, 0]

