# shuffled stratified split (indices referring to UCR database)
TESTINDEX=[541  93 357 407 525 510 401 496  61 346 359 309 333 771 442 340 133  10
 103 337 295 579 270 173 534 391 176 647 371 709 141 219 249 706 464 115
 680 697 584 144 469 622 710 362 516 358 436 731 412 766 489 299 600 571
 404 502  17 693 375 178 288 473  87 324   0  68 727 241 182 289 520 325
 101 300 528  73 684 670 387 255 379 689 527 348 610 552 225  54 485 586
 648 136 644 131 665 365 227 624 739 553 559  71 290 297 298 694 607 613
 164 287 674 278  56 542 326 676 240 179 503 686 128 378 197 455 578  83
  90 315 460 667 384  88  18 370 350 642 623 243 650 151 134 121 444 419
 157 282  38 641 429 453 702 201 439 601 558 583 327 536 343 277 281 692
  22 235 311 353 567 723 102 763 512  77 561 190 116 701 603 301   9 614
 535 654 237 687 700 735 440 540 329  86  36  47 392 620 463  25 666 395
 161 258 526 308 722 500 495  89 253  63 112 129 430 433 761 111 366 626
 497 303 427 705 621 634 405   7 248 117 627 148 246 712 193 314 769 195
 229  32 581  48 127 472  13 423 746 556 409 130 625 154 106 189 768 631
 437 678 126 431  55 523 606 245 671 426 194 191 683 187  85 356   3 286
 612 660 459 313 349 310 617 158 629  96 461 345  33 483 549 721   2 662
 651 508  21 645 506 109 236 718 611 257 328  62  99  39 467 206 234 569
 511 221 394 576 363 507 754 305 587 420 580 756 720 716 726 493 273 284
 691 312 424 332 522 714 505  11 608 272 747 724 449 616 547 376 254 638
 729 380 744 364 230 737 318  30 223 663 599 630 330  19 150 220 675 400
 386 341 681 451 143 574 707 745 592 695 750 565 719 636 108  34 538 518
 481 166 628  81 438  44]
TRAININDEX=[ 92  16 261   4 186 260 757 276 486 293 659  75 153  23   8  57 653 218
 597 361 336  27  35   1 390 170 367 160 732 132 474 259 139 682 668 657
 593 146 418 445 181 369 373 228 262 434 537 135 184   6 545 162  40 118
 513 640 266 669 462 604 448 704 749 406 283  43   5 113 360  58 355 566
 185 478 334 323 167 180 504 519 550 488  67 216 533 410 342  64  65 677
 285 740 447 385 233 212 655 457 454 244 501 543 163  78 589  15 196  49
 443 456 690 482 477  95  45 619  29 575  26 292 382  24 338 403 598 351
  42  82 605 725 738 183 122 515 275 560 480 487 226 172 335 149 214 699
  37 213 205 224 765 393 637 517 764  69 269  74 120  79 672 422 416 374
 775 339 156 204  98 100 411 734 524 304 609 751 760 209 711 465 222 110
 428 698 539  51 389  46  20 140 759 421 494 302 217 762 171 104 646 381
 138 200 247 602 703 347  84 741 435 152 685 679 618  53 159 498  59 239
 458 215 203 715 352 256 408 555  50 591 175 661 145 585 649 242 207 114
 476 479 551  76 294 399 548 398 354 554 211 466 441 468  12 475  41 168
 274 577 251  66 450 529 696 210  60 615 125 491 742 279 470 368 471 570
 568 250 414 499  31 372 563  94 521 743 557 514  52 688 572 532 652 772
 388 321 383 713 564 123 264 562  80 632 590 208 509 137 396 717 377 320
 643 188 169 753 124 673 165 446 633 531 252 232 432 639 492 656 417 664
 331 317  72 265 142 291 544 573 296  91 267 322 238 202 316 192 119  97
 306 344 174 402 199 596 147 546 177 588 413 231 595 484 271 490 397 733
 425 594 105 452 736 319 268 307 530 728  14 263 280 752 708 198 635 155
  28 582 107  70 415 658]

# learned parameters for cdtw and gem
# dtw ((error, size, error/size), (window, sqr))
# gem ((error, size, error/size), (St0, St1, E, sym, sqr))
BESTLEARNCONSDTW=((71, 384, 0.18489583333333334), (0.059999999999999998, True))
LISTLEARNCONSDTW=[((71, 384, 0.18489583333333334), (0.050000000000000003, True)), ((71, 384, 0.18489583333333334), (0.059999999999999998, True)), ((73, 384, 0.19010416666666666), (0.20000000000000001, True)), ((75, 384, 0.1953125), (0.11, True)), ((75, 384, 0.1953125), (0.12, True)), ((75, 384, 0.1953125), (0.13, True)), ((75, 384, 0.1953125), (0.14999999999999999, True)), ((76, 384, 0.19791666666666666), (0.070000000000000007, True)), ((76, 384, 0.19791666666666666), (0.14000000000000001, True)), ((76, 384, 0.19791666666666666), (0.16, True)), ((76, 384, 0.19791666666666666), (0.17999999999999999, True)), ((76, 384, 0.19791666666666666), (0.19, True)), ((77, 384, 0.20052083333333334), (0.040000000000000001, True)), ((77, 384, 0.20052083333333334), (0.17000000000000001, True)), ((78, 384, 0.203125), (0.10000000000000001, True)), ((80, 384, 0.20833333333333334), (0.080000000000000002, True)), ((80, 384, 0.20833333333333334), (0.089999999999999997, True)), ((87, 384, 0.2265625), (0.029999999999999999, True)), ((102, 384, 0.265625), (0.02, True)), ((121, 384, 0.31510416666666669), (0.01, True)), ((160, 384, 0.41666666666666669), (0.0, True))]

BESTLEARNGEM=((82, 384, 0.21354166666666666), (2, 2, 0.0625, True, True))
LISTLEARNGEM=[((82, 384, 0.21354166666666666), (2, 2, 0.0625, True, True)), ((83, 384, 0.21614583333333334), (2, 2, 0.03125, True, True)), ((98, 384, 0.25520833333333331), (2, 2, 0.015625, True, True)), ((102, 384, 0.265625), (2, 2, 0.125, True, True)), ((106, 384, 0.27604166666666669), (2, 2, 0.0078125, True, True)), ((107, 384, 0.27864583333333331), (2, 2, 0.00390625, True, True)), ((109, 384, 0.28385416666666669), (2, 2, 0, True, True)), ((132, 384, 0.34375), (2, 2, 0.25, True, True)), ((151, 384, 0.39322916666666669), (2, 1, 0.0625, True, True)), ((158, 384, 0.41145833333333331), (2, 1, 0.03125, True, True)), ((169, 384, 0.44010416666666669), (2, 1, 0.015625, True, True)), ((171, 384, 0.4453125), (2, 2, 0.5, True, True)), ((175, 384, 0.45572916666666669), (2, 1, 0.125, True, True)), ((180, 384, 0.46875), (1, 1, 0.015625, True, True)), ((180, 384, 0.46875), (1, 2, 0.015625, True, True)), ((182, 384, 0.47395833333333331), (2, 1, 0.0078125, True, True)), ((184, 384, 0.47916666666666669), (1, 1, 0.03125, True, True)), ((184, 384, 0.47916666666666669), (1, 1, 0.0625, True, True)), ((184, 384, 0.47916666666666669), (1, 2, 0.03125, True, True)), ((184, 384, 0.47916666666666669), (1, 2, 0.0625, True, True)), ((186, 384, 0.484375), (1, 1, 0.0078125, True, True)), ((186, 384, 0.484375), (1, 2, 0.0078125, True, True)), ((187, 384, 0.48697916666666669), (1, 1, 0.00390625, True, True)), ((187, 384, 0.48697916666666669), (1, 2, 0.00390625, True, True)), ((195, 384, 0.5078125), (2, 1, 0.00390625, True, True)), ((197, 384, 0.51302083333333337), (1, 1, 0, True, True)), ((197, 384, 0.51302083333333337), (1, 2, 0, True, True)), ((197, 384, 0.51302083333333337), (2, 1, 0, True, True)), ((211, 384, 0.54947916666666663), (1, 1, 0.125, True, True)), ((211, 384, 0.54947916666666663), (1, 2, 0.125, True, True)), ((219, 384, 0.5703125), (2, 1, 0.25, True, True)), ((242, 384, 0.63020833333333337), (1, 1, 0.25, True, True)), ((242, 384, 0.63020833333333337), (1, 2, 0.25, True, True)), ((257, 384, 0.66927083333333337), (2, 1, 0.5, True, True)), ((278, 384, 0.72395833333333337), (1, 1, 0.5, True, True)), ((278, 384, 0.72395833333333337), (1, 2, 0.5, True, True))]


# error rates for different distance measures
# (error, size, error/size) and binary mask
BESTLP=(158, 384, 0.41145833333333331)
LISTLP=[1, 0, 1, 1, 0, 0, 0, 0, 1, 1, 1, 1, 0, 0, 0, 0, 0, 1, 1, 0, 0, 1, 1, 0, 1, 0, 0, 0, 0, 1, 0, 1, 0, 1, 1, 0, 1, 0, 1, 0, 0, 1, 0, 0, 1, 0, 0, 0, 1, 0, 1, 0, 1, 1, 0, 0, 0, 1, 0, 1, 0, 1, 1, 0, 0, 0, 0, 1, 1, 0, 0, 0, 1, 0, 0, 0, 1, 0, 0, 1, 0, 0, 0, 1, 0, 0, 0, 1, 0, 0, 0, 0, 0, 1, 0, 0, 0, 1, 0, 0, 0, 0, 0, 0, 0, 0, 0, 1, 0, 0, 1, 1, 0, 0, 0, 0, 1, 0, 0, 0, 0, 1, 0, 1, 0, 0, 1, 0, 0, 0, 0, 1, 1, 0, 0, 1, 1, 1, 0, 1, 0, 1, 0, 0, 1, 1, 0, 0, 1, 1, 1, 1, 0, 0, 1, 1, 0, 1, 0, 0, 0, 0, 0, 0, 0, 0, 1, 0, 0, 0, 0, 0, 1, 0, 0, 1, 1, 1, 0, 0, 1, 1, 0, 0, 1, 1, 0, 1, 0, 0, 1, 1, 0, 1, 0, 0, 1, 0, 0, 0, 0, 1, 0, 0, 1, 0, 0, 1, 1, 1, 1, 0, 0, 1, 0, 0, 0, 1, 0, 0, 1, 0, 0, 1, 1, 0, 1, 1, 0, 1, 1, 0, 0, 0, 0, 1, 1, 1, 0, 0, 0, 0, 0, 1, 1, 0, 0, 0, 0, 0, 0, 1, 1, 0, 1, 0, 0, 0, 0, 0, 0, 0, 1, 1, 1, 0, 0, 1, 1, 1, 0, 1, 0, 0, 1, 0, 0, 0, 1, 1, 0, 1, 1, 1, 0, 0, 0, 0, 0, 1, 1, 0, 1, 0, 1, 0, 0, 0, 0, 1, 1, 1, 1, 0, 1, 0, 0, 1, 0, 0, 1, 1, 0, 1, 0, 0, 1, 1, 0, 1, 0, 0, 1, 1, 0, 0, 0, 0, 1, 0, 1, 0, 0, 1, 1, 1, 0, 0, 0, 1, 0, 0, 0, 0, 1, 1, 0, 0, 1, 1, 1, 1, 0, 1, 0, 1, 0, 1, 1, 0, 1, 0, 1, 0, 0, 1, 1, 1, 1, 0, 1, 1, 1, 0, 1, 1, 0, 1, 0, 0, 1, 1, 0, 0]

BESTFULLDTW=(72, 384, 0.1875)
LISTFULLDTW=[0, 0, 1, 0, 0, 0, 0, 0, 0, 0, 1, 0, 0, 0, 0, 0, 0, 0, 0, 0, 0, 0, 0, 0, 0, 0, 0, 0, 0, 0, 0, 0, 0, 1, 1, 0, 1, 0, 1, 0, 0, 0, 0, 0, 0, 0, 1, 0, 0, 0, 1, 0, 0, 0, 0, 0, 0, 1, 0, 0, 0, 1, 1, 0, 0, 0, 0, 0, 0, 0, 0, 0, 0, 0, 0, 0, 0, 1, 0, 1, 0, 0, 0, 0, 0, 0, 0, 0, 0, 0, 0, 1, 0, 0, 0, 0, 0, 0, 0, 0, 0, 1, 0, 0, 0, 0, 0, 1, 0, 0, 0, 1, 0, 1, 0, 0, 0, 1, 0, 0, 0, 0, 0, 0, 1, 0, 0, 0, 0, 0, 0, 1, 0, 0, 0, 0, 0, 0, 0, 0, 0, 0, 0, 0, 1, 0, 0, 0, 0, 0, 1, 1, 1, 0, 0, 0, 0, 1, 0, 0, 0, 1, 0, 0, 0, 0, 1, 0, 0, 0, 0, 0, 0, 0, 0, 1, 0, 0, 1, 0, 0, 0, 0, 0, 0, 1, 0, 1, 0, 0, 0, 1, 1, 1, 0, 0, 1, 0, 0, 0, 0, 0, 0, 1, 1, 0, 0, 0, 0, 1, 1, 0, 0, 1, 0, 0, 0, 0, 0, 0, 0, 0, 0, 1, 0, 0, 0, 1, 0, 0, 0, 0, 0, 0, 0, 0, 1, 0, 0, 0, 0, 0, 0, 1, 0, 0, 0, 0, 0, 0, 0, 1, 0, 0, 0, 0, 0, 0, 1, 0, 0, 0, 0, 1, 1, 0, 0, 0, 1, 0, 0, 1, 0, 0, 0, 0, 0, 0, 0, 0, 0, 1, 0, 1, 0, 0, 1, 0, 0, 0, 1, 0, 1, 0, 1, 0, 0, 0, 0, 0, 0, 1, 0, 0, 0, 0, 1, 0, 0, 0, 1, 0, 0, 1, 0, 0, 1, 0, 0, 0, 0, 0, 0, 1, 0, 0, 0, 0, 1, 0, 1, 0, 0, 0, 0, 0, 0, 0, 0, 1, 0, 0, 0, 0, 0, 1, 0, 0, 0, 0, 0, 1, 0, 0, 0, 0, 0, 0, 0, 0, 1, 0, 0, 0, 1, 0, 0, 1, 0, 0, 0, 0, 1, 0, 0, 0, 0, 0, 0, 0, 0, 0, 0, 0]

BESTCONSDTW=(78, 384, 0.203125)
LISTCONSDTW=[0, 0, 1, 0, 1, 0, 0, 0, 0, 1, 1, 0, 1, 0, 0, 0, 0, 0, 0, 0, 0, 0, 0, 0, 1, 0, 0, 0, 0, 0, 0, 1, 0, 1, 1, 0, 1, 0, 1, 0, 0, 0, 0, 0, 0, 0, 1, 0, 0, 0, 1, 0, 0, 0, 0, 0, 0, 0, 0, 1, 0, 1, 1, 0, 0, 0, 0, 1, 0, 0, 0, 0, 0, 0, 0, 0, 0, 0, 0, 1, 0, 0, 0, 0, 0, 0, 0, 0, 0, 0, 0, 0, 0, 1, 0, 0, 0, 0, 0, 0, 0, 0, 0, 0, 0, 0, 0, 1, 0, 0, 0, 1, 0, 0, 0, 0, 0, 0, 0, 0, 0, 0, 0, 0, 0, 0, 0, 0, 0, 0, 0, 1, 1, 0, 0, 0, 0, 0, 0, 0, 0, 0, 0, 0, 1, 1, 0, 0, 0, 0, 1, 1, 0, 0, 0, 0, 0, 1, 0, 0, 0, 1, 0, 0, 0, 0, 0, 0, 0, 0, 0, 0, 0, 0, 0, 0, 1, 0, 0, 0, 0, 0, 0, 0, 1, 1, 1, 0, 0, 0, 0, 1, 0, 0, 0, 0, 0, 0, 0, 0, 0, 0, 0, 0, 1, 0, 0, 0, 1, 1, 0, 0, 0, 1, 0, 1, 0, 1, 0, 0, 0, 0, 0, 0, 0, 0, 1, 1, 0, 1, 0, 0, 0, 0, 0, 0, 1, 0, 0, 0, 0, 0, 0, 1, 0, 0, 0, 0, 0, 0, 0, 0, 0, 0, 0, 0, 0, 0, 1, 0, 0, 0, 1, 1, 1, 0, 0, 0, 1, 1, 0, 1, 0, 0, 0, 1, 0, 0, 0, 1, 0, 1, 0, 1, 0, 0, 0, 0, 0, 0, 1, 0, 1, 0, 1, 0, 0, 0, 0, 0, 1, 1, 1, 0, 0, 0, 0, 0, 0, 0, 1, 0, 1, 1, 0, 0, 0, 0, 0, 0, 0, 0, 0, 1, 0, 0, 0, 0, 1, 0, 1, 0, 0, 0, 0, 0, 0, 0, 0, 1, 0, 0, 0, 0, 0, 1, 0, 0, 0, 0, 1, 1, 0, 0, 0, 0, 0, 0, 0, 0, 1, 0, 0, 0, 1, 0, 0, 1, 1, 0, 1, 0, 1, 0, 0, 0, 0, 0, 0, 0, 0, 0, 0, 0]

BESTGEM=(83, 384, 0.21614583333333334)
LISTGEM=[0, 0, 0, 0, 0, 0, 0, 0, 0, 0, 1, 0, 0, 0, 0, 0, 0, 0, 1, 0, 1, 0, 0, 0, 0, 0, 0, 0, 0, 1, 0, 1, 0, 1, 1, 0, 1, 1, 1, 0, 0, 0, 0, 1, 0, 0, 0, 0, 1, 0, 1, 1, 0, 0, 0, 0, 0, 0, 0, 0, 0, 1, 1, 0, 0, 0, 0, 0, 0, 0, 0, 0, 0, 0, 0, 0, 0, 0, 1, 1, 0, 0, 0, 0, 0, 0, 0, 0, 0, 0, 0, 0, 0, 0, 0, 0, 0, 0, 0, 0, 0, 0, 0, 0, 0, 0, 0, 1, 0, 0, 0, 0, 0, 0, 0, 0, 0, 1, 0, 0, 0, 0, 0, 0, 1, 0, 1, 0, 0, 0, 0, 1, 0, 0, 0, 0, 1, 1, 0, 0, 1, 1, 0, 0, 0, 1, 0, 0, 0, 0, 1, 0, 1, 0, 0, 0, 0, 1, 0, 0, 0, 0, 0, 0, 0, 0, 1, 0, 0, 1, 0, 0, 1, 0, 0, 0, 1, 0, 0, 0, 1, 1, 0, 0, 0, 0, 0, 0, 0, 0, 0, 1, 1, 0, 0, 0, 0, 0, 0, 0, 0, 0, 0, 0, 1, 0, 0, 0, 0, 1, 0, 0, 0, 0, 0, 1, 0, 1, 0, 0, 0, 0, 0, 0, 1, 0, 0, 1, 0, 0, 1, 0, 0, 0, 0, 0, 0, 0, 0, 0, 1, 1, 0, 1, 0, 0, 0, 0, 0, 0, 0, 0, 0, 0, 0, 0, 0, 1, 0, 0, 0, 0, 1, 1, 1, 0, 0, 1, 1, 1, 0, 1, 0, 0, 0, 0, 0, 0, 0, 1, 0, 0, 1, 1, 1, 1, 0, 0, 0, 0, 0, 0, 0, 0, 1, 0, 0, 0, 0, 0, 1, 0, 0, 0, 0, 0, 0, 1, 0, 0, 0, 0, 0, 1, 0, 0, 1, 0, 0, 0, 1, 0, 1, 1, 0, 0, 0, 0, 0, 0, 1, 0, 0, 1, 0, 0, 0, 0, 0, 0, 0, 0, 0, 0, 0, 0, 0, 1, 0, 0, 0, 0, 1, 0, 0, 1, 0, 0, 0, 0, 0, 0, 1, 0, 1, 1, 0, 1, 0, 0, 1, 1, 0, 0, 0, 0, 1, 1, 0, 0, 0, 0, 0, 0]

