# shuffled stratified split (indices referring to UCR database)
TESTINDEX=[ 45  42  62 109  26  15  69  59  52  28  79   0  86   4  37  76  35   3
  65  99  89  68  87 108  85  98  10  20  96  78  17  49  46  51 111   5
  90   9  55  74  12  91  14  75  30  11  66  23  41  27  36  63  53  57
  31  39  73  83  88  24 101 107  56  33  71  58   7  54 100  70   8  60
  77  25  93  19  40  72 104  34 110  95  82 103  50  47  92  67]
TRAININDEX=[105  81   1  43  64  18 102  13  22  84  97  29  61  48  16  32  94  38
   2 106  80  44  21   6]

# learned parameters for cdtw and gem
# dtw ((error, size, error/size), (window, sqr))
# gem ((error, size, error/size), (St0, St1, E, sym, sqr))
BESTLEARNCONSDTW=((2, 24, 0.08333333333333333), (0.029999999999999999, True))
LISTLEARNCONSDTW=[((2, 24, 0.08333333333333333), (0.02, True)), ((2, 24, 0.08333333333333333), (0.029999999999999999, True)), ((3, 24, 0.125), (0.040000000000000001, True)), ((3, 24, 0.125), (0.050000000000000003, True)), ((3, 24, 0.125), (0.059999999999999998, True)), ((3, 24, 0.125), (0.070000000000000007, True)), ((3, 24, 0.125), (0.080000000000000002, True)), ((3, 24, 0.125), (0.089999999999999997, True)), ((3, 24, 0.125), (0.10000000000000001, True)), ((3, 24, 0.125), (0.11, True)), ((3, 24, 0.125), (0.12, True)), ((3, 24, 0.125), (0.13, True)), ((3, 24, 0.125), (0.14000000000000001, True)), ((3, 24, 0.125), (0.14999999999999999, True)), ((3, 24, 0.125), (0.16, True)), ((3, 24, 0.125), (0.17000000000000001, True)), ((3, 24, 0.125), (0.17999999999999999, True)), ((3, 24, 0.125), (0.19, True)), ((3, 24, 0.125), (0.20000000000000001, True)), ((6, 24, 0.25), (0.0, True)), ((6, 24, 0.25), (0.01, True))]

BESTLEARNGEM=((1, 24, 0.041666666666666664), (2, 1, 0.0078125, True, True))
LISTLEARNGEM=[((1, 24, 0.041666666666666664), (2, 1, 0, True, True)), ((1, 24, 0.041666666666666664), (2, 1, 0.0078125, True, True)), ((2, 24, 0.08333333333333333), (2, 1, 0.00390625, True, True)), ((2, 24, 0.08333333333333333), (2, 1, 0.015625, True, True)), ((2, 24, 0.08333333333333333), (2, 1, 0.03125, True, True)), ((2, 24, 0.08333333333333333), (2, 1, 0.0625, True, True)), ((2, 24, 0.08333333333333333), (2, 1, 0.125, True, True)), ((3, 24, 0.125), (2, 2, 0, True, True)), ((3, 24, 0.125), (2, 2, 0.00390625, True, True)), ((3, 24, 0.125), (2, 2, 0.0078125, True, True)), ((3, 24, 0.125), (2, 2, 0.015625, True, True)), ((3, 24, 0.125), (2, 2, 0.03125, True, True)), ((3, 24, 0.125), (2, 2, 0.0625, True, True)), ((3, 24, 0.125), (2, 2, 0.125, True, True)), ((4, 24, 0.16666666666666666), (2, 1, 0.25, True, True)), ((4, 24, 0.16666666666666666), (2, 2, 0.25, True, True)), ((4, 24, 0.16666666666666666), (2, 2, 0.5, True, True)), ((5, 24, 0.20833333333333334), (2, 1, 0.5, True, True)), ((6, 24, 0.25), (1, 1, 0, True, True)), ((6, 24, 0.25), (1, 1, 0.015625, True, True)), ((6, 24, 0.25), (1, 1, 0.03125, True, True)), ((6, 24, 0.25), (1, 1, 0.0625, True, True)), ((6, 24, 0.25), (1, 2, 0, True, True)), ((6, 24, 0.25), (1, 2, 0.015625, True, True)), ((6, 24, 0.25), (1, 2, 0.03125, True, True)), ((6, 24, 0.25), (1, 2, 0.0625, True, True)), ((7, 24, 0.2916666666666667), (1, 1, 0.00390625, True, True)), ((7, 24, 0.2916666666666667), (1, 1, 0.0078125, True, True)), ((7, 24, 0.2916666666666667), (1, 2, 0.00390625, True, True)), ((7, 24, 0.2916666666666667), (1, 2, 0.0078125, True, True)), ((8, 24, 0.3333333333333333), (1, 1, 0.125, True, True)), ((8, 24, 0.3333333333333333), (1, 2, 0.125, True, True)), ((10, 24, 0.4166666666666667), (1, 1, 0.25, True, True)), ((10, 24, 0.4166666666666667), (1, 2, 0.25, True, True)), ((12, 24, 0.5), (1, 1, 0.5, True, True)), ((12, 24, 0.5), (1, 2, 0.5, True, True))]


# error rates for different distance measures
# (error, size, error/size) and binary mask
BESTLP=(16, 88, 0.18181818181818182)
LISTLP=[0, 0, 0, 0, 0, 0, 0, 1, 0, 0, 0, 0, 0, 0, 0, 0, 0, 0, 0, 1, 1, 0, 0, 1, 0, 0, 0, 0, 0, 1, 0, 0, 0, 0, 0, 0, 1, 0, 0, 1, 0, 0, 1, 0, 1, 0, 1, 0, 0, 0, 0, 0, 0, 0, 0, 0, 0, 0, 0, 0, 0, 0, 0, 0, 0, 1, 0, 0, 0, 0, 0, 1, 0, 0, 0, 1, 0, 0, 0, 1, 0, 0, 1, 0, 1, 0, 0, 0]

BESTFULLDTW=(16, 88, 0.18181818181818182)
LISTFULLDTW=[0, 0, 0, 0, 0, 0, 1, 1, 0, 0, 0, 0, 0, 0, 0, 1, 1, 0, 0, 1, 1, 0, 0, 1, 0, 0, 0, 0, 0, 1, 0, 0, 0, 0, 0, 0, 1, 0, 0, 0, 0, 0, 1, 0, 1, 0, 0, 0, 0, 0, 0, 0, 0, 0, 0, 0, 0, 0, 0, 0, 0, 0, 0, 0, 0, 1, 0, 0, 0, 0, 0, 1, 0, 0, 0, 0, 0, 0, 1, 1, 0, 0, 0, 0, 0, 0, 1, 0]

BESTCONSDTW=(13, 88, 0.14772727272727273)
LISTCONSDTW=[0, 0, 0, 0, 0, 0, 0, 1, 0, 0, 0, 0, 0, 0, 0, 0, 1, 0, 0, 1, 1, 0, 0, 0, 0, 0, 0, 0, 0, 1, 0, 0, 0, 0, 0, 0, 0, 0, 0, 1, 0, 0, 1, 0, 0, 0, 1, 0, 0, 0, 0, 0, 0, 0, 0, 0, 0, 0, 0, 0, 0, 0, 0, 0, 1, 1, 0, 0, 0, 0, 0, 1, 0, 0, 0, 0, 0, 0, 0, 1, 0, 0, 1, 0, 0, 0, 0, 0]

BESTGEM=(9, 88, 0.10227272727272728)
LISTGEM=[0, 0, 0, 0, 0, 0, 0, 1, 0, 0, 0, 0, 0, 0, 0, 0, 0, 0, 0, 1, 1, 0, 0, 0, 0, 0, 0, 0, 0, 1, 0, 0, 0, 0, 0, 0, 0, 0, 0, 0, 0, 1, 1, 0, 0, 1, 0, 0, 0, 0, 0, 0, 0, 0, 0, 0, 0, 0, 0, 0, 0, 0, 0, 0, 0, 0, 0, 0, 0, 0, 0, 1, 0, 0, 0, 0, 0, 0, 1, 0, 0, 0, 0, 0, 0, 0, 0, 0]

