# shuffled stratified split (indices referring to UCR database)
TESTINDEX=[446 346 420 366  35 246  72 119 176 232 598 283 497  17  10 359 624 610
 546  32  37 483 253 195 272  93 647 191 429 501 201 603 630 185 129 229
  78  85 182 435 250  64 457 207 572 200 184 613 626 621 402  39 124 204
 252 234 549 158 450 317 331 354  77 522 589 406 140 442  99 574 161 148
 183 569  82 415  47  30 411 485 524 600 456 533 409 462 132 362 156  58
 543 531 103 547  48 138 294 389 199 223  88 372 370 110  12  49 544 606
 595 458 382 515 122 330 318 400 113 460 212 463 269 275 592 254 541 273
 146  53 217  91 396 358 421 171 441 614 478 513 312 444 368 608  51 300
 582 178 638 529 393 622  96 404  44 568  40 535 374 530 278 316 348 477
  65 170  70 579  19 339 612 646 491 423 262 237 309 256 263 534 310 179
  81  43 473 596 321 285 210  27 599 447 481 504  76 369  46 109 260  83
 416 286 645 604 314 325 277 556 479 490 418 268 516  80 425 601 578 376
  63 215 205 270  52  95 364 555  90  33 518 147 488 227 336 337   8  24
 334 160 627  23 373 523 257 280 499 562 281 190 115  25 247 419 466 618
 602 172 643 197 279 385  73 157 284 117 548 575 323 367 141 484 465 235
 341 625  28 290 566  97 487 405  50 616 206 239 628 233 328 238 198 576
  61 407 422 214 218 413   0 128  66  56 542 384 105 480 514 386 452  38
 431 498 192 349 380  62 449  18   6 293 398 127 637 287  45  71 344 296
 188 536   4 352 243 219 255 545 274 304 102 581 537 526 100 121 439 414
 311 106 230 412  16 375 648 371 573 476 295 453 315 471  34 365 107 390
 335 387 577 383 474 134  15 564 472 623 607 236 104 426 631 226 640 350
 224 550 343 395 434 143 557  98 436 154 180 120 500 228 332 241 417 496
 231 584 152 551  54 133 440 410  60 379 340 169 443 468 461 327  11 512
 193 355 489 356 305 454 565 540 248 251 114 455 563 267 276 351 427  69
 264 633  89 288 503 649 632 521 506 245 108 525 150 539 401 388   7 320
 181 159 303 594 240 209 249 377 424 430 428 302  59 554  29 527  75 561
 164  87 509 639 266 508 101  21 319 619 494 475 528 258 222 155 641  86
 583 203 605 216  94 378 591 394 391 580 552 588 261 636 292 342 615 571
 123 151 445 467 642 397 175 306 511 144 173 558 167 597 244 162 333 520
 586 505 532 635 299 194 313 611 357 593 482 326 559 585   1 553 131  20
  57  67 517  41 363 381 177 470 570]
TRAININDEX=[448  42  22 438  14 298 242   2 271 225 189 307 135 408 220   3 433 118
 139 587 202 112 459 137 502 629 186 345 163 634 259 360 126 486  55  26
 208 329 166  74 291 187 567 145 168 142 213 493 538 297 347 289 590  13
 130 510 464 153 437 301 451 196   9 125 507 353 174 495 399 322  84  31
 282 519 492 111 469 617 361 392  68 560 136   5 644 324 165 211 620  36
 403  92 338 265 221 308 432 149 116  79 609]

# learned parameters for cdtw and gem
# dtw ((error, size, error/size), (window, sqr))
# gem ((error, size, error/size), (St0, St1, E, sym, sqr))
BESTLEARNCONSDTW=((59, 101, 0.58415841584158412), (0.080000000000000002, True))
LISTLEARNCONSDTW=[((59, 101, 0.58415841584158412), (0.070000000000000007, True)), ((59, 101, 0.58415841584158412), (0.080000000000000002, True)), ((60, 101, 0.59405940594059403), (0.01, True)), ((60, 101, 0.59405940594059403), (0.02, True)), ((60, 101, 0.59405940594059403), (0.050000000000000003, True)), ((60, 101, 0.59405940594059403), (0.089999999999999997, True)), ((61, 101, 0.60396039603960394), (0.029999999999999999, True)), ((61, 101, 0.60396039603960394), (0.059999999999999998, True)), ((61, 101, 0.60396039603960394), (0.14999999999999999, True)), ((62, 101, 0.61386138613861385), (0.0, True)), ((62, 101, 0.61386138613861385), (0.12, True)), ((62, 101, 0.61386138613861385), (0.13, True)), ((62, 101, 0.61386138613861385), (0.14000000000000001, True)), ((62, 101, 0.61386138613861385), (0.16, True)), ((62, 101, 0.61386138613861385), (0.17000000000000001, True)), ((62, 101, 0.61386138613861385), (0.17999999999999999, True)), ((62, 101, 0.61386138613861385), (0.19, True)), ((62, 101, 0.61386138613861385), (0.20000000000000001, True)), ((63, 101, 0.62376237623762376), (0.040000000000000001, True)), ((63, 101, 0.62376237623762376), (0.10000000000000001, True)), ((64, 101, 0.63366336633663367), (0.11, True))]

BESTLEARNGEM=((53, 101, 0.52475247524752477), (2, 1, 0.0078125, True, True))
LISTLEARNGEM=[((53, 101, 0.52475247524752477), (2, 1, 0.0078125, True, True)), ((54, 101, 0.53465346534653468), (2, 1, 0.03125, True, True)), ((55, 101, 0.54455445544554459), (2, 1, 0.00390625, True, True)), ((55, 101, 0.54455445544554459), (2, 1, 0.015625, True, True)), ((59, 101, 0.58415841584158412), (1, 1, 0, True, True)), ((59, 101, 0.58415841584158412), (1, 2, 0, True, True)), ((59, 101, 0.58415841584158412), (2, 1, 0.0625, True, True)), ((61, 101, 0.60396039603960394), (1, 1, 0.00390625, True, True)), ((61, 101, 0.60396039603960394), (1, 2, 0.00390625, True, True)), ((61, 101, 0.60396039603960394), (2, 1, 0, True, True)), ((61, 101, 0.60396039603960394), (2, 2, 0.03125, True, True)), ((62, 101, 0.61386138613861385), (2, 2, 0.25, True, True)), ((63, 101, 0.62376237623762376), (1, 1, 0.03125, True, True)), ((63, 101, 0.62376237623762376), (1, 2, 0.03125, True, True)), ((63, 101, 0.62376237623762376), (2, 2, 0.015625, True, True)), ((63, 101, 0.62376237623762376), (2, 2, 0.125, True, True)), ((64, 101, 0.63366336633663367), (1, 1, 0.0625, True, True)), ((64, 101, 0.63366336633663367), (1, 2, 0.0625, True, True)), ((64, 101, 0.63366336633663367), (2, 1, 0.125, True, True)), ((65, 101, 0.64356435643564358), (2, 2, 0.00390625, True, True)), ((65, 101, 0.64356435643564358), (2, 2, 0.0078125, True, True)), ((65, 101, 0.64356435643564358), (2, 2, 0.0625, True, True)), ((66, 101, 0.65346534653465349), (1, 1, 0.0078125, True, True)), ((66, 101, 0.65346534653465349), (1, 1, 0.125, True, True)), ((66, 101, 0.65346534653465349), (1, 2, 0.0078125, True, True)), ((66, 101, 0.65346534653465349), (1, 2, 0.125, True, True)), ((68, 101, 0.67326732673267331), (1, 1, 0.015625, True, True)), ((68, 101, 0.67326732673267331), (1, 1, 0.25, True, True)), ((68, 101, 0.67326732673267331), (1, 2, 0.015625, True, True)), ((68, 101, 0.67326732673267331), (1, 2, 0.25, True, True)), ((68, 101, 0.67326732673267331), (2, 2, 0, True, True)), ((68, 101, 0.67326732673267331), (2, 2, 0.5, True, True)), ((70, 101, 0.69306930693069302), (1, 1, 0.5, True, True)), ((70, 101, 0.69306930693069302), (1, 2, 0.5, True, True)), ((73, 101, 0.72277227722772275), (2, 1, 0.25, True, True)), ((75, 101, 0.74257425742574257), (2, 1, 0.5, True, True))]


# error rates for different distance measures
# (error, size, error/size) and binary mask
BESTLP=(362, 549, 0.65938069216757744)
LISTLP=[1, 1, 0, 1, 1, 1, 0, 0, 1, 0, 1, 0, 1, 1, 1, 1, 1, 1, 1, 1, 1, 1, 0, 1, 1, 0, 0, 1, 1, 1, 0, 1, 1, 0, 0, 1, 0, 1, 1, 1, 1, 1, 1, 1, 0, 1, 1, 1, 1, 1, 1, 0, 0, 1, 0, 1, 1, 1, 1, 1, 1, 1, 0, 0, 1, 1, 1, 1, 1, 0, 1, 1, 1, 1, 0, 1, 0, 1, 0, 1, 1, 0, 1, 1, 0, 0, 0, 1, 1, 1, 0, 1, 1, 1, 1, 1, 1, 0, 1, 0, 0, 1, 1, 1, 1, 0, 1, 1, 0, 1, 0, 1, 0, 1, 1, 0, 0, 0, 0, 1, 0, 0, 1, 1, 1, 1, 0, 1, 1, 0, 1, 1, 0, 1, 1, 1, 1, 0, 0, 1, 0, 1, 0, 1, 1, 1, 1, 1, 1, 1, 0, 1, 1, 1, 1, 1, 0, 1, 1, 0, 1, 0, 1, 1, 1, 0, 0, 1, 0, 1, 1, 1, 1, 1, 1, 1, 1, 1, 1, 1, 1, 1, 0, 1, 0, 0, 1, 1, 1, 1, 0, 1, 0, 1, 1, 0, 1, 0, 1, 1, 0, 0, 1, 0, 1, 1, 0, 1, 0, 0, 1, 0, 0, 1, 0, 0, 1, 1, 1, 1, 0, 1, 0, 1, 1, 1, 1, 1, 1, 1, 1, 0, 0, 1, 1, 0, 1, 1, 1, 0, 0, 1, 0, 1, 1, 0, 1, 1, 1, 0, 1, 0, 1, 1, 1, 0, 0, 0, 0, 1, 0, 0, 1, 1, 1, 1, 0, 1, 1, 0, 0, 0, 0, 1, 1, 1, 1, 0, 1, 1, 1, 0, 1, 0, 1, 1, 0, 1, 0, 1, 1, 1, 0, 1, 1, 0, 0, 1, 1, 1, 1, 1, 0, 0, 1, 1, 1, 1, 1, 1, 1, 0, 1, 0, 0, 1, 0, 1, 1, 1, 0, 0, 1, 0, 0, 1, 0, 0, 0, 1, 1, 0, 1, 1, 0, 1, 1, 1, 1, 1, 0, 1, 1, 0, 1, 1, 0, 1, 1, 0, 1, 0, 1, 1, 0, 1, 0, 0, 1, 0, 1, 0, 0, 1, 1, 1, 1, 1, 1, 1, 1, 0, 0, 1, 1, 0, 1, 1, 1, 0, 1, 0, 0, 1, 1, 0, 0, 1, 1, 1, 1, 0, 1, 0, 1, 1, 0, 0, 1, 1, 1, 1, 1, 1, 1, 0, 1, 0, 1, 1, 1, 1, 1, 1, 1, 1, 0, 1, 0, 1, 1, 1, 0, 0, 1, 1, 1, 1, 1, 1, 0, 1, 1, 1, 0, 0, 0, 0, 0, 0, 1, 0, 1, 0, 0, 1, 0, 1, 1, 1, 1, 0, 1, 1, 0, 1, 1, 0, 0, 1, 1, 1, 0, 1, 1, 1, 1, 1, 1, 1, 1, 0, 1, 0, 0, 1, 1, 0, 1, 0, 0, 0, 1, 0, 0, 1, 1, 1, 0, 1, 1, 0, 1, 1, 1, 1, 1, 1, 1, 1, 1, 1, 1, 1, 0, 0, 0, 1, 1, 1, 1, 1, 1, 1, 0, 0, 1, 1, 1, 0, 1, 0, 1, 1, 1, 1, 0, 1, 0, 1, 1, 0, 1, 1, 1, 0, 1, 1, 0, 1, 1, 1, 0, 0, 0, 1, 1, 1, 1]

BESTFULLDTW=(320, 549, 0.58287795992714031)
LISTFULLDTW=[1, 1, 0, 0, 1, 1, 1, 0, 1, 1, 1, 0, 0, 1, 1, 1, 1, 1, 0, 0, 1, 1, 1, 0, 0, 1, 1, 0, 0, 1, 0, 1, 1, 0, 0, 0, 0, 0, 0, 1, 1, 1, 1, 1, 1, 0, 1, 1, 1, 1, 0, 0, 0, 0, 1, 1, 1, 1, 1, 1, 0, 0, 1, 0, 0, 1, 1, 1, 1, 0, 0, 1, 1, 1, 0, 0, 1, 0, 0, 1, 1, 0, 0, 1, 0, 0, 0, 1, 1, 0, 0, 0, 1, 0, 1, 1, 1, 0, 1, 1, 0, 0, 1, 1, 0, 0, 1, 0, 1, 1, 0, 1, 0, 0, 1, 0, 1, 1, 0, 1, 0, 0, 0, 1, 1, 1, 0, 0, 1, 0, 1, 1, 0, 1, 1, 0, 1, 0, 0, 0, 1, 1, 0, 1, 1, 1, 1, 0, 1, 1, 0, 1, 1, 1, 1, 1, 1, 1, 1, 0, 1, 0, 1, 1, 1, 1, 1, 1, 0, 0, 1, 1, 0, 1, 1, 1, 1, 1, 0, 1, 1, 1, 1, 1, 1, 0, 0, 1, 1, 0, 1, 1, 0, 1, 1, 0, 1, 0, 0, 0, 0, 1, 1, 0, 1, 1, 1, 1, 0, 0, 1, 1, 0, 1, 1, 1, 0, 1, 1, 0, 1, 0, 1, 1, 1, 0, 1, 0, 1, 0, 1, 0, 1, 1, 0, 0, 1, 0, 0, 0, 0, 1, 1, 0, 0, 0, 1, 1, 0, 1, 1, 1, 1, 1, 1, 0, 0, 0, 0, 1, 1, 1, 0, 1, 1, 1, 0, 1, 1, 0, 0, 0, 0, 0, 1, 1, 0, 0, 0, 1, 1, 0, 1, 0, 1, 0, 1, 0, 1, 1, 1, 1, 1, 1, 0, 1, 0, 1, 0, 1, 1, 1, 0, 0, 1, 1, 1, 1, 0, 1, 1, 1, 1, 1, 0, 1, 1, 1, 0, 1, 0, 0, 1, 1, 1, 1, 1, 0, 1, 1, 0, 1, 1, 1, 0, 1, 0, 0, 1, 1, 0, 0, 0, 1, 1, 0, 0, 1, 0, 1, 1, 0, 0, 1, 0, 0, 1, 1, 0, 0, 1, 0, 1, 1, 1, 1, 1, 1, 0, 0, 0, 0, 1, 1, 1, 0, 0, 1, 1, 0, 1, 0, 0, 1, 1, 1, 1, 1, 1, 1, 0, 0, 0, 0, 0, 1, 1, 1, 1, 1, 0, 0, 1, 1, 0, 0, 0, 1, 0, 0, 0, 1, 0, 0, 1, 1, 1, 1, 1, 0, 1, 1, 0, 1, 1, 1, 1, 1, 1, 1, 0, 1, 1, 1, 0, 0, 1, 0, 1, 1, 1, 0, 1, 0, 1, 1, 0, 0, 1, 1, 1, 0, 1, 1, 1, 1, 1, 0, 0, 1, 0, 1, 0, 1, 1, 1, 1, 1, 1, 1, 0, 1, 1, 1, 1, 1, 0, 0, 0, 0, 1, 1, 0, 0, 1, 0, 1, 1, 0, 0, 0, 0, 1, 0, 1, 0, 0, 0, 0, 1, 1, 1, 0, 0, 1, 0, 1, 1, 0, 0, 0, 1, 0, 1, 1, 0, 0, 1, 1, 0, 1, 0, 1, 1, 1, 1, 1, 0, 0, 1, 1, 0, 0, 0, 1, 0, 1, 0, 0, 1, 1, 0, 0, 0, 0, 1, 0, 1, 1]

BESTCONSDTW=(333, 549, 0.60655737704918034)
LISTCONSDTW=[1, 1, 1, 0, 1, 1, 1, 0, 1, 1, 1, 0, 0, 1, 1, 1, 1, 1, 0, 1, 1, 1, 1, 1, 0, 0, 1, 0, 0, 1, 0, 1, 1, 0, 0, 1, 0, 1, 1, 1, 1, 1, 1, 1, 1, 1, 0, 1, 1, 1, 0, 0, 0, 0, 1, 1, 1, 1, 1, 1, 1, 0, 1, 0, 0, 1, 1, 1, 1, 0, 1, 1, 0, 1, 0, 1, 1, 0, 0, 1, 1, 0, 0, 1, 0, 1, 0, 1, 1, 0, 0, 1, 1, 0, 1, 1, 1, 0, 1, 1, 0, 0, 1, 1, 1, 0, 1, 0, 1, 1, 0, 1, 0, 0, 1, 0, 1, 1, 0, 1, 0, 0, 0, 1, 1, 1, 0, 0, 1, 0, 1, 1, 0, 1, 1, 0, 1, 0, 0, 0, 1, 1, 0, 1, 1, 1, 1, 0, 1, 1, 0, 1, 1, 0, 1, 1, 1, 1, 1, 0, 1, 0, 1, 1, 1, 0, 1, 1, 0, 0, 1, 1, 0, 1, 1, 1, 1, 1, 1, 1, 1, 1, 1, 1, 1, 0, 0, 1, 1, 0, 1, 1, 0, 0, 0, 0, 1, 0, 1, 1, 0, 1, 1, 0, 1, 1, 1, 1, 0, 0, 1, 1, 0, 1, 0, 0, 0, 1, 1, 0, 1, 0, 1, 1, 1, 1, 1, 0, 1, 0, 1, 0, 1, 1, 1, 1, 1, 1, 0, 0, 0, 1, 1, 0, 1, 0, 1, 1, 0, 1, 1, 1, 1, 1, 1, 0, 0, 0, 0, 0, 1, 1, 0, 0, 1, 1, 0, 1, 1, 0, 0, 0, 0, 0, 1, 1, 0, 0, 0, 1, 1, 0, 1, 0, 1, 0, 1, 1, 1, 1, 0, 1, 1, 1, 0, 1, 0, 1, 0, 1, 1, 1, 0, 0, 1, 1, 1, 0, 1, 1, 1, 1, 1, 1, 0, 1, 1, 1, 0, 1, 1, 0, 1, 1, 1, 1, 1, 0, 1, 1, 0, 1, 1, 1, 0, 1, 0, 0, 1, 1, 0, 0, 0, 0, 1, 0, 0, 1, 0, 0, 1, 0, 0, 1, 0, 1, 1, 1, 0, 0, 1, 0, 1, 1, 0, 1, 0, 1, 0, 0, 1, 0, 1, 1, 1, 0, 0, 1, 1, 0, 1, 0, 0, 1, 1, 1, 1, 1, 1, 0, 0, 0, 0, 0, 0, 1, 1, 1, 1, 1, 0, 0, 0, 1, 0, 0, 0, 1, 0, 0, 1, 1, 0, 0, 1, 1, 1, 1, 1, 0, 1, 1, 0, 1, 1, 1, 1, 1, 1, 1, 0, 1, 1, 1, 0, 0, 0, 1, 1, 1, 1, 0, 1, 0, 1, 1, 0, 0, 1, 1, 1, 0, 1, 1, 1, 1, 1, 0, 0, 1, 1, 1, 0, 1, 1, 1, 1, 1, 1, 1, 0, 1, 1, 1, 0, 1, 1, 0, 0, 0, 0, 1, 0, 0, 0, 0, 1, 1, 1, 1, 0, 0, 1, 0, 1, 0, 1, 0, 1, 1, 1, 1, 0, 0, 1, 0, 1, 1, 0, 0, 0, 1, 0, 0, 1, 0, 0, 1, 1, 0, 0, 1, 1, 1, 1, 1, 1, 1, 0, 1, 1, 0, 0, 0, 1, 0, 1, 0, 0, 1, 1, 0, 1, 1, 0, 1, 0, 1, 1]

BESTGEM=(291, 549, 0.5300546448087432)
LISTGEM=[1, 1, 0, 1, 0, 1, 1, 0, 1, 1, 1, 0, 1, 0, 1, 1, 1, 0, 0, 0, 1, 1, 1, 0, 1, 1, 1, 0, 0, 1, 0, 1, 0, 1, 0, 0, 0, 0, 0, 1, 0, 1, 1, 1, 1, 1, 1, 0, 1, 1, 1, 0, 0, 0, 0, 1, 1, 0, 1, 1, 0, 0, 1, 0, 0, 1, 0, 1, 1, 1, 1, 1, 0, 1, 1, 0, 0, 1, 0, 0, 1, 0, 0, 1, 0, 1, 1, 1, 1, 0, 0, 0, 1, 0, 1, 0, 1, 1, 1, 1, 0, 0, 0, 1, 1, 0, 1, 0, 1, 1, 0, 1, 0, 0, 1, 0, 1, 0, 0, 0, 1, 0, 0, 0, 0, 1, 0, 0, 1, 1, 0, 1, 0, 1, 1, 0, 0, 1, 0, 0, 0, 1, 0, 1, 0, 1, 1, 0, 1, 1, 0, 1, 1, 1, 1, 1, 1, 1, 1, 0, 1, 1, 1, 1, 1, 1, 1, 1, 0, 0, 1, 1, 0, 1, 1, 1, 1, 0, 1, 1, 1, 1, 1, 1, 1, 0, 0, 1, 1, 0, 0, 1, 0, 0, 0, 0, 1, 0, 0, 1, 0, 0, 1, 0, 1, 1, 1, 1, 0, 0, 0, 1, 0, 0, 0, 0, 1, 1, 1, 0, 1, 0, 1, 1, 0, 1, 1, 0, 1, 0, 1, 0, 0, 1, 1, 0, 1, 1, 1, 0, 0, 1, 0, 0, 1, 0, 1, 1, 0, 0, 1, 1, 1, 0, 1, 0, 1, 0, 0, 0, 1, 1, 1, 1, 1, 0, 0, 0, 0, 0, 1, 1, 0, 1, 0, 0, 1, 0, 0, 1, 1, 0, 1, 0, 0, 1, 0, 0, 0, 1, 1, 1, 1, 0, 0, 0, 0, 1, 0, 0, 1, 1, 0, 0, 1, 1, 0, 1, 1, 1, 1, 1, 0, 0, 0, 1, 1, 1, 1, 1, 1, 0, 1, 0, 1, 1, 1, 0, 1, 0, 1, 1, 1, 1, 0, 1, 0, 1, 1, 0, 0, 1, 0, 0, 1, 0, 1, 1, 0, 0, 1, 0, 0, 0, 0, 1, 1, 0, 0, 1, 1, 1, 0, 0, 1, 0, 0, 1, 0, 0, 1, 1, 1, 0, 1, 0, 0, 1, 1, 0, 1, 0, 0, 1, 1, 0, 1, 1, 1, 1, 0, 0, 1, 0, 0, 1, 1, 0, 0, 1, 1, 1, 1, 0, 1, 0, 1, 1, 0, 0, 0, 1, 1, 0, 0, 1, 0, 1, 1, 0, 0, 0, 0, 1, 1, 1, 1, 1, 1, 1, 0, 1, 1, 0, 0, 0, 0, 1, 0, 0, 1, 0, 0, 0, 0, 1, 0, 0, 0, 1, 1, 0, 1, 1, 1, 1, 1, 0, 0, 1, 0, 1, 0, 0, 1, 1, 1, 0, 1, 0, 0, 0, 1, 1, 1, 0, 0, 0, 0, 0, 1, 0, 0, 0, 1, 1, 1, 1, 1, 1, 0, 1, 1, 0, 1, 1, 1, 0, 0, 1, 1, 1, 0, 0, 0, 0, 1, 1, 0, 0, 1, 1, 1, 1, 1, 1, 0, 0, 1, 0, 0, 1, 1, 1, 1, 1, 0, 0, 0, 0, 0, 0, 0, 0, 0, 0, 1, 1, 0, 1, 1, 0, 0, 1, 0, 0, 0, 1, 0]

