# shuffled stratified split (indices referring to UCR database)
TESTINDEX=[302 772 283  62 705 227 657 431 689 423 680 635 459 758 518 639  65 681
 780 308 730 303 537 453 116 162 104 352 240 401 652 193  13 694  84 566
 432 103 536 688 458 472 408 656 115 747 383  63 637 359 296  17 394 425
 773 434  49 265  35 741 721 289 595  26 501 438 428 765 493  80 582 206
 204 122 456 213 207 763 620 239 647 531 178 280 541 668 313 175 492 710
 342 351 160 562 679 605 315 411 305   6 769 634 262  99 284 382 167 339
 748 119 579 202 526 664 564 253 146 159 344 618 410 387 332 168 130  10
  75 703  98  64 682 722 745  32   1 508  54 230  38 491 250  47 154 385
 293 539 145 746 452  53 257 307 347 554 381 360 677 628 555  19 321 111
 386 304 405 172  31  33 378 416 326 334 436 760 611 602 203 588 232 629
 720  29 623 678 676  71 322 779  39 489 181 684 521 260 155 186 376 653
 205  55 153 690 247 596 330 389 640 310 226 176 466 708 522 281 380 524
 630 474 687 734 597 707 546 631 135 461 264  74 419 374 643 557 528 739
 235 219 279 413 573 241 471 132 505 619 729 397 392 306 350 686 107  28
 593 152 735 245 365 261 733 561 117 433 476  81 287 738 125 754 723 701
   8 612  92 335 400 515 174 123 470 372 666 185 533 624 649 399 183 659
 251  60 297 231 767 437 449 244 182 598 340 131 749 106 607 462 144 414
  66  24 101 495 290 543 263 441 149 768 744 275   0 550 412 478 669 333
 731  46 406 756 384 220 366 270 484 696 354 426 158 511 177 197 194 716
  20 519 740 654 390  50 356 585 660  56 100 404 271 429 559 238 514 368
 485 282 170 743 535   9 324 488 575 587 691 504 667 420 494 642 583 672
 692 663 565 358 161  25 673 530 693 544 151 610 377 267  86   7]
TRAININDEX=[523 343  59 525 314 556 273  18 517 591 327 272  76 592 486 547 276 367
 609 331  34 702 417 502 259  43 237 728 727 534  96 292 706  14 221 143
 108 498 363 655 558 424  91 157 110 776 726 199 222 393 770 704 301   5
 719 590  69 338 391 190 418 298 136 774 295 736 599 211 328 775 156 246
 632 109 542 216  21 604 742 506 195  90 286 148 137 362 396 364 196 464
 200 224 353 225 323 357 208 128 586 142 603 479 697 291 105 346 662 439
 627 133  87 487 184 513 309 497 217 553 455 440 249 725 757 375  45  44
 140 192 615 551 345 138 300 764 724 236 670 482 228 165 277 714 601 274
 409 422 503 325  52  58 671 548  12 139 616 141 751 665  15 490  89 336
 218 201  77 761 460 198 750 268  11   2 443 568 299 572 171 134 248  48
 675 150 311  73 570 737  57 447 278 644 577 477 180 540 778 732 715 442
  42 255  94 355 214 581 699 567  93 709 118 698 169 481 102 617 641 759
 395 685  78 252 580 538 312 545 320 188 507 613 388  97 415 468 463 509
 294 646 626 316 625 638 658 187 695 589 361 120 633  27 516 469  79 318
 179  83 622 398 552 210  68  37 451 317  23 242 113 563 371 229 258 512
 163 341 753 147 527 645  70 114 329 576 499 574 126  88 520 256  85 560
 683 510 651 636 215 349 571 614 500 446 189 223 771 606 584 755 473 600
 712 713 578 337 448 450  72 445 164  61 648  40 427 717 407 762  30 700
 212 370 379  16 549 288 403  82 569 269 457 254 650  22   4 209 435 173
 319 233 121 348 191 661 112  51  41 285 467 480 496 475 674  67 369 373
 234  95 594 454 711 124  36 266 402 752 465 243 430 608 166 777 718 444
 621   3 421 129 766 532 127 529 483]

# learned parameters for cdtw and gem
# dtw ((error, size, error/size), (window, sqr))
# gem ((error, size, error/size), (St0, St1, E, sym, sqr))
BESTLEARNCONSDTW=((136, 387, 0.35142118863049093), (0.029999999999999999, True))
LISTLEARNCONSDTW=[((136, 387, 0.35142118863049093), (0.029999999999999999, True)), ((138, 387, 0.35658914728682173), (0.01, True)), ((138, 387, 0.35658914728682173), (0.02, True)), ((138, 387, 0.35658914728682173), (0.040000000000000001, True)), ((139, 387, 0.35917312661498707), (0.050000000000000003, True)), ((139, 387, 0.35917312661498707), (0.059999999999999998, True)), ((139, 387, 0.35917312661498707), (0.070000000000000007, True)), ((139, 387, 0.35917312661498707), (0.080000000000000002, True)), ((139, 387, 0.35917312661498707), (0.089999999999999997, True)), ((139, 387, 0.35917312661498707), (0.12, True)), ((139, 387, 0.35917312661498707), (0.13, True)), ((139, 387, 0.35917312661498707), (0.14000000000000001, True)), ((139, 387, 0.35917312661498707), (0.14999999999999999, True)), ((139, 387, 0.35917312661498707), (0.16, True)), ((139, 387, 0.35917312661498707), (0.17000000000000001, True)), ((139, 387, 0.35917312661498707), (0.17999999999999999, True)), ((139, 387, 0.35917312661498707), (0.19, True)), ((139, 387, 0.35917312661498707), (0.20000000000000001, True)), ((140, 387, 0.36175710594315247), (0.10000000000000001, True)), ((140, 387, 0.36175710594315247), (0.11, True)), ((149, 387, 0.38501291989664083), (0.0, True))]

BESTLEARNGEM=((112, 387, 0.28940568475452194), (2, 1, 0.125, True, True))
LISTLEARNGEM=[((112, 387, 0.28940568475452194), (2, 1, 0.125, True, True)), ((119, 387, 0.30749354005167956), (2, 1, 0.25, True, True)), ((121, 387, 0.31266149870801035), (2, 1, 0.0625, True, True)), ((123, 387, 0.31782945736434109), (2, 1, 0.03125, True, True)), ((127, 387, 0.32816537467700257), (1, 1, 0.125, True, True)), ((127, 387, 0.32816537467700257), (1, 1, 0.25, True, True)), ((127, 387, 0.32816537467700257), (1, 2, 0.125, True, True)), ((127, 387, 0.32816537467700257), (1, 2, 0.25, True, True)), ((132, 387, 0.34108527131782945), (2, 1, 0.5, True, True)), ((133, 387, 0.34366925064599485), (1, 1, 0.0625, True, True)), ((133, 387, 0.34366925064599485), (1, 2, 0.0625, True, True)), ((134, 387, 0.34625322997416019), (2, 1, 0.015625, True, True)), ((134, 387, 0.34625322997416019), (2, 2, 0.25, True, True)), ((136, 387, 0.35142118863049093), (1, 1, 0.5, True, True)), ((136, 387, 0.35142118863049093), (1, 2, 0.5, True, True)), ((138, 387, 0.35658914728682173), (1, 1, 0.03125, True, True)), ((138, 387, 0.35658914728682173), (1, 2, 0.03125, True, True)), ((140, 387, 0.36175710594315247), (2, 2, 0.125, True, True)), ((141, 387, 0.36434108527131781), (1, 1, 0.015625, True, True)), ((141, 387, 0.36434108527131781), (1, 2, 0.015625, True, True)), ((146, 387, 0.37726098191214469), (2, 1, 0.0078125, True, True)), ((146, 387, 0.37726098191214469), (2, 2, 0.5, True, True)), ((147, 387, 0.37984496124031009), (2, 1, 0.00390625, True, True)), ((150, 387, 0.38759689922480622), (1, 1, 0.0078125, True, True)), ((150, 387, 0.38759689922480622), (1, 2, 0.0078125, True, True)), ((150, 387, 0.38759689922480622), (2, 1, 0, True, True)), ((155, 387, 0.4005167958656331), (1, 1, 0.00390625, True, True)), ((155, 387, 0.4005167958656331), (1, 2, 0.00390625, True, True)), ((161, 387, 0.41602067183462532), (2, 2, 0.0625, True, True)), ((165, 387, 0.4263565891472868), (1, 1, 0, True, True)), ((165, 387, 0.4263565891472868), (1, 2, 0, True, True)), ((181, 387, 0.46770025839793283), (2, 2, 0.03125, True, True)), ((184, 387, 0.47545219638242892), (2, 2, 0.015625, True, True)), ((195, 387, 0.50387596899224807), (2, 2, 0.0078125, True, True)), ((196, 387, 0.50645994832041341), (2, 2, 0.00390625, True, True)), ((209, 387, 0.5400516795865633), (2, 2, 0, True, True))]


# error rates for different distance measures
# (error, size, error/size) and binary mask
BESTLP=(146, 394, 0.37055837563451777)
LISTLP=[0, 0, 0, 0, 0, 1, 0, 0, 0, 0, 1, 0, 1, 0, 0, 1, 0, 0, 0, 0, 0, 0, 0, 1, 0, 0, 0, 0, 0, 1, 0, 0, 1, 0, 0, 0, 1, 0, 1, 0, 0, 1, 0, 0, 1, 0, 1, 1, 1, 0, 1, 0, 0, 1, 1, 0, 0, 1, 1, 0, 1, 1, 0, 0, 0, 0, 0, 0, 1, 1, 0, 0, 0, 0, 0, 0, 1, 1, 0, 1, 0, 0, 1, 0, 1, 0, 0, 0, 0, 0, 1, 0, 1, 1, 0, 1, 1, 0, 1, 0, 1, 0, 1, 0, 1, 0, 1, 0, 1, 0, 0, 0, 0, 1, 1, 0, 0, 0, 1, 1, 1, 0, 1, 0, 1, 0, 0, 0, 0, 0, 0, 1, 1, 1, 0, 0, 1, 0, 0, 1, 1, 1, 1, 1, 1, 0, 1, 1, 1, 0, 0, 1, 1, 0, 0, 0, 0, 0, 0, 0, 0, 0, 0, 0, 0, 0, 1, 1, 0, 0, 0, 0, 0, 1, 1, 0, 0, 1, 1, 0, 1, 0, 1, 0, 1, 0, 0, 1, 0, 1, 0, 0, 0, 0, 1, 0, 1, 1, 0, 0, 0, 1, 0, 1, 0, 0, 0, 0, 0, 0, 0, 0, 0, 0, 0, 0, 1, 0, 0, 0, 1, 1, 0, 1, 1, 0, 1, 0, 1, 0, 1, 0, 0, 1, 1, 0, 1, 0, 1, 1, 0, 0, 0, 0, 0, 0, 1, 0, 0, 1, 0, 0, 0, 0, 0, 1, 1, 1, 1, 1, 0, 0, 0, 1, 0, 0, 1, 0, 0, 1, 1, 0, 0, 0, 1, 0, 0, 1, 0, 1, 1, 0, 0, 0, 0, 0, 0, 1, 0, 1, 1, 1, 0, 1, 0, 0, 1, 0, 0, 0, 1, 1, 1, 0, 0, 0, 1, 1, 1, 1, 0, 0, 0, 1, 0, 0, 0, 0, 0, 1, 0, 0, 0, 0, 0, 0, 1, 0, 0, 0, 0, 1, 0, 0, 0, 0, 0, 0, 0, 0, 1, 1, 1, 1, 1, 1, 0, 1, 0, 0, 0, 0, 0, 0, 0, 1, 0, 0, 0, 1, 1, 0, 1, 1, 0, 0, 0, 0, 0, 0, 1, 0, 0, 1, 0, 1, 1, 0, 1, 0, 0, 1, 1, 0, 0, 1, 1, 0, 0, 0, 1, 1, 1, 0]

BESTFULLDTW=(161, 394, 0.40862944162436549)
LISTFULLDTW=[0, 0, 0, 0, 0, 1, 0, 0, 1, 1, 1, 0, 1, 0, 1, 1, 1, 0, 0, 0, 0, 0, 0, 1, 0, 0, 0, 0, 0, 1, 0, 0, 0, 0, 1, 0, 1, 0, 1, 0, 1, 0, 0, 0, 1, 1, 1, 1, 1, 0, 1, 0, 0, 1, 1, 0, 0, 1, 1, 0, 1, 1, 0, 0, 0, 0, 0, 0, 0, 1, 0, 0, 0, 0, 0, 0, 1, 0, 1, 0, 1, 0, 0, 0, 1, 0, 0, 0, 0, 0, 0, 1, 1, 1, 0, 1, 1, 0, 1, 0, 0, 1, 1, 1, 0, 0, 1, 1, 1, 0, 1, 1, 0, 0, 0, 0, 0, 0, 1, 1, 1, 1, 1, 0, 1, 0, 1, 0, 0, 0, 0, 1, 1, 0, 0, 0, 1, 0, 0, 1, 1, 1, 1, 0, 0, 0, 0, 1, 0, 1, 0, 1, 0, 0, 0, 1, 0, 0, 1, 1, 0, 0, 0, 0, 0, 0, 1, 1, 0, 0, 0, 0, 0, 1, 1, 1, 0, 1, 1, 0, 1, 0, 1, 0, 1, 0, 0, 1, 0, 1, 0, 1, 0, 0, 1, 1, 1, 1, 0, 0, 0, 1, 0, 1, 0, 0, 1, 0, 0, 1, 1, 0, 0, 0, 0, 1, 1, 0, 1, 0, 1, 1, 0, 1, 0, 1, 1, 0, 1, 0, 1, 0, 1, 1, 1, 1, 0, 0, 1, 1, 1, 0, 0, 0, 1, 0, 1, 1, 1, 1, 0, 0, 0, 1, 0, 0, 0, 1, 1, 0, 0, 0, 0, 1, 0, 0, 0, 0, 0, 0, 1, 0, 1, 0, 1, 0, 0, 1, 0, 1, 1, 0, 0, 0, 0, 0, 1, 1, 0, 1, 1, 0, 0, 1, 0, 0, 0, 0, 0, 0, 0, 1, 1, 0, 0, 0, 0, 1, 1, 1, 0, 1, 0, 0, 0, 0, 0, 0, 0, 1, 0, 0, 0, 1, 1, 0, 1, 0, 0, 0, 0, 1, 0, 1, 0, 1, 0, 0, 0, 0, 0, 0, 1, 1, 1, 1, 1, 1, 0, 0, 0, 0, 1, 0, 0, 1, 0, 1, 0, 1, 0, 0, 1, 1, 0, 1, 0, 0, 0, 0, 1, 0, 0, 1, 1, 0, 1, 0, 0, 0, 0, 1, 1, 0, 0, 1, 1, 0, 0, 1, 0, 1, 1, 0]

BESTCONSDTW=(161, 394, 0.40862944162436549)
LISTCONSDTW=[0, 0, 0, 0, 0, 1, 0, 0, 1, 1, 1, 0, 1, 0, 1, 1, 1, 0, 0, 0, 0, 0, 0, 1, 0, 0, 0, 0, 0, 1, 0, 0, 0, 0, 1, 0, 1, 0, 1, 0, 1, 0, 0, 0, 1, 1, 1, 1, 1, 0, 1, 0, 0, 1, 1, 0, 0, 1, 1, 0, 1, 1, 0, 0, 0, 0, 0, 0, 0, 1, 0, 0, 0, 0, 0, 0, 1, 0, 0, 0, 1, 0, 0, 0, 1, 0, 0, 0, 0, 0, 0, 1, 1, 1, 0, 1, 1, 0, 1, 0, 0, 1, 1, 1, 0, 0, 1, 1, 1, 0, 1, 1, 0, 0, 0, 0, 0, 0, 1, 1, 1, 1, 1, 0, 1, 0, 1, 0, 0, 0, 0, 1, 1, 0, 0, 0, 1, 0, 0, 1, 1, 1, 1, 0, 0, 0, 0, 1, 1, 1, 0, 1, 0, 0, 0, 1, 0, 0, 1, 1, 0, 0, 0, 0, 0, 0, 1, 1, 0, 0, 0, 0, 0, 1, 1, 1, 0, 1, 1, 0, 1, 0, 1, 0, 1, 0, 0, 1, 0, 1, 0, 1, 0, 0, 1, 1, 1, 1, 0, 0, 0, 1, 0, 1, 0, 0, 0, 0, 0, 1, 1, 0, 0, 0, 0, 0, 1, 0, 1, 0, 1, 1, 0, 1, 0, 1, 1, 0, 1, 0, 1, 0, 1, 1, 1, 1, 0, 0, 1, 1, 1, 0, 0, 0, 1, 0, 1, 1, 1, 1, 0, 0, 0, 1, 0, 0, 0, 1, 1, 0, 0, 0, 0, 1, 0, 0, 0, 0, 0, 0, 1, 0, 1, 0, 1, 0, 0, 1, 0, 1, 1, 0, 0, 1, 0, 0, 1, 1, 0, 1, 1, 1, 0, 1, 0, 0, 0, 0, 0, 0, 0, 1, 1, 0, 0, 0, 0, 1, 1, 1, 0, 1, 0, 0, 0, 0, 0, 0, 0, 1, 0, 0, 0, 1, 1, 0, 1, 0, 0, 0, 0, 1, 0, 1, 0, 1, 0, 0, 0, 0, 0, 0, 1, 1, 1, 1, 1, 1, 0, 0, 0, 0, 1, 0, 0, 1, 0, 1, 0, 1, 0, 0, 1, 1, 0, 0, 0, 0, 0, 0, 1, 0, 0, 1, 1, 0, 1, 0, 1, 0, 0, 1, 1, 0, 0, 1, 1, 0, 0, 1, 0, 1, 1, 0]

BESTGEM=(125, 394, 0.31725888324873097)
LISTGEM=[0, 0, 0, 0, 0, 1, 0, 0, 1, 0, 0, 0, 1, 0, 0, 1, 0, 0, 0, 0, 0, 0, 0, 1, 0, 0, 0, 0, 0, 1, 0, 0, 0, 0, 0, 0, 1, 0, 1, 0, 0, 1, 0, 0, 1, 1, 1, 1, 0, 0, 1, 0, 0, 0, 1, 1, 0, 1, 0, 0, 1, 0, 0, 0, 0, 0, 1, 0, 1, 1, 0, 0, 0, 1, 0, 0, 1, 1, 1, 0, 1, 0, 0, 0, 1, 0, 0, 0, 0, 0, 0, 1, 0, 1, 0, 0, 1, 0, 1, 0, 0, 0, 1, 1, 0, 0, 0, 0, 1, 0, 1, 1, 0, 1, 0, 0, 0, 0, 1, 1, 0, 1, 1, 0, 0, 0, 0, 0, 1, 0, 0, 0, 1, 0, 0, 1, 0, 0, 0, 0, 0, 1, 1, 0, 0, 0, 0, 1, 1, 1, 0, 1, 0, 0, 0, 0, 0, 0, 0, 0, 0, 0, 0, 0, 0, 0, 0, 1, 0, 0, 0, 0, 0, 1, 1, 1, 0, 1, 1, 0, 1, 0, 1, 0, 1, 0, 0, 1, 0, 1, 0, 0, 0, 0, 0, 1, 1, 1, 0, 0, 0, 1, 0, 0, 0, 0, 0, 0, 1, 0, 0, 0, 0, 0, 0, 0, 1, 0, 0, 0, 1, 0, 0, 0, 0, 1, 0, 0, 1, 0, 1, 0, 0, 1, 1, 0, 0, 0, 1, 1, 1, 0, 0, 0, 0, 0, 1, 0, 0, 1, 0, 0, 0, 1, 0, 0, 1, 1, 1, 0, 0, 0, 0, 1, 0, 0, 1, 0, 0, 0, 1, 0, 0, 0, 1, 0, 0, 1, 0, 0, 1, 0, 0, 0, 0, 0, 0, 1, 0, 1, 1, 0, 0, 1, 0, 0, 0, 0, 0, 0, 0, 1, 1, 0, 0, 0, 0, 1, 1, 1, 0, 0, 0, 0, 0, 0, 0, 0, 0, 1, 0, 0, 0, 1, 1, 0, 1, 0, 0, 0, 0, 0, 0, 0, 0, 0, 1, 0, 0, 0, 0, 0, 1, 0, 0, 1, 1, 0, 1, 0, 0, 0, 1, 0, 0, 0, 0, 1, 0, 1, 1, 0, 1, 0, 1, 0, 0, 0, 0, 0, 1, 0, 0, 1, 1, 1, 1, 0, 1, 0, 0, 0, 1, 0, 0, 1, 1, 0, 1, 1, 0, 1, 1, 0]

