# shuffled stratified split (indices referring to UCR database)
TESTINDEX=[136 281 262 145  27 176   3 142  88 175   2  85  80  64 289   6 315  81
  54 163  11 108  41 148  58   0 141  12 167 116   4 143 105 178 114 241
  78 129  16  66 158 321  98 222 217  59 168  47  53 263 309 130 219 146
 184 226 304 292 285 301  76 118 318  63 131 308 101  69 196  43 228  79
 161  97 311 182   8  89 125 209 252 231  68   5 174 156  72  23 192  51
 299 300 128 291 112 109 206  94 132 306 234 272  84 202  90 154 111 207
 267  44 117 232 204 127 230 235  91 103  48 243 244 198 305 260  46 298
 256 189 190  77  26 302 238 259 164 115 295  17 123 194 181  74 102  50
 314  93 149 216 239 195  38 171 186  61 307  14  67 169  60 113 162 180
  56 297 227  10 269  22 124 218 278  73 107 313 157 282 211  20 153 203
  31  62 223  25 214 224  49 276 110 177 212 200 187  70 160 166 197 270
 220 317 188 106 179  42 257  18 140  65  36 250  28  15  32 191 152 277
 208 100 249 121 275 205 242  82 266 193 135 213 159 294  99 236 165  45
 312  75   9 150 201 199 255 284 104 137 240 264 261  86 287 134 122 296
  95 139 170 119 173   1 215  87 147 286  33 280 246  21 258 265 225  37
 320 126  19 319  34 253 133 138 144  55 245  96 248 279  92  57  39 316
 288  52 274  24 283 247  29  30 271  13  71 229 172 273 268  40 155]
TRAININDEX=[233 310 151 290  35 254 237   7 185 221 210 183  83 303 251 120 293]

# learned parameters for cdtw and gem
# dtw ((error, size, error/size), (window, sqr))
# gem ((error, size, error/size), (St0, St1, E, sym, sqr))
BESTLEARNCONSDTW=((1, 17, 0.058823529411764705), (0.11, True))
LISTLEARNCONSDTW=[((1, 17, 0.058823529411764705), (0.02, True)), ((1, 17, 0.058823529411764705), (0.029999999999999999, True)), ((1, 17, 0.058823529411764705), (0.040000000000000001, True)), ((1, 17, 0.058823529411764705), (0.050000000000000003, True)), ((1, 17, 0.058823529411764705), (0.059999999999999998, True)), ((1, 17, 0.058823529411764705), (0.070000000000000007, True)), ((1, 17, 0.058823529411764705), (0.080000000000000002, True)), ((1, 17, 0.058823529411764705), (0.089999999999999997, True)), ((1, 17, 0.058823529411764705), (0.10000000000000001, True)), ((1, 17, 0.058823529411764705), (0.11, True)), ((1, 17, 0.058823529411764705), (0.12, True)), ((1, 17, 0.058823529411764705), (0.13, True)), ((1, 17, 0.058823529411764705), (0.14000000000000001, True)), ((1, 17, 0.058823529411764705), (0.14999999999999999, True)), ((1, 17, 0.058823529411764705), (0.16, True)), ((1, 17, 0.058823529411764705), (0.17000000000000001, True)), ((1, 17, 0.058823529411764705), (0.17999999999999999, True)), ((1, 17, 0.058823529411764705), (0.19, True)), ((1, 17, 0.058823529411764705), (0.20000000000000001, True)), ((2, 17, 0.11764705882352941), (0.01, True)), ((3, 17, 0.17647058823529413), (0.0, True))]

BESTLEARNGEM=((2, 17, 0.11764705882352941), (2, 1, 0.015625, True, True))
LISTLEARNGEM=[((2, 17, 0.11764705882352941), (2, 1, 0, True, True)), ((2, 17, 0.11764705882352941), (2, 1, 0.015625, True, True)), ((2, 17, 0.11764705882352941), (2, 1, 0.03125, True, True)), ((3, 17, 0.17647058823529413), (1, 1, 0, True, True)), ((3, 17, 0.17647058823529413), (1, 1, 0.00390625, True, True)), ((3, 17, 0.17647058823529413), (1, 1, 0.0078125, True, True)), ((3, 17, 0.17647058823529413), (1, 1, 0.015625, True, True)), ((3, 17, 0.17647058823529413), (1, 1, 0.03125, True, True)), ((3, 17, 0.17647058823529413), (1, 1, 0.0625, True, True)), ((3, 17, 0.17647058823529413), (1, 1, 0.125, True, True)), ((3, 17, 0.17647058823529413), (1, 1, 0.25, True, True)), ((3, 17, 0.17647058823529413), (1, 2, 0, True, True)), ((3, 17, 0.17647058823529413), (1, 2, 0.00390625, True, True)), ((3, 17, 0.17647058823529413), (1, 2, 0.0078125, True, True)), ((3, 17, 0.17647058823529413), (1, 2, 0.015625, True, True)), ((3, 17, 0.17647058823529413), (1, 2, 0.03125, True, True)), ((3, 17, 0.17647058823529413), (1, 2, 0.0625, True, True)), ((3, 17, 0.17647058823529413), (1, 2, 0.125, True, True)), ((3, 17, 0.17647058823529413), (1, 2, 0.25, True, True)), ((3, 17, 0.17647058823529413), (2, 1, 0.00390625, True, True)), ((3, 17, 0.17647058823529413), (2, 1, 0.0078125, True, True)), ((3, 17, 0.17647058823529413), (2, 1, 0.0625, True, True)), ((3, 17, 0.17647058823529413), (2, 1, 0.125, True, True)), ((3, 17, 0.17647058823529413), (2, 1, 0.25, True, True)), ((3, 17, 0.17647058823529413), (2, 1, 0.5, True, True)), ((3, 17, 0.17647058823529413), (2, 2, 0.25, True, True)), ((3, 17, 0.17647058823529413), (2, 2, 0.5, True, True)), ((4, 17, 0.23529411764705882), (1, 1, 0.5, True, True)), ((4, 17, 0.23529411764705882), (1, 2, 0.5, True, True)), ((4, 17, 0.23529411764705882), (2, 2, 0.125, True, True)), ((5, 17, 0.29411764705882354), (2, 2, 0, True, True)), ((5, 17, 0.29411764705882354), (2, 2, 0.00390625, True, True)), ((5, 17, 0.29411764705882354), (2, 2, 0.0078125, True, True)), ((5, 17, 0.29411764705882354), (2, 2, 0.015625, True, True)), ((5, 17, 0.29411764705882354), (2, 2, 0.03125, True, True)), ((5, 17, 0.29411764705882354), (2, 2, 0.0625, True, True))]


# error rates for different distance measures
# (error, size, error/size) and binary mask
BESTLP=(7, 305, 0.022950819672131147)
LISTLP=[0, 0, 0, 0, 0, 0, 0, 0, 0, 0, 0, 0, 0, 0, 0, 0, 0, 0, 0, 0, 0, 0, 0, 0, 0, 0, 0, 0, 0, 0, 0, 0, 0, 0, 0, 0, 0, 0, 0, 0, 0, 0, 0, 0, 0, 0, 0, 0, 0, 0, 0, 0, 0, 0, 0, 0, 0, 0, 0, 0, 0, 0, 0, 0, 0, 0, 0, 0, 0, 0, 0, 0, 0, 0, 0, 0, 0, 0, 0, 0, 0, 0, 0, 0, 0, 0, 0, 0, 0, 0, 0, 0, 0, 0, 0, 0, 0, 0, 0, 0, 0, 0, 0, 0, 0, 0, 0, 0, 1, 0, 0, 0, 0, 0, 0, 0, 0, 0, 0, 0, 0, 0, 0, 0, 0, 0, 0, 0, 0, 0, 0, 0, 0, 0, 0, 0, 0, 0, 0, 0, 0, 0, 0, 0, 0, 0, 0, 1, 0, 0, 0, 0, 0, 0, 0, 0, 0, 0, 0, 0, 0, 0, 0, 0, 0, 0, 0, 0, 0, 0, 0, 1, 0, 0, 0, 0, 0, 0, 0, 0, 1, 0, 0, 0, 0, 0, 0, 0, 0, 0, 0, 0, 0, 0, 0, 0, 0, 0, 0, 0, 0, 0, 0, 0, 0, 0, 0, 0, 0, 0, 0, 0, 0, 0, 0, 0, 0, 0, 0, 0, 0, 0, 0, 0, 0, 0, 1, 0, 0, 0, 0, 0, 0, 0, 0, 0, 0, 0, 0, 0, 0, 0, 0, 1, 0, 0, 0, 0, 0, 0, 0, 0, 0, 0, 0, 0, 0, 0, 0, 0, 0, 0, 0, 0, 0, 0, 0, 0, 0, 0, 0, 0, 0, 0, 0, 0, 0, 0, 0, 0, 0, 0, 0, 0, 0, 0, 0, 0, 0, 0, 0, 0, 0, 0, 0, 0, 0, 0, 0, 0, 0, 1, 0, 0, 0]

BESTFULLDTW=(5, 305, 0.01639344262295082)
LISTFULLDTW=[0, 0, 0, 0, 0, 0, 0, 0, 0, 0, 0, 0, 0, 0, 0, 0, 0, 0, 0, 0, 0, 0, 0, 0, 0, 0, 0, 0, 0, 0, 0, 0, 0, 0, 0, 0, 0, 0, 0, 0, 0, 0, 0, 0, 0, 0, 0, 0, 0, 0, 0, 0, 0, 0, 0, 0, 0, 0, 0, 0, 0, 0, 0, 0, 0, 0, 0, 0, 0, 0, 0, 0, 0, 0, 0, 0, 0, 0, 0, 0, 0, 0, 0, 0, 0, 0, 0, 0, 0, 0, 0, 0, 0, 0, 0, 0, 0, 0, 0, 0, 0, 0, 0, 0, 0, 0, 0, 0, 1, 0, 0, 0, 0, 0, 0, 0, 0, 0, 0, 0, 0, 0, 0, 0, 0, 0, 0, 0, 0, 0, 0, 0, 0, 0, 0, 0, 0, 0, 0, 0, 0, 0, 0, 0, 0, 0, 0, 1, 0, 0, 0, 0, 0, 0, 0, 0, 0, 0, 0, 0, 0, 0, 0, 0, 0, 0, 0, 0, 0, 0, 0, 0, 0, 0, 0, 0, 0, 0, 0, 0, 0, 0, 0, 0, 0, 0, 0, 0, 0, 0, 0, 0, 0, 0, 0, 0, 0, 0, 0, 0, 0, 0, 0, 0, 0, 0, 0, 0, 0, 0, 0, 0, 0, 0, 0, 0, 0, 0, 0, 0, 0, 0, 0, 0, 0, 0, 1, 0, 0, 0, 0, 0, 0, 0, 0, 0, 0, 0, 0, 0, 0, 0, 0, 1, 0, 0, 0, 0, 0, 0, 0, 0, 0, 0, 0, 0, 0, 0, 0, 0, 0, 0, 0, 0, 0, 0, 0, 0, 0, 0, 0, 0, 0, 0, 0, 0, 0, 0, 0, 0, 0, 0, 0, 0, 0, 0, 0, 0, 0, 0, 0, 0, 0, 0, 0, 0, 0, 0, 0, 0, 0, 1, 0, 0, 0]

BESTCONSDTW=(6, 305, 0.019672131147540985)
LISTCONSDTW=[0, 0, 0, 0, 0, 0, 0, 0, 0, 0, 0, 0, 0, 0, 0, 0, 0, 0, 0, 0, 0, 0, 0, 0, 0, 0, 0, 0, 0, 0, 0, 0, 0, 0, 0, 0, 0, 0, 0, 0, 0, 0, 0, 0, 0, 0, 0, 0, 0, 0, 0, 0, 0, 0, 0, 0, 0, 0, 0, 0, 0, 0, 0, 0, 0, 0, 0, 0, 0, 0, 0, 0, 0, 0, 0, 0, 0, 0, 0, 0, 0, 0, 0, 0, 0, 0, 0, 0, 0, 0, 0, 0, 0, 0, 0, 0, 0, 0, 0, 0, 0, 0, 0, 0, 0, 0, 0, 0, 1, 0, 0, 0, 0, 0, 0, 0, 0, 0, 0, 0, 0, 0, 0, 0, 0, 0, 0, 0, 0, 0, 0, 0, 0, 0, 0, 0, 0, 0, 0, 0, 0, 0, 0, 0, 0, 0, 0, 1, 0, 0, 0, 0, 0, 0, 0, 0, 0, 0, 0, 0, 0, 0, 0, 0, 0, 0, 0, 0, 0, 0, 0, 0, 0, 0, 0, 0, 0, 0, 0, 0, 1, 0, 0, 0, 0, 0, 0, 0, 0, 0, 0, 0, 0, 0, 0, 0, 0, 0, 0, 0, 0, 0, 0, 0, 0, 0, 0, 0, 0, 0, 0, 0, 0, 0, 0, 0, 0, 0, 0, 0, 0, 0, 0, 0, 0, 0, 1, 0, 0, 0, 0, 0, 0, 0, 0, 0, 0, 0, 0, 0, 0, 0, 0, 1, 0, 0, 0, 0, 0, 0, 0, 0, 0, 0, 0, 0, 0, 0, 0, 0, 0, 0, 0, 0, 0, 0, 0, 0, 0, 0, 0, 0, 0, 0, 0, 0, 0, 0, 0, 0, 0, 0, 0, 0, 0, 0, 0, 0, 0, 0, 0, 0, 0, 0, 0, 0, 0, 0, 0, 0, 0, 1, 0, 0, 0]

BESTGEM=(4, 305, 0.013114754098360656)
LISTGEM=[0, 0, 0, 0, 0, 0, 0, 0, 0, 0, 0, 0, 0, 0, 0, 0, 0, 0, 0, 0, 0, 0, 0, 0, 0, 0, 0, 0, 0, 0, 0, 0, 0, 0, 0, 0, 0, 0, 0, 0, 0, 0, 0, 0, 0, 0, 0, 0, 0, 0, 0, 0, 0, 0, 0, 0, 0, 0, 0, 0, 0, 0, 0, 0, 0, 0, 0, 0, 0, 0, 0, 0, 0, 0, 0, 0, 0, 0, 0, 0, 0, 0, 0, 0, 0, 0, 0, 0, 0, 0, 0, 0, 0, 0, 0, 0, 0, 0, 0, 0, 0, 0, 0, 0, 0, 0, 0, 0, 1, 0, 0, 0, 0, 0, 0, 0, 0, 0, 0, 0, 0, 0, 0, 0, 0, 0, 0, 0, 0, 0, 0, 0, 0, 0, 0, 0, 0, 0, 0, 0, 0, 0, 0, 0, 0, 0, 0, 0, 0, 0, 0, 0, 0, 0, 0, 0, 0, 0, 0, 0, 0, 0, 0, 0, 0, 0, 0, 0, 0, 0, 0, 0, 0, 0, 0, 0, 0, 0, 0, 0, 0, 0, 0, 0, 0, 0, 0, 0, 0, 0, 0, 0, 0, 0, 0, 0, 0, 0, 0, 0, 0, 0, 0, 0, 0, 0, 0, 0, 0, 0, 0, 0, 0, 0, 0, 0, 0, 0, 0, 0, 0, 0, 0, 0, 0, 0, 1, 0, 0, 0, 0, 0, 0, 0, 0, 0, 0, 0, 0, 0, 0, 0, 0, 1, 0, 0, 0, 0, 0, 0, 0, 0, 0, 0, 0, 0, 0, 0, 0, 0, 0, 0, 0, 0, 0, 0, 0, 0, 0, 0, 0, 0, 0, 0, 0, 0, 0, 0, 0, 0, 0, 0, 0, 0, 0, 0, 0, 0, 0, 0, 0, 0, 0, 0, 0, 0, 0, 0, 0, 0, 0, 1, 0, 0, 0]

