# shuffled stratified split (indices referring to UCR database)
TESTINDEX=[150  54 167 101 117   7  93 183  26 153  53  28 189  84 118 110  43 121
 129 100 197  65 184  83 136 182  90 135 160 140  57 194  58  32  71 103
  21  34  80 120  18 158 111   5  48  72 115  96 193 133 139  88 161  74
  87  67 114 104 106  23  85  70 130 113  37  42  19 170  38 190  97  94
 174 147 192 124  22 107  89 155   1 138  86  27  15 102  47 116  95  14
 177   9  24  64  69 169  68 175 105 143 199  55 109  31  63 173  11  79
  92  59  81  51 172  77 163   0  60 164  76  10  36 108  73  13 176 127
  75 156 137   2   3 196 144 123  29  35  46 131  25   8 146 179  40  66
 166  50 162  30 168  91]
TRAININDEX=[134  39 151 141 112 159  16  41 122 165  62  12 152 178 185   6 145  33
 154 191 126 188  44  20 119 181 198 148 132 180 125 195 171 128  52   4
 149  61  56  78 187 157  98  49 142  99  17 186  82  45]

# learned parameters for cdtw and gem
# dtw ((error, size, error/size), (window, sqr))
# gem ((error, size, error/size), (St0, St1, E, sym, sqr))
BESTLEARNCONSDTW=((0, 50, 0.0), (0.050000000000000003, True))
LISTLEARNCONSDTW=[((0, 50, 0.0), (0.01, True)), ((0, 50, 0.0), (0.040000000000000001, True)), ((0, 50, 0.0), (0.050000000000000003, True)), ((0, 50, 0.0), (0.059999999999999998, True)), ((0, 50, 0.0), (0.070000000000000007, True)), ((1, 50, 0.02), (0.02, True)), ((1, 50, 0.02), (0.029999999999999999, True)), ((1, 50, 0.02), (0.080000000000000002, True)), ((1, 50, 0.02), (0.089999999999999997, True)), ((2, 50, 0.04), (0.10000000000000001, True)), ((2, 50, 0.04), (0.11, True)), ((3, 50, 0.06), (0.12, True)), ((4, 50, 0.08), (0.0, True)), ((4, 50, 0.08), (0.13, True)), ((4, 50, 0.08), (0.14000000000000001, True)), ((4, 50, 0.08), (0.14999999999999999, True)), ((4, 50, 0.08), (0.16, True)), ((4, 50, 0.08), (0.17000000000000001, True)), ((4, 50, 0.08), (0.17999999999999999, True)), ((4, 50, 0.08), (0.19, True)), ((4, 50, 0.08), (0.20000000000000001, True))]

BESTLEARNGEM=((0, 50, 0.0), (2, 2, 0.0625, True, True))
LISTLEARNGEM=[((0, 50, 0.0), (2, 1, 0.00390625, True, True)), ((0, 50, 0.0), (2, 1, 0.0078125, True, True)), ((0, 50, 0.0), (2, 1, 0.015625, True, True)), ((0, 50, 0.0), (2, 1, 0.0625, True, True)), ((0, 50, 0.0), (2, 1, 0.125, True, True)), ((0, 50, 0.0), (2, 1, 0.25, True, True)), ((0, 50, 0.0), (2, 2, 0.015625, True, True)), ((0, 50, 0.0), (2, 2, 0.03125, True, True)), ((0, 50, 0.0), (2, 2, 0.0625, True, True)), ((0, 50, 0.0), (2, 2, 0.125, True, True)), ((0, 50, 0.0), (2, 2, 0.25, True, True)), ((0, 50, 0.0), (2, 2, 0.5, True, True)), ((1, 50, 0.02), (2, 1, 0, True, True)), ((1, 50, 0.02), (2, 1, 0.03125, True, True)), ((1, 50, 0.02), (2, 1, 0.5, True, True)), ((1, 50, 0.02), (2, 2, 0, True, True)), ((1, 50, 0.02), (2, 2, 0.00390625, True, True)), ((1, 50, 0.02), (2, 2, 0.0078125, True, True)), ((3, 50, 0.06), (1, 1, 0, True, True)), ((3, 50, 0.06), (1, 1, 0.00390625, True, True)), ((3, 50, 0.06), (1, 1, 0.0078125, True, True)), ((3, 50, 0.06), (1, 2, 0, True, True)), ((3, 50, 0.06), (1, 2, 0.00390625, True, True)), ((3, 50, 0.06), (1, 2, 0.0078125, True, True)), ((4, 50, 0.08), (1, 1, 0.015625, True, True)), ((4, 50, 0.08), (1, 1, 0.03125, True, True)), ((4, 50, 0.08), (1, 1, 0.125, True, True)), ((4, 50, 0.08), (1, 1, 0.25, True, True)), ((4, 50, 0.08), (1, 2, 0.015625, True, True)), ((4, 50, 0.08), (1, 2, 0.03125, True, True)), ((4, 50, 0.08), (1, 2, 0.125, True, True)), ((4, 50, 0.08), (1, 2, 0.25, True, True)), ((5, 50, 0.1), (1, 1, 0.0625, True, True)), ((5, 50, 0.1), (1, 1, 0.5, True, True)), ((5, 50, 0.1), (1, 2, 0.0625, True, True)), ((5, 50, 0.1), (1, 2, 0.5, True, True))]


# error rates for different distance measures
# (error, size, error/size) and binary mask
BESTLP=(16, 150, 0.10666666666666667)
LISTLP=[0, 0, 0, 0, 0, 0, 0, 0, 0, 0, 0, 1, 0, 0, 0, 0, 0, 0, 0, 0, 0, 0, 0, 0, 0, 0, 0, 0, 0, 0, 0, 0, 0, 0, 0, 0, 0, 0, 0, 0, 0, 0, 0, 1, 1, 1, 0, 0, 0, 1, 0, 0, 0, 0, 0, 0, 0, 0, 0, 0, 0, 0, 0, 0, 0, 0, 0, 0, 0, 1, 0, 1, 0, 1, 0, 0, 0, 0, 1, 0, 0, 0, 0, 0, 0, 0, 1, 0, 0, 0, 0, 0, 0, 1, 1, 0, 0, 0, 0, 0, 0, 0, 0, 0, 1, 0, 0, 0, 0, 0, 0, 0, 0, 0, 0, 0, 0, 0, 0, 1, 0, 0, 0, 0, 0, 0, 0, 0, 1, 0, 0, 0, 0, 0, 0, 0, 0, 0, 0, 0, 0, 0, 0, 0, 1, 0, 0, 0, 0, 0]

BESTFULLDTW=(22, 150, 0.14666666666666667)
LISTFULLDTW=[0, 0, 0, 0, 0, 0, 0, 0, 0, 0, 0, 1, 0, 0, 0, 0, 0, 0, 0, 1, 0, 0, 0, 0, 0, 0, 1, 0, 0, 0, 0, 0, 1, 0, 0, 1, 0, 0, 0, 0, 0, 0, 0, 0, 1, 0, 0, 0, 0, 0, 0, 0, 0, 1, 0, 1, 0, 0, 0, 0, 0, 0, 1, 1, 0, 0, 0, 0, 0, 1, 1, 1, 1, 1, 0, 0, 0, 1, 1, 0, 0, 0, 0, 0, 0, 0, 0, 0, 0, 0, 0, 0, 0, 0, 0, 0, 0, 1, 0, 0, 0, 0, 0, 0, 1, 0, 0, 0, 0, 0, 0, 0, 0, 0, 0, 0, 0, 0, 0, 0, 0, 0, 0, 0, 0, 0, 0, 0, 0, 0, 0, 1, 1, 0, 0, 0, 0, 0, 0, 0, 0, 0, 0, 0, 1, 0, 0, 0, 0, 0]

BESTCONSDTW=(6, 150, 0.04)
LISTCONSDTW=[0, 0, 0, 0, 0, 0, 0, 0, 0, 0, 0, 1, 0, 0, 0, 0, 0, 0, 0, 0, 0, 0, 0, 0, 0, 0, 0, 0, 0, 0, 0, 0, 0, 0, 0, 1, 0, 0, 0, 0, 0, 0, 0, 0, 0, 0, 0, 0, 0, 0, 0, 0, 0, 0, 0, 0, 0, 0, 0, 0, 0, 0, 0, 0, 0, 0, 0, 0, 0, 0, 0, 1, 0, 1, 0, 0, 0, 0, 1, 0, 0, 0, 0, 0, 0, 0, 0, 0, 0, 0, 0, 0, 0, 0, 0, 0, 0, 0, 0, 0, 0, 0, 0, 0, 0, 0, 0, 0, 0, 0, 0, 0, 0, 0, 0, 0, 0, 0, 0, 0, 0, 0, 0, 0, 0, 0, 0, 0, 0, 0, 0, 0, 0, 0, 0, 0, 0, 0, 0, 0, 0, 0, 0, 0, 1, 0, 0, 0, 0, 0]

BESTGEM=(6, 150, 0.04)
LISTGEM=[0, 0, 0, 1, 0, 0, 0, 0, 0, 0, 0, 0, 0, 0, 0, 1, 0, 0, 0, 0, 1, 0, 0, 0, 0, 0, 0, 0, 0, 0, 0, 0, 0, 0, 0, 0, 0, 0, 0, 0, 0, 0, 0, 0, 0, 0, 0, 0, 0, 0, 0, 0, 0, 0, 1, 0, 0, 0, 0, 0, 0, 0, 0, 0, 0, 0, 0, 0, 0, 0, 0, 1, 0, 0, 0, 0, 0, 0, 0, 0, 0, 0, 0, 0, 0, 0, 0, 0, 0, 0, 0, 0, 0, 0, 0, 0, 0, 0, 0, 0, 0, 0, 0, 0, 0, 0, 0, 0, 0, 0, 0, 0, 0, 0, 0, 0, 0, 0, 0, 0, 0, 0, 0, 0, 0, 0, 0, 0, 0, 0, 0, 0, 0, 0, 0, 0, 0, 0, 0, 0, 0, 0, 0, 0, 1, 0, 0, 0, 0, 0]

