# shuffled stratified split (indices referring to UCR database)
TESTINDEX=[ 78  84  71  89  74  64  95  62  35  24  40  70  49  94 101  60  86  56
  68  15  17  57  98  91  90  65  97  99  67  66   9  55  61  22  63   2
  12  13  80 107   5  28   6  51  83  19  47  32  93  23 104 110  76  53
   3  14  59  21   0  41  87  46  85  75  92  48  52  26  82  81  96  45
  73   7  31 105  50  34  44  38   8   4  77 108  58   1  30  36]
TRAININDEX=[111 103  11  10  18  39  88  25  27  20  79 106 102 109  43  33  54  69
  29  72 100  16  42  37]

# learned parameters for cdtw and gem
# dtw ((error, size, error/size), (window, sqr))
# gem ((error, size, error/size), (St0, St1, E, sym, sqr))
BESTLEARNCONSDTW=((2, 24, 0.08333333333333333), (0.029999999999999999, True))
LISTLEARNCONSDTW=[((2, 24, 0.08333333333333333), (0.01, True)), ((2, 24, 0.08333333333333333), (0.02, True)), ((2, 24, 0.08333333333333333), (0.029999999999999999, True)), ((2, 24, 0.08333333333333333), (0.040000000000000001, True)), ((2, 24, 0.08333333333333333), (0.050000000000000003, True)), ((3, 24, 0.125), (0.059999999999999998, True)), ((3, 24, 0.125), (0.070000000000000007, True)), ((3, 24, 0.125), (0.080000000000000002, True)), ((3, 24, 0.125), (0.089999999999999997, True)), ((3, 24, 0.125), (0.10000000000000001, True)), ((3, 24, 0.125), (0.11, True)), ((3, 24, 0.125), (0.12, True)), ((3, 24, 0.125), (0.13, True)), ((3, 24, 0.125), (0.14000000000000001, True)), ((3, 24, 0.125), (0.14999999999999999, True)), ((3, 24, 0.125), (0.16, True)), ((3, 24, 0.125), (0.17000000000000001, True)), ((3, 24, 0.125), (0.17999999999999999, True)), ((3, 24, 0.125), (0.19, True)), ((3, 24, 0.125), (0.20000000000000001, True)), ((7, 24, 0.2916666666666667), (0.0, True))]

BESTLEARNGEM=((2, 24, 0.08333333333333333), (2, 1, 0.0625, True, True))
LISTLEARNGEM=[((2, 24, 0.08333333333333333), (2, 1, 0.00390625, True, True)), ((2, 24, 0.08333333333333333), (2, 1, 0.03125, True, True)), ((2, 24, 0.08333333333333333), (2, 1, 0.0625, True, True)), ((2, 24, 0.08333333333333333), (2, 1, 0.125, True, True)), ((2, 24, 0.08333333333333333), (2, 2, 0.0078125, True, True)), ((2, 24, 0.08333333333333333), (2, 2, 0.015625, True, True)), ((2, 24, 0.08333333333333333), (2, 2, 0.03125, True, True)), ((2, 24, 0.08333333333333333), (2, 2, 0.0625, True, True)), ((2, 24, 0.08333333333333333), (2, 2, 0.125, True, True)), ((2, 24, 0.08333333333333333), (2, 2, 0.25, True, True)), ((3, 24, 0.125), (2, 1, 0.0078125, True, True)), ((3, 24, 0.125), (2, 1, 0.015625, True, True)), ((3, 24, 0.125), (2, 2, 0.00390625, True, True)), ((4, 24, 0.16666666666666666), (1, 1, 0, True, True)), ((4, 24, 0.16666666666666666), (1, 1, 0.00390625, True, True)), ((4, 24, 0.16666666666666666), (1, 2, 0, True, True)), ((4, 24, 0.16666666666666666), (1, 2, 0.00390625, True, True)), ((4, 24, 0.16666666666666666), (2, 1, 0, True, True)), ((4, 24, 0.16666666666666666), (2, 1, 0.25, True, True)), ((4, 24, 0.16666666666666666), (2, 2, 0, True, True)), ((4, 24, 0.16666666666666666), (2, 2, 0.5, True, True)), ((5, 24, 0.20833333333333334), (1, 1, 0.0078125, True, True)), ((5, 24, 0.20833333333333334), (1, 2, 0.0078125, True, True)), ((6, 24, 0.25), (1, 1, 0.015625, True, True)), ((6, 24, 0.25), (1, 2, 0.015625, True, True)), ((6, 24, 0.25), (2, 1, 0.5, True, True)), ((7, 24, 0.2916666666666667), (1, 1, 0.03125, True, True)), ((7, 24, 0.2916666666666667), (1, 1, 0.0625, True, True)), ((7, 24, 0.2916666666666667), (1, 1, 0.125, True, True)), ((7, 24, 0.2916666666666667), (1, 1, 0.25, True, True)), ((7, 24, 0.2916666666666667), (1, 2, 0.03125, True, True)), ((7, 24, 0.2916666666666667), (1, 2, 0.0625, True, True)), ((7, 24, 0.2916666666666667), (1, 2, 0.125, True, True)), ((7, 24, 0.2916666666666667), (1, 2, 0.25, True, True)), ((8, 24, 0.3333333333333333), (1, 1, 0.5, True, True)), ((8, 24, 0.3333333333333333), (1, 2, 0.5, True, True))]


# error rates for different distance measures
# (error, size, error/size) and binary mask
BESTLP=(13, 88, 0.14772727272727273)
LISTLP=[1, 0, 0, 0, 1, 0, 0, 0, 0, 0, 0, 0, 0, 0, 0, 0, 0, 0, 0, 0, 0, 0, 1, 0, 0, 0, 0, 0, 0, 0, 0, 0, 0, 0, 0, 1, 1, 0, 0, 1, 1, 0, 0, 1, 0, 1, 0, 0, 0, 0, 0, 0, 0, 0, 0, 0, 0, 0, 0, 0, 0, 0, 0, 0, 1, 0, 0, 0, 0, 0, 0, 0, 0, 0, 0, 0, 0, 1, 0, 0, 0, 0, 0, 0, 1, 0, 1, 0]

BESTFULLDTW=(9, 88, 0.10227272727272728)
LISTFULLDTW=[1, 0, 0, 1, 1, 0, 0, 0, 0, 0, 0, 0, 0, 0, 0, 1, 0, 0, 0, 0, 0, 0, 0, 0, 0, 0, 0, 1, 0, 0, 0, 0, 0, 0, 0, 0, 0, 0, 0, 0, 0, 0, 0, 0, 0, 0, 0, 0, 0, 0, 1, 0, 0, 0, 0, 0, 1, 0, 0, 0, 0, 0, 0, 0, 0, 0, 0, 0, 0, 0, 1, 0, 0, 0, 0, 0, 0, 1, 0, 0, 0, 0, 0, 0, 0, 0, 0, 0]

BESTCONSDTW=(5, 88, 0.056818181818181816)
LISTCONSDTW=[1, 0, 0, 1, 0, 0, 0, 0, 0, 0, 0, 0, 0, 0, 0, 1, 0, 0, 0, 0, 0, 0, 0, 0, 0, 0, 0, 0, 0, 0, 0, 0, 0, 0, 0, 0, 0, 0, 0, 0, 0, 0, 0, 1, 0, 0, 0, 0, 0, 0, 0, 0, 0, 0, 0, 0, 0, 0, 0, 0, 0, 0, 0, 0, 0, 0, 0, 0, 1, 0, 0, 0, 0, 0, 0, 0, 0, 0, 0, 0, 0, 0, 0, 0, 0, 0, 0, 0]

BESTGEM=(9, 88, 0.10227272727272728)
LISTGEM=[1, 0, 0, 1, 0, 0, 0, 0, 0, 0, 0, 0, 0, 0, 0, 0, 0, 0, 0, 0, 0, 1, 1, 0, 0, 0, 0, 0, 0, 0, 0, 0, 1, 0, 0, 0, 0, 0, 0, 0, 1, 0, 1, 0, 0, 0, 0, 0, 0, 0, 0, 0, 0, 0, 0, 0, 1, 0, 0, 0, 0, 0, 0, 0, 0, 0, 0, 0, 0, 0, 0, 0, 0, 0, 0, 0, 0, 0, 0, 1, 0, 0, 0, 0, 0, 0, 0, 0]

