# shuffled stratified split (indices referring to UCR database)
TESTINDEX=[103   2  34 142 151  19 153  30 186 115 154  16 102 185  53  54 174 114
  27  79  33 155 196  17  90  56  39  59  88  71  98   9 120 133  96 111
 131  29 192 143  22  86  82  51 184 110  69 191  67 140 109 194  21  37
 177  68   3  18 141 178 126 127 188  75 132  74 139   0 182  99 170  87
  64  63  76 147  46  50  47 173  81 195  26  78  60   4  13  48 122  61
 105 164 172  28 165 108  35  62 181 145]
TRAININDEX=[134 150  73 190 106 146  83  52  89  44  97  57  72 138 130 135  38 168
 124 158 101 175  85  58 171 100  32 116  70 128 176 149 166 107 162 180
   1 163 159  95  14  41  31 167 112 189  49 148  92  77  94  80  11  15
 157 119  55  43  25  12 137 179 104   5 121 156  66 118  10 117 187  65
   6 183 136 160  23  91  24   8 161 197  20 144 129  93  84 198 152  42
 169 113  45 125  40 193   7  36 123]

# learned parameters for cdtw and gem
# dtw ((error, size, error/size), (window, sqr))
# gem ((error, size, error/size), (St0, St1, E, sym, sqr))
BESTLEARNCONSDTW=((10, 99, 0.10101010101010101), (0.01, True))
LISTLEARNCONSDTW=[((10, 99, 0.10101010101010101), (0.01, True)), ((11, 99, 0.1111111111111111), (0.0, True)), ((13, 99, 0.13131313131313133), (0.02, True)), ((16, 99, 0.16161616161616163), (0.029999999999999999, True)), ((16, 99, 0.16161616161616163), (0.040000000000000001, True)), ((17, 99, 0.1717171717171717), (0.050000000000000003, True)), ((20, 99, 0.20202020202020202), (0.059999999999999998, True)), ((22, 99, 0.2222222222222222), (0.070000000000000007, True)), ((22, 99, 0.2222222222222222), (0.14000000000000001, True)), ((22, 99, 0.2222222222222222), (0.14999999999999999, True)), ((22, 99, 0.2222222222222222), (0.16, True)), ((22, 99, 0.2222222222222222), (0.17000000000000001, True)), ((22, 99, 0.2222222222222222), (0.17999999999999999, True)), ((22, 99, 0.2222222222222222), (0.19, True)), ((22, 99, 0.2222222222222222), (0.20000000000000001, True)), ((23, 99, 0.23232323232323232), (0.12, True)), ((23, 99, 0.23232323232323232), (0.13, True)), ((24, 99, 0.24242424242424243), (0.080000000000000002, True)), ((24, 99, 0.24242424242424243), (0.10000000000000001, True)), ((24, 99, 0.24242424242424243), (0.11, True)), ((25, 99, 0.25252525252525254), (0.089999999999999997, True))]

BESTLEARNGEM=((12, 99, 0.12121212121212122), (1, 2, 0.0625, True, True))
LISTLEARNGEM=[((12, 99, 0.12121212121212122), (1, 1, 0.0625, True, True)), ((12, 99, 0.12121212121212122), (1, 2, 0.0625, True, True)), ((13, 99, 0.13131313131313133), (1, 1, 0.015625, True, True)), ((13, 99, 0.13131313131313133), (1, 1, 0.03125, True, True)), ((13, 99, 0.13131313131313133), (1, 2, 0.015625, True, True)), ((13, 99, 0.13131313131313133), (1, 2, 0.03125, True, True)), ((14, 99, 0.1414141414141414), (1, 1, 0.125, True, True)), ((14, 99, 0.1414141414141414), (1, 1, 0.25, True, True)), ((14, 99, 0.1414141414141414), (1, 2, 0.125, True, True)), ((14, 99, 0.1414141414141414), (1, 2, 0.25, True, True)), ((15, 99, 0.15151515151515152), (1, 1, 0, True, True)), ((15, 99, 0.15151515151515152), (1, 1, 0.00390625, True, True)), ((15, 99, 0.15151515151515152), (1, 2, 0, True, True)), ((15, 99, 0.15151515151515152), (1, 2, 0.00390625, True, True)), ((15, 99, 0.15151515151515152), (2, 1, 0.0625, True, True)), ((16, 99, 0.16161616161616163), (1, 1, 0.0078125, True, True)), ((16, 99, 0.16161616161616163), (1, 2, 0.0078125, True, True)), ((16, 99, 0.16161616161616163), (2, 1, 0, True, True)), ((16, 99, 0.16161616161616163), (2, 1, 0.00390625, True, True)), ((16, 99, 0.16161616161616163), (2, 1, 0.0078125, True, True)), ((16, 99, 0.16161616161616163), (2, 1, 0.015625, True, True)), ((16, 99, 0.16161616161616163), (2, 1, 0.03125, True, True)), ((16, 99, 0.16161616161616163), (2, 1, 0.125, True, True)), ((18, 99, 0.18181818181818182), (1, 1, 0.5, True, True)), ((18, 99, 0.18181818181818182), (1, 2, 0.5, True, True)), ((19, 99, 0.1919191919191919), (2, 1, 0.25, True, True)), ((19, 99, 0.1919191919191919), (2, 2, 0.125, True, True)), ((20, 99, 0.20202020202020202), (2, 1, 0.5, True, True)), ((21, 99, 0.21212121212121213), (2, 2, 0.25, True, True)), ((22, 99, 0.2222222222222222), (2, 2, 0.0625, True, True)), ((24, 99, 0.24242424242424243), (2, 2, 0, True, True)), ((24, 99, 0.24242424242424243), (2, 2, 0.00390625, True, True)), ((24, 99, 0.24242424242424243), (2, 2, 0.0078125, True, True)), ((24, 99, 0.24242424242424243), (2, 2, 0.015625, True, True)), ((25, 99, 0.25252525252525254), (2, 2, 0.03125, True, True)), ((27, 99, 0.2727272727272727), (2, 2, 0.5, True, True))]


# error rates for different distance measures
# (error, size, error/size) and binary mask
BESTLP=(12, 100, 0.12)
LISTLP=[0, 1, 0, 0, 1, 0, 0, 0, 0, 0, 0, 0, 0, 0, 0, 0, 0, 0, 0, 0, 0, 0, 0, 0, 0, 0, 0, 0, 0, 0, 0, 0, 1, 0, 0, 0, 0, 0, 1, 0, 0, 0, 0, 0, 0, 0, 0, 0, 0, 0, 0, 0, 0, 0, 0, 0, 0, 0, 0, 0, 0, 0, 1, 1, 0, 0, 0, 0, 0, 0, 0, 0, 0, 1, 0, 1, 0, 0, 0, 0, 0, 1, 0, 0, 0, 1, 0, 0, 0, 0, 0, 0, 1, 0, 1, 0, 0, 0, 0, 0]

BESTFULLDTW=(21, 100, 0.21)
LISTFULLDTW=[1, 1, 0, 0, 1, 0, 0, 0, 1, 0, 0, 0, 0, 0, 0, 1, 0, 0, 0, 0, 0, 0, 1, 0, 0, 0, 1, 0, 0, 0, 0, 0, 1, 0, 0, 1, 0, 0, 1, 0, 0, 0, 0, 0, 0, 0, 0, 0, 0, 1, 0, 1, 0, 0, 0, 0, 0, 0, 1, 0, 0, 0, 0, 1, 0, 0, 0, 0, 0, 0, 1, 0, 0, 0, 0, 0, 0, 0, 0, 0, 0, 1, 1, 0, 0, 0, 0, 0, 0, 0, 0, 0, 1, 1, 1, 0, 1, 0, 0, 0]

BESTCONSDTW=(14, 100, 0.14)
LISTCONSDTW=[0, 1, 0, 0, 1, 0, 0, 0, 1, 0, 0, 0, 0, 0, 0, 1, 0, 0, 0, 0, 0, 0, 0, 0, 0, 0, 0, 0, 0, 0, 0, 0, 1, 0, 0, 0, 0, 0, 1, 0, 0, 0, 0, 0, 0, 1, 0, 0, 0, 0, 0, 0, 0, 0, 0, 0, 0, 0, 0, 0, 0, 0, 1, 1, 0, 0, 0, 0, 0, 0, 0, 0, 0, 1, 0, 1, 0, 0, 0, 0, 0, 0, 0, 0, 0, 1, 0, 0, 0, 0, 0, 0, 1, 0, 1, 0, 0, 0, 0, 0]

BESTGEM=(17, 100, 0.17)
LISTGEM=[1, 1, 0, 0, 1, 0, 0, 0, 1, 0, 0, 0, 0, 0, 0, 1, 0, 0, 0, 0, 0, 0, 0, 0, 0, 0, 0, 0, 0, 0, 0, 0, 1, 0, 0, 1, 0, 0, 1, 0, 0, 0, 0, 0, 0, 0, 0, 0, 0, 0, 0, 0, 0, 0, 0, 0, 0, 0, 1, 0, 0, 0, 1, 1, 0, 0, 0, 0, 0, 1, 0, 0, 0, 1, 0, 1, 0, 0, 0, 0, 0, 1, 0, 0, 0, 0, 0, 0, 0, 0, 0, 0, 1, 0, 1, 0, 0, 0, 0, 0]

