# shuffled stratified split (indices referring to UCR database)
TESTINDEX=[ 79 407 379 328 692 314 165 449 279 776 491 688 555 158 167 759 137 517
  69  97 566 460 536 564 260 619  81 199 255 661 436 116 617 579 764 312
 147 160 625 775 675 679 748 311 117 660 571 189 711 562 741 336 319 680
 338  47 267 488 521 150 250  35 632  64 493 568 681 677 339 264 659 193
 687 105 333 196 419 542 642 426 401 383 772 604 291 195 676 435 382  78
 734 363 719 234 609 623  42 317  99 773 357 400  95 301 309  23  14 297
 605  75 779  94 610  18 756 501 476 316 100 211  40 369 523  22 666 210
 480 428  34  10 323 543 433 754 540 645 630 495  39 282 275 603 445 425
 430 563 621 539 545 695 416 514 366 173 771 170  24 327 456 597 620 422
  50 186  33 387 370 490 259 581  12 119 640 322 615 221  25 694 355 109
 458 693 633 262 125 475 735 245  63 304  49 213 440 204  77 408 629 669
 708 532 443 507 217 724  67 662 691 594 685 648 420 142 651 110  62 285
 384 286 767 121 393 163  20 763 438 182 497  38 216 639  83 223 455 115
 227 157  87 423 585 246 761 682  28 519 231 373 451 310 418 616 462  66
 251 515 473 159  55 745 534 750 702 465 636 427  85 257 601 746 588 670
 185 712 446 149 704 292 553 315 172 696 531 638  57 484 556 112 606  92
 730 544 361 252 138  51 607 122 667 728 740 287 194 329 467 358 123 762
 582 637 395 372 220 289 479 254 486 706 608 578 269 671 367 726  73 241
   1 215 477 166   0  41 345  43 599  80 162 700 664 202 153 689 351 356
 281 132 713 641 725 294 697 306  72 139 752 364 391 394 253   4 482 225
 201 546 744 720 755 141 341 705 516 643 522 690  90 487 102 736 374 565
 265  98  65 354 198 178 557 470 207 325 600 208 256 375 760 402]
TRAININDEX=[716 288 169 587   6  86  16 399 778 613   5 450  45 353  11 271 520 386
 732 496 590 224 335 136 723 631 108 505 506 103  60 403 598 526 538  31
  91 290 392 389 205  74 348 113 572  17 244 663 463 242  52 365 168 769
  37 574 411 635 442 237 468   7 672 683 283 650 230 171 558 280 527 404
 485 238 626 584 277 214 508 551  21 628  29 492 344 504 757 722 293 232
 305 592 200 206 622 414 743 360 377 270 104 390 583 494 591 320 424 753
 668 749 655 334 307 219 140 236 197 337 187 554 308 777 151 313 718  26
 396 447 576 444  27 397  53 715 101 528 274  93 684 146 248 596  56 388
   9 155 133  70 350 362 385 284 644 410 188 431 346 714 239 569 738 191
 176 499 272 240 181  30 263  15 229 296 570 124 474 518 249 453 226 129
 324 276 340 190 222 674 653 243 421 342 627 466   8 580 118 439 298 612
  13 471  36 656 413 549 161 511  32 510 179 128 412 646 405  71 765 472
 212 235 203 114 560 126 701 174 686 589 624 156 657 649 502 768 461 352
 729 127   2 380 703 330 747 415 537 751 524 509  68 727 278 343 303 318
  48 448 228  19  82  76 299 347 268 321  84 561 586 577 489 349 647 452
 295 634 658 469 774 733  58 130 707 180 665 432 593 500 368 721 152 192
 184 742 548   3 378 406 567 209 513 547 512 144 233 175 164 154 261 573
  44 183 177 529 550 552 770 359 559 331 409  89 758 454 434 371 332 302
 107 673 106 595 739 273 698 710 247 575  88 541 654 143 131 731  96 145
  59 717 218 780 503 602 135 652 148 441 134 120 498 533 381 376 481 614
 459 417 483 429 111 326  46 709 258 766 611 530 535  54 437  61 478 737
 678 300 457 525 618 266 464 699 398]

# learned parameters for cdtw and gem
# dtw ((error, size, error/size), (window, sqr))
# gem ((error, size, error/size), (St0, St1, E, sym, sqr))
BESTLEARNCONSDTW=((148, 387, 0.38242894056847543), (0.01, True))
LISTLEARNCONSDTW=[((148, 387, 0.38242894056847543), (0.01, True)), ((150, 387, 0.38759689922480622), (0.0, True)), ((155, 387, 0.4005167958656331), (0.02, True)), ((155, 387, 0.4005167958656331), (0.059999999999999998, True)), ((155, 387, 0.4005167958656331), (0.070000000000000007, True)), ((155, 387, 0.4005167958656331), (0.080000000000000002, True)), ((155, 387, 0.4005167958656331), (0.089999999999999997, True)), ((155, 387, 0.4005167958656331), (0.10000000000000001, True)), ((155, 387, 0.4005167958656331), (0.11, True)), ((155, 387, 0.4005167958656331), (0.12, True)), ((155, 387, 0.4005167958656331), (0.13, True)), ((155, 387, 0.4005167958656331), (0.14000000000000001, True)), ((155, 387, 0.4005167958656331), (0.14999999999999999, True)), ((155, 387, 0.4005167958656331), (0.16, True)), ((155, 387, 0.4005167958656331), (0.17000000000000001, True)), ((155, 387, 0.4005167958656331), (0.17999999999999999, True)), ((155, 387, 0.4005167958656331), (0.19, True)), ((155, 387, 0.4005167958656331), (0.20000000000000001, True)), ((156, 387, 0.40310077519379844), (0.050000000000000003, True)), ((157, 387, 0.40568475452196384), (0.029999999999999999, True)), ((157, 387, 0.40568475452196384), (0.040000000000000001, True))]

BESTLEARNGEM=((118, 387, 0.30490956072351422), (2, 1, 0.25, True, True))
LISTLEARNGEM=[((118, 387, 0.30490956072351422), (2, 1, 0.25, True, True)), ((119, 387, 0.30749354005167956), (2, 1, 0.125, True, True)), ((125, 387, 0.32299741602067183), (1, 1, 0.25, True, True)), ((125, 387, 0.32299741602067183), (1, 2, 0.25, True, True)), ((130, 387, 0.33591731266149871), (1, 1, 0.125, True, True)), ((130, 387, 0.33591731266149871), (1, 2, 0.125, True, True)), ((130, 387, 0.33591731266149871), (2, 1, 0.0625, True, True)), ((131, 387, 0.33850129198966411), (2, 2, 0.5, True, True)), ((132, 387, 0.34108527131782945), (1, 1, 0.5, True, True)), ((132, 387, 0.34108527131782945), (1, 2, 0.5, True, True)), ((132, 387, 0.34108527131782945), (2, 1, 0.5, True, True)), ((134, 387, 0.34625322997416019), (2, 2, 0.25, True, True)), ((136, 387, 0.35142118863049093), (2, 1, 0.03125, True, True)), ((137, 387, 0.35400516795865633), (1, 1, 0.0625, True, True)), ((137, 387, 0.35400516795865633), (1, 2, 0.0625, True, True)), ((138, 387, 0.35658914728682173), (2, 1, 0.0078125, True, True)), ((140, 387, 0.36175710594315247), (2, 1, 0.015625, True, True)), ((141, 387, 0.36434108527131781), (2, 1, 0.00390625, True, True)), ((142, 387, 0.36692506459948321), (2, 1, 0, True, True)), ((143, 387, 0.36950904392764861), (1, 1, 0.03125, True, True)), ((143, 387, 0.36950904392764861), (1, 2, 0.03125, True, True)), ((151, 387, 0.39018087855297157), (1, 1, 0.015625, True, True)), ((151, 387, 0.39018087855297157), (1, 2, 0.015625, True, True)), ((151, 387, 0.39018087855297157), (2, 2, 0.125, True, True)), ((161, 387, 0.41602067183462532), (1, 1, 0.0078125, True, True)), ((161, 387, 0.41602067183462532), (1, 2, 0.0078125, True, True)), ((168, 387, 0.43410852713178294), (1, 1, 0.00390625, True, True)), ((168, 387, 0.43410852713178294), (1, 2, 0.00390625, True, True)), ((172, 387, 0.44444444444444442), (1, 1, 0, True, True)), ((172, 387, 0.44444444444444442), (1, 2, 0, True, True)), ((173, 387, 0.44702842377260982), (2, 2, 0.0625, True, True)), ((186, 387, 0.48062015503875971), (2, 2, 0.03125, True, True)), ((196, 387, 0.50645994832041341), (2, 2, 0.015625, True, True)), ((210, 387, 0.54263565891472865), (2, 2, 0.00390625, True, True)), ((212, 387, 0.54780361757105944), (2, 2, 0.0078125, True, True)), ((218, 387, 0.56330749354005172), (2, 2, 0, True, True))]


# error rates for different distance measures
# (error, size, error/size) and binary mask
BESTLP=(148, 394, 0.37563451776649748)
LISTLP=[1, 0, 0, 0, 1, 1, 0, 1, 0, 1, 1, 1, 0, 1, 1, 0, 0, 0, 0, 0, 0, 0, 1, 0, 0, 0, 1, 1, 0, 0, 0, 1, 0, 0, 0, 1, 1, 1, 0, 0, 0, 0, 1, 0, 0, 1, 0, 1, 1, 1, 0, 1, 1, 1, 1, 1, 1, 0, 0, 0, 1, 1, 1, 0, 1, 0, 0, 0, 0, 1, 1, 0, 0, 0, 1, 0, 1, 1, 1, 0, 1, 1, 1, 0, 0, 1, 0, 0, 1, 1, 1, 1, 0, 0, 0, 1, 1, 0, 1, 1, 0, 1, 1, 0, 0, 1, 0, 1, 1, 0, 1, 0, 1, 1, 0, 0, 0, 0, 1, 0, 0, 0, 0, 0, 1, 1, 1, 0, 0, 0, 1, 0, 0, 0, 0, 0, 1, 1, 0, 0, 0, 0, 0, 1, 1, 0, 0, 0, 0, 0, 0, 0, 0, 0, 0, 1, 1, 0, 0, 1, 1, 1, 0, 0, 1, 0, 0, 0, 0, 0, 0, 0, 0, 0, 0, 0, 0, 0, 0, 0, 0, 1, 1, 1, 1, 1, 0, 1, 1, 0, 0, 0, 0, 1, 1, 0, 0, 0, 0, 0, 0, 0, 0, 0, 1, 1, 0, 0, 0, 0, 1, 1, 0, 1, 0, 1, 0, 0, 0, 0, 0, 1, 1, 1, 0, 0, 1, 0, 0, 1, 1, 1, 1, 0, 1, 0, 0, 0, 0, 0, 0, 1, 0, 1, 1, 0, 0, 0, 0, 0, 0, 0, 0, 0, 0, 0, 0, 1, 0, 0, 0, 0, 1, 0, 0, 0, 0, 1, 1, 0, 1, 0, 0, 0, 1, 0, 0, 1, 0, 0, 0, 0, 0, 0, 0, 1, 1, 0, 0, 0, 0, 0, 1, 0, 1, 0, 0, 0, 1, 0, 0, 0, 0, 1, 1, 0, 0, 0, 0, 1, 1, 0, 0, 0, 1, 1, 0, 1, 1, 0, 0, 0, 0, 1, 0, 1, 0, 1, 0, 0, 0, 1, 1, 1, 0, 1, 1, 1, 0, 0, 0, 1, 0, 0, 0, 0, 1, 0, 0, 0, 0, 0, 1, 1, 1, 1, 1, 0, 1, 0, 0, 0, 0, 1, 1, 1, 0, 0, 0, 1, 0, 1, 0, 0, 0, 0, 0, 0, 1, 0, 0, 0, 1, 1, 0, 0, 1, 1, 0, 0, 0, 0, 1, 1]

BESTFULLDTW=(149, 394, 0.37817258883248733)
LISTFULLDTW=[0, 0, 0, 0, 0, 1, 1, 1, 0, 1, 1, 1, 1, 0, 1, 0, 1, 0, 0, 0, 0, 0, 1, 0, 0, 0, 1, 1, 0, 1, 0, 0, 1, 0, 0, 0, 1, 1, 0, 0, 1, 0, 1, 0, 0, 1, 0, 0, 1, 1, 0, 0, 1, 1, 1, 0, 1, 0, 0, 0, 1, 1, 0, 0, 1, 0, 0, 0, 0, 1, 1, 0, 1, 0, 1, 0, 1, 0, 1, 1, 1, 1, 0, 0, 0, 1, 1, 0, 0, 0, 1, 1, 1, 1, 0, 1, 1, 1, 1, 1, 0, 1, 1, 0, 0, 1, 0, 1, 1, 0, 1, 0, 0, 1, 0, 0, 0, 0, 1, 1, 0, 0, 0, 0, 1, 1, 0, 0, 0, 0, 0, 1, 0, 0, 1, 0, 1, 1, 0, 0, 0, 0, 0, 1, 1, 1, 0, 0, 0, 1, 0, 0, 0, 0, 0, 1, 1, 0, 0, 1, 1, 1, 0, 0, 1, 1, 0, 0, 0, 0, 0, 0, 1, 0, 0, 1, 0, 0, 1, 0, 1, 1, 1, 1, 1, 1, 0, 0, 1, 0, 0, 0, 0, 0, 1, 0, 0, 0, 0, 1, 0, 0, 0, 0, 0, 1, 1, 1, 0, 0, 1, 0, 0, 0, 0, 1, 0, 0, 0, 0, 0, 1, 1, 0, 1, 0, 0, 0, 1, 1, 0, 1, 0, 0, 1, 0, 0, 0, 0, 0, 0, 0, 0, 1, 0, 0, 0, 0, 0, 1, 0, 0, 0, 0, 0, 0, 0, 1, 0, 0, 0, 0, 1, 0, 0, 0, 0, 1, 1, 0, 0, 1, 0, 0, 0, 0, 0, 1, 0, 0, 0, 1, 0, 0, 0, 0, 1, 0, 0, 0, 0, 0, 1, 0, 1, 0, 0, 1, 0, 0, 0, 0, 1, 1, 1, 0, 0, 0, 0, 1, 0, 0, 0, 0, 1, 0, 0, 1, 1, 0, 0, 1, 0, 1, 0, 1, 0, 1, 0, 0, 0, 1, 1, 1, 0, 0, 1, 1, 0, 1, 1, 1, 0, 0, 0, 0, 1, 0, 0, 0, 0, 0, 0, 1, 1, 0, 1, 0, 1, 0, 0, 0, 0, 1, 1, 1, 0, 0, 0, 1, 0, 1, 0, 1, 0, 1, 0, 0, 1, 0, 1, 0, 1, 0, 0, 0, 1, 1, 0, 0, 0, 0, 1, 1]

BESTCONSDTW=(141, 394, 0.35786802030456855)
LISTCONSDTW=[0, 0, 0, 0, 0, 1, 1, 1, 0, 1, 1, 1, 1, 0, 1, 0, 1, 0, 0, 0, 0, 0, 1, 0, 0, 0, 1, 0, 0, 1, 0, 1, 0, 0, 0, 0, 1, 1, 0, 0, 0, 0, 1, 0, 0, 1, 0, 0, 1, 1, 0, 0, 1, 1, 1, 0, 1, 0, 0, 0, 1, 1, 1, 0, 1, 0, 0, 0, 0, 1, 1, 0, 1, 0, 1, 0, 1, 0, 1, 1, 1, 1, 0, 0, 0, 1, 1, 0, 0, 0, 1, 1, 1, 0, 0, 1, 1, 1, 1, 1, 0, 1, 1, 0, 0, 1, 0, 1, 1, 0, 1, 0, 0, 1, 0, 0, 0, 0, 0, 0, 0, 0, 0, 0, 1, 1, 0, 0, 0, 0, 0, 1, 0, 0, 0, 0, 1, 1, 0, 0, 0, 0, 0, 1, 1, 1, 0, 0, 0, 1, 0, 0, 0, 0, 0, 1, 1, 0, 0, 1, 1, 1, 0, 0, 1, 1, 0, 0, 0, 0, 0, 0, 0, 0, 0, 1, 0, 0, 1, 0, 1, 1, 1, 1, 1, 1, 0, 0, 1, 0, 0, 0, 0, 0, 1, 0, 0, 0, 0, 1, 0, 0, 0, 0, 0, 1, 1, 1, 0, 0, 1, 0, 0, 0, 0, 1, 0, 0, 0, 0, 0, 1, 1, 0, 1, 0, 0, 0, 1, 1, 0, 1, 0, 0, 1, 0, 0, 0, 0, 0, 0, 0, 1, 1, 1, 0, 0, 0, 0, 1, 0, 0, 0, 0, 0, 0, 0, 1, 0, 0, 0, 0, 1, 0, 0, 0, 0, 1, 1, 0, 0, 1, 0, 0, 0, 0, 0, 1, 0, 0, 0, 1, 0, 0, 0, 1, 0, 0, 0, 0, 0, 0, 1, 0, 1, 0, 0, 0, 0, 0, 0, 0, 1, 1, 1, 0, 0, 0, 0, 1, 0, 0, 0, 0, 1, 0, 0, 1, 1, 0, 0, 1, 0, 1, 0, 1, 0, 1, 0, 0, 0, 1, 0, 1, 0, 0, 1, 1, 0, 1, 1, 1, 0, 0, 0, 0, 1, 0, 0, 0, 0, 0, 0, 1, 1, 0, 1, 0, 1, 0, 0, 0, 0, 1, 1, 1, 0, 0, 0, 1, 0, 1, 0, 0, 0, 1, 0, 0, 1, 0, 0, 0, 1, 0, 0, 0, 1, 1, 0, 0, 0, 0, 1, 1]

BESTGEM=(116, 394, 0.29441624365482233)
LISTGEM=[0, 0, 1, 0, 0, 1, 1, 1, 0, 0, 1, 0, 0, 0, 1, 0, 0, 1, 0, 0, 0, 0, 1, 0, 0, 0, 1, 1, 0, 0, 0, 1, 0, 1, 0, 0, 1, 1, 0, 0, 0, 0, 1, 0, 0, 0, 0, 0, 0, 1, 0, 0, 1, 0, 1, 0, 1, 0, 0, 0, 0, 1, 1, 0, 1, 0, 0, 0, 0, 1, 1, 1, 0, 1, 1, 0, 1, 0, 0, 0, 1, 1, 0, 0, 0, 0, 1, 0, 0, 0, 1, 1, 0, 0, 0, 1, 0, 1, 1, 1, 0, 1, 0, 0, 0, 1, 0, 1, 1, 0, 1, 0, 0, 1, 0, 0, 0, 0, 1, 0, 0, 0, 0, 0, 1, 1, 1, 0, 0, 0, 0, 1, 0, 0, 0, 0, 1, 1, 0, 0, 0, 0, 0, 1, 1, 0, 0, 0, 0, 1, 0, 0, 0, 0, 0, 0, 1, 0, 0, 1, 1, 1, 0, 0, 1, 1, 0, 0, 0, 0, 0, 0, 0, 0, 0, 1, 0, 0, 0, 0, 0, 1, 1, 1, 1, 0, 0, 0, 1, 0, 0, 0, 0, 0, 0, 0, 0, 0, 0, 1, 0, 0, 0, 0, 0, 1, 1, 0, 0, 0, 1, 0, 0, 1, 0, 1, 0, 0, 0, 0, 0, 1, 1, 1, 0, 0, 0, 0, 0, 1, 0, 1, 0, 0, 0, 0, 0, 1, 0, 0, 0, 0, 0, 0, 0, 0, 0, 0, 0, 0, 0, 0, 0, 0, 1, 0, 0, 0, 0, 0, 0, 0, 1, 0, 0, 0, 0, 1, 1, 0, 0, 0, 0, 0, 0, 0, 0, 0, 0, 0, 0, 0, 0, 0, 0, 1, 0, 0, 0, 0, 0, 0, 1, 0, 1, 1, 0, 1, 0, 0, 0, 0, 0, 0, 1, 0, 0, 0, 0, 1, 0, 0, 0, 0, 1, 0, 1, 0, 1, 0, 0, 0, 0, 1, 0, 1, 0, 1, 0, 0, 0, 1, 0, 1, 0, 1, 1, 1, 0, 1, 0, 0, 0, 0, 0, 0, 1, 0, 0, 0, 0, 0, 0, 1, 1, 0, 1, 0, 0, 0, 0, 0, 0, 1, 1, 1, 0, 0, 0, 1, 0, 1, 0, 0, 0, 0, 0, 0, 1, 1, 0, 0, 1, 0, 0, 0, 1, 1, 0, 0, 0, 0, 1, 1]

