# shuffled stratified split (indices referring to UCR database)
TESTINDEX=[521 484 746 148 572  71 451  73 152 754 565 478 165 242 370  19 332 300
 221 173 429 632 259  92 490 568 704 169 381 230  75 618 260 680 217 483
 472  33 651 519 658 343 170 511 720 266 629  38 716 524 147 469  70 559
 144 174 673 113 554 460 193 541 696 441 583 179 639 476 265 563 172 427
 368 649 523 346 505 567 562 416  50 622 759 564 621 198 385 387 277 701
 294 642 231  84 289 127 380 425 438 609 522 297 636 634 726 454  11 485
 540 747  27 766 592 322 512 240 286 546 377 424 268  77 117 196 492 252
 558 338 702 600  37 383 397  39  82 470 365 129 220 608 610 271 518 761
 180 236 570 443 275  65 233 298 269 771 495  87 440 654 556  40 215 281
 500  24 482 553 594 279 666  66 575 123 209 493 705 244 344 566 590 422
 171   1 598 253 248  47 250 112 615 749 163 255 671 596 442 374 407  56
 156 764 159 582 433 640 706 119 475 675 723 124  61  21 687 285 108 426
 718 509 667 544 437 752  67 158 417 224 498   3 319 335 199 631 614 477
 122 114 627 405 494  63 750  23 305 402 638 189 386 650 358  57 693 656
 601 760 434 201 677 102 528 459  22 204   7 107 337 586 393  95 555 449
 536 120 160 517 724 531 644 295 589 456 133 727 733 191 683  81 134 574
 149 714 258 326 256 694 408 542 551 688 489 488 620 293 763 466 468 412
  54 545 274 128   2 216 682   0 515 131 431 625 406 697 394 284 465 691
 423 504 626 713 607 604 533 311 580 118 739 347 719  46 569 226 648 415
 166 396 444 734  18  89 324 115 382 369 550 390 308 404 653 439 334 741
  74 532 436 110 360 185 355 552 225 605 312 246 428 435 154 301  97 100
 619 418 692 261 167 212]
TRAININDEX=[ 43 323 287 668 245  48 223 183 507  26 462  90 487 703 103 458 473 307
 353 401 729  91 292 375 104 340 327 389  98  42 139 643 126  96 637 646
 698 599 710 461 499 182 700 419 496 342 537 420 685 304 709 602 446 520
  49 178 578  51 430 641 735  83 329 480 561  59 474   8 678   4 339 371
 712 232 278  58  60 737 549 464 655 282 721  45 142 313 584 111 288 409
 742 150 184 588 336 135 330 497 740 756 659 463  10 325 302 373 513 190
 593 228  36 635 367 745 597 471 452 736 587 227 379 320 399 612 728 743
 585 530 491 237 213 132 267 270 679 414 186  85 317 410 579 479 674 218
 768 315 445 214  99 617 534  80 341 318 525  52 501 376  76  53 686 657
  62 206 181 349 314 573 547 241 652 647 660 623  41 503 262 350 611 354
 207 413 146 457 403 188 769 161 145 628 310 481 177  28 116 234 684 670
 333 280 591 753  31 732  17  30   6 699 251 662 529 751 364 576 453 283
 645 672 138 164 372  13 717 543 306  35 616 219 359 557 273 432 222 613
  78 392 141 168 363 731 624  79  32 264 762 316 772 357 194 707 681 447
   9 235 527  55 664 151 257 157 708 296 378 502 661 321 143 263 254 162
  64 243 106 176 548 486 725 155 208 195  86 738  72  25 101  94 663 538
 362  88 633 715  14 361 331   5 455 345  44 200 571 105 669 411  34  20
 175  12 197 722 711 276 421 395 205 450 210 539 187  16 665 676 291 109
 630 247  15  93  29 351 211 356 400 526 388 366 595 508 229 606 125 136
 121 506 153 249 581 577 272 309 510 603 238  69  68 290 514 765 130 689
 448 516 203 352 239 140 137 391 744 467 202 535 348 398 192 328 775 384
 299 695 303 757 690 560]

# learned parameters for cdtw and gem
# dtw ((error, size, error/size), (window, sqr))
# gem ((error, size, error/size), (St0, St1, E, sym, sqr))
BESTLEARNCONSDTW=((78, 384, 0.203125), (0.080000000000000002, True))
LISTLEARNCONSDTW=[((78, 384, 0.203125), (0.080000000000000002, True)), ((80, 384, 0.20833333333333334), (0.070000000000000007, True)), ((81, 384, 0.2109375), (0.050000000000000003, True)), ((81, 384, 0.2109375), (0.10000000000000001, True)), ((82, 384, 0.21354166666666666), (0.089999999999999997, True)), ((82, 384, 0.21354166666666666), (0.17000000000000001, True)), ((82, 384, 0.21354166666666666), (0.20000000000000001, True)), ((83, 384, 0.21614583333333334), (0.16, True)), ((84, 384, 0.21875), (0.14999999999999999, True)), ((84, 384, 0.21875), (0.17999999999999999, True)), ((84, 384, 0.21875), (0.19, True)), ((85, 384, 0.22135416666666666), (0.059999999999999998, True)), ((85, 384, 0.22135416666666666), (0.11, True)), ((85, 384, 0.22135416666666666), (0.14000000000000001, True)), ((86, 384, 0.22395833333333334), (0.13, True)), ((87, 384, 0.2265625), (0.12, True)), ((88, 384, 0.22916666666666666), (0.040000000000000001, True)), ((96, 384, 0.25), (0.029999999999999999, True)), ((103, 384, 0.26822916666666669), (0.02, True)), ((110, 384, 0.28645833333333331), (0.01, True)), ((159, 384, 0.4140625), (0.0, True))]

BESTLEARNGEM=((74, 384, 0.19270833333333334), (2, 2, 0.015625, True, True))
LISTLEARNGEM=[((74, 384, 0.19270833333333334), (2, 2, 0.015625, True, True)), ((77, 384, 0.20052083333333334), (2, 2, 0.03125, True, True)), ((80, 384, 0.20833333333333334), (2, 2, 0.0625, True, True)), ((81, 384, 0.2109375), (2, 2, 0.00390625, True, True)), ((81, 384, 0.2109375), (2, 2, 0.0078125, True, True)), ((84, 384, 0.21875), (2, 2, 0, True, True)), ((101, 384, 0.26302083333333331), (2, 2, 0.125, True, True)), ((131, 384, 0.34114583333333331), (2, 2, 0.25, True, True)), ((160, 384, 0.41666666666666669), (2, 2, 0.5, True, True)), ((169, 384, 0.44010416666666669), (2, 1, 0.03125, True, True)), ((170, 384, 0.44270833333333331), (2, 1, 0.0625, True, True)), ((171, 384, 0.4453125), (1, 1, 0.015625, True, True)), ((171, 384, 0.4453125), (1, 2, 0.015625, True, True)), ((171, 384, 0.4453125), (2, 1, 0.015625, True, True)), ((174, 384, 0.453125), (1, 1, 0.00390625, True, True)), ((174, 384, 0.453125), (1, 1, 0.0078125, True, True)), ((174, 384, 0.453125), (1, 2, 0.00390625, True, True)), ((174, 384, 0.453125), (1, 2, 0.0078125, True, True)), ((178, 384, 0.46354166666666669), (2, 1, 0.0078125, True, True)), ((181, 384, 0.47135416666666669), (1, 1, 0.03125, True, True)), ((181, 384, 0.47135416666666669), (1, 2, 0.03125, True, True)), ((181, 384, 0.47135416666666669), (2, 1, 0.00390625, True, True)), ((186, 384, 0.484375), (1, 1, 0, True, True)), ((186, 384, 0.484375), (1, 2, 0, True, True)), ((189, 384, 0.4921875), (2, 1, 0, True, True)), ((193, 384, 0.50260416666666663), (2, 1, 0.125, True, True)), ((194, 384, 0.50520833333333337), (1, 1, 0.0625, True, True)), ((194, 384, 0.50520833333333337), (1, 2, 0.0625, True, True)), ((211, 384, 0.54947916666666663), (1, 1, 0.125, True, True)), ((211, 384, 0.54947916666666663), (1, 2, 0.125, True, True)), ((223, 384, 0.58072916666666663), (2, 1, 0.25, True, True)), ((233, 384, 0.60677083333333337), (1, 1, 0.25, True, True)), ((233, 384, 0.60677083333333337), (1, 2, 0.25, True, True)), ((257, 384, 0.66927083333333337), (2, 1, 0.5, True, True)), ((272, 384, 0.70833333333333337), (1, 1, 0.5, True, True)), ((272, 384, 0.70833333333333337), (1, 2, 0.5, True, True))]


# error rates for different distance measures
# (error, size, error/size) and binary mask
BESTLP=(152, 384, 0.39583333333333331)
LISTLP=[0, 1, 0, 1, 0, 1, 1, 0, 0, 0, 1, 1, 1, 1, 0, 1, 0, 0, 1, 0, 1, 0, 0, 0, 0, 1, 0, 1, 1, 0, 0, 0, 0, 1, 0, 1, 0, 1, 0, 0, 0, 0, 0, 0, 0, 0, 1, 1, 0, 1, 1, 0, 1, 0, 1, 0, 0, 0, 0, 0, 1, 0, 1, 0, 1, 0, 1, 0, 0, 1, 1, 0, 1, 0, 0, 1, 1, 1, 1, 0, 1, 0, 0, 0, 1, 0, 1, 0, 0, 1, 1, 1, 1, 0, 0, 0, 0, 1, 0, 0, 1, 0, 0, 1, 0, 1, 0, 0, 1, 0, 0, 0, 1, 0, 0, 1, 0, 1, 0, 0, 0, 0, 0, 1, 1, 0, 1, 0, 0, 1, 1, 0, 0, 1, 1, 1, 1, 1, 1, 0, 0, 0, 1, 0, 1, 0, 0, 1, 0, 0, 0, 0, 0, 0, 1, 1, 0, 1, 0, 0, 1, 1, 0, 0, 0, 0, 1, 0, 0, 0, 0, 0, 0, 0, 0, 0, 1, 0, 1, 0, 0, 0, 1, 0, 1, 1, 0, 1, 0, 0, 1, 0, 0, 0, 0, 1, 1, 0, 0, 0, 0, 0, 0, 0, 1, 0, 0, 1, 0, 1, 1, 1, 0, 1, 1, 0, 0, 1, 0, 1, 1, 0, 0, 0, 0, 0, 0, 1, 1, 1, 0, 1, 0, 1, 0, 1, 1, 0, 0, 1, 1, 0, 1, 1, 0, 0, 1, 0, 0, 0, 0, 0, 0, 0, 0, 1, 0, 0, 1, 0, 0, 0, 1, 1, 0, 0, 1, 0, 0, 0, 0, 0, 0, 1, 0, 0, 0, 1, 1, 0, 0, 0, 0, 1, 0, 1, 1, 1, 1, 0, 0, 0, 0, 0, 0, 1, 0, 0, 0, 1, 0, 0, 0, 1, 1, 1, 1, 1, 0, 0, 0, 1, 0, 1, 1, 1, 0, 1, 1, 0, 1, 1, 1, 0, 1, 0, 1, 0, 0, 1, 0, 0, 1, 1, 0, 1, 0, 1, 0, 0, 0, 0, 0, 1, 0, 0, 1, 0, 0, 0, 0, 1, 0, 1, 1, 0, 1, 0, 1, 0, 1, 1, 1, 0, 0, 1, 0, 0, 0, 1, 0, 1, 1, 0, 0, 1, 0, 0, 0, 0, 1, 0, 0, 0]

BESTFULLDTW=(71, 384, 0.18489583333333334)
LISTFULLDTW=[0, 0, 0, 0, 0, 1, 0, 0, 0, 0, 0, 0, 0, 0, 0, 0, 0, 0, 0, 0, 0, 0, 0, 0, 0, 1, 0, 0, 1, 0, 0, 0, 0, 1, 0, 1, 0, 0, 0, 0, 0, 0, 0, 0, 0, 0, 0, 0, 0, 1, 0, 0, 0, 1, 1, 0, 0, 0, 0, 0, 1, 0, 1, 1, 0, 1, 0, 0, 0, 0, 0, 0, 0, 1, 1, 0, 1, 0, 0, 0, 1, 0, 0, 0, 0, 0, 0, 0, 0, 1, 1, 0, 0, 0, 0, 0, 0, 0, 0, 0, 1, 0, 0, 0, 0, 0, 0, 0, 1, 0, 0, 0, 1, 0, 0, 0, 0, 0, 0, 0, 1, 0, 0, 1, 0, 0, 0, 0, 1, 0, 1, 0, 0, 1, 1, 0, 0, 1, 0, 0, 0, 0, 0, 0, 0, 1, 0, 0, 0, 0, 0, 0, 0, 0, 1, 1, 0, 0, 1, 0, 1, 0, 0, 0, 0, 1, 0, 0, 1, 0, 0, 0, 0, 0, 0, 0, 1, 0, 0, 0, 0, 0, 0, 0, 0, 1, 0, 0, 0, 0, 0, 1, 0, 0, 0, 0, 0, 0, 0, 0, 0, 0, 0, 0, 1, 0, 0, 0, 0, 0, 0, 1, 0, 0, 0, 0, 0, 1, 0, 0, 0, 0, 0, 0, 0, 0, 0, 1, 0, 0, 0, 1, 0, 0, 0, 0, 0, 0, 0, 0, 0, 0, 1, 0, 0, 0, 1, 0, 0, 0, 0, 0, 0, 0, 0, 0, 0, 0, 0, 0, 0, 1, 0, 0, 0, 0, 1, 0, 0, 0, 1, 1, 0, 0, 0, 0, 0, 1, 0, 0, 0, 1, 0, 1, 0, 0, 0, 0, 1, 0, 0, 0, 0, 0, 1, 0, 0, 0, 1, 0, 1, 0, 0, 0, 0, 0, 1, 0, 0, 0, 1, 0, 0, 1, 0, 0, 0, 0, 1, 0, 0, 1, 0, 0, 0, 0, 0, 0, 0, 0, 1, 0, 0, 0, 0, 0, 1, 0, 0, 0, 0, 0, 0, 0, 0, 0, 1, 1, 0, 0, 0, 0, 0, 0, 0, 0, 1, 1, 0, 0, 1, 0, 1, 0, 0, 0, 0, 0, 0, 0, 0, 1, 1, 0, 0, 0, 0, 0, 0, 0, 0, 0, 0, 0]

BESTCONSDTW=(69, 384, 0.1796875)
LISTCONSDTW=[0, 0, 0, 0, 0, 1, 0, 0, 0, 0, 0, 0, 0, 0, 0, 0, 0, 0, 0, 0, 0, 0, 0, 0, 0, 1, 0, 0, 1, 0, 0, 0, 0, 1, 0, 1, 0, 0, 0, 0, 0, 0, 0, 0, 0, 0, 0, 0, 0, 1, 1, 0, 0, 0, 0, 0, 0, 0, 0, 0, 0, 0, 1, 0, 0, 1, 0, 0, 0, 0, 0, 0, 0, 0, 0, 0, 1, 0, 1, 1, 1, 0, 0, 0, 0, 0, 0, 0, 0, 1, 0, 0, 0, 1, 0, 1, 0, 0, 0, 0, 1, 0, 0, 0, 0, 0, 0, 0, 1, 0, 0, 0, 1, 0, 0, 0, 0, 0, 0, 0, 1, 0, 0, 1, 0, 0, 0, 0, 1, 0, 1, 0, 0, 1, 1, 0, 0, 1, 0, 0, 0, 0, 0, 0, 1, 1, 0, 0, 0, 0, 0, 0, 0, 0, 1, 1, 0, 0, 1, 0, 0, 0, 0, 0, 0, 1, 0, 0, 0, 0, 0, 0, 0, 0, 0, 0, 1, 0, 0, 0, 0, 1, 0, 0, 0, 1, 0, 1, 1, 0, 0, 1, 0, 0, 0, 0, 0, 0, 0, 0, 0, 0, 0, 0, 1, 0, 1, 0, 0, 0, 0, 1, 0, 0, 0, 0, 0, 1, 0, 0, 0, 0, 0, 0, 0, 0, 0, 1, 0, 0, 0, 1, 0, 0, 0, 1, 0, 0, 0, 0, 0, 0, 1, 0, 0, 0, 1, 0, 0, 0, 0, 0, 0, 0, 0, 0, 0, 0, 0, 0, 0, 0, 0, 0, 0, 0, 1, 0, 0, 0, 1, 0, 0, 1, 0, 0, 0, 1, 0, 0, 0, 1, 0, 1, 0, 0, 0, 0, 1, 0, 0, 0, 0, 0, 0, 1, 0, 0, 1, 0, 0, 0, 0, 0, 0, 0, 0, 0, 0, 0, 1, 0, 0, 0, 0, 1, 0, 0, 0, 0, 0, 1, 0, 0, 0, 0, 0, 0, 0, 1, 1, 0, 0, 0, 0, 0, 0, 0, 1, 0, 0, 0, 0, 0, 0, 0, 1, 1, 0, 0, 0, 0, 0, 0, 0, 0, 1, 0, 0, 0, 0, 0, 1, 0, 0, 0, 0, 0, 0, 0, 0, 1, 1, 0, 0, 0, 0, 0, 0, 0, 1, 0, 0, 0]

BESTGEM=(89, 384, 0.23177083333333334)
LISTGEM=[1, 1, 0, 0, 0, 1, 0, 0, 1, 0, 0, 0, 1, 0, 0, 1, 0, 0, 1, 0, 0, 0, 0, 0, 0, 1, 0, 0, 1, 0, 0, 0, 1, 1, 1, 1, 0, 1, 0, 1, 0, 0, 0, 0, 0, 0, 0, 0, 1, 1, 0, 0, 0, 1, 0, 0, 0, 1, 0, 0, 1, 0, 1, 0, 0, 0, 1, 0, 1, 0, 0, 0, 0, 0, 1, 0, 1, 0, 1, 0, 1, 0, 0, 0, 0, 0, 0, 0, 0, 1, 0, 0, 0, 1, 0, 0, 0, 0, 0, 0, 0, 0, 0, 0, 0, 0, 0, 0, 0, 0, 0, 0, 1, 0, 0, 0, 0, 1, 0, 0, 0, 0, 0, 1, 0, 0, 0, 0, 1, 0, 1, 0, 0, 0, 1, 0, 0, 1, 0, 0, 0, 0, 1, 0, 0, 1, 0, 0, 0, 0, 0, 0, 0, 0, 1, 1, 0, 1, 0, 0, 1, 0, 0, 0, 0, 1, 0, 0, 0, 0, 0, 0, 0, 0, 0, 0, 0, 0, 0, 1, 0, 0, 0, 0, 0, 1, 0, 0, 1, 0, 0, 1, 0, 0, 0, 0, 1, 0, 0, 0, 0, 0, 0, 0, 1, 0, 0, 0, 0, 0, 0, 0, 0, 1, 0, 0, 0, 1, 0, 0, 0, 0, 0, 1, 0, 0, 0, 1, 0, 0, 1, 0, 0, 0, 0, 1, 0, 0, 0, 0, 1, 0, 1, 0, 0, 0, 1, 0, 0, 0, 0, 0, 0, 0, 0, 0, 1, 0, 0, 0, 0, 0, 0, 0, 0, 0, 1, 0, 1, 0, 1, 0, 0, 0, 0, 1, 0, 0, 0, 0, 0, 1, 0, 1, 1, 0, 0, 0, 0, 0, 0, 0, 0, 0, 0, 1, 0, 0, 0, 0, 0, 0, 0, 1, 0, 0, 0, 0, 0, 0, 1, 0, 0, 0, 0, 0, 0, 0, 0, 1, 0, 1, 0, 0, 0, 0, 0, 1, 0, 0, 1, 0, 1, 1, 0, 0, 1, 0, 1, 0, 0, 0, 0, 1, 0, 0, 1, 1, 0, 0, 0, 0, 0, 1, 0, 0, 1, 1, 0, 0, 1, 0, 1, 0, 0, 1, 0, 0, 0, 0, 0, 1, 1, 0, 0, 0, 0, 1, 0, 0, 0, 0, 0, 0]

