# shuffled stratified split (indices referring to UCR database)
TESTINDEX=[104 107   6   5  92  48  39  73  88  75  21 103  44 111  40   7  47  76
  63  69  57  32  42   4  83  35  10  77  58  30  53  15  66   8  28  68
  26  98  37  82   9 105  99  36  80  43  31   2  38  72  49  71  93  23
  52  56 101  33  25  74  61  16  97  27  62  79  78  19 110 102  90  46
  18  70  59  96 108   3  12  95  89  84  34  51  13  41 109  94]
TRAININDEX=[ 65 106  81 100  86  85   1  91  17   0  64  20  29  55  87  60  54  22
  45  11  24  14  50  67]

# learned parameters for cdtw and gem
# dtw ((error, size, error/size), (window, sqr))
# gem ((error, size, error/size), (St0, St1, E, sym, sqr))
BESTLEARNCONSDTW=((2, 24, 0.08333333333333333), (0.10000000000000001, True))
LISTLEARNCONSDTW=[((2, 24, 0.08333333333333333), (0.089999999999999997, True)), ((2, 24, 0.08333333333333333), (0.10000000000000001, True)), ((3, 24, 0.125), (0.029999999999999999, True)), ((3, 24, 0.125), (0.040000000000000001, True)), ((3, 24, 0.125), (0.050000000000000003, True)), ((3, 24, 0.125), (0.059999999999999998, True)), ((3, 24, 0.125), (0.070000000000000007, True)), ((3, 24, 0.125), (0.080000000000000002, True)), ((3, 24, 0.125), (0.11, True)), ((3, 24, 0.125), (0.12, True)), ((3, 24, 0.125), (0.13, True)), ((3, 24, 0.125), (0.14000000000000001, True)), ((3, 24, 0.125), (0.14999999999999999, True)), ((3, 24, 0.125), (0.16, True)), ((3, 24, 0.125), (0.17000000000000001, True)), ((3, 24, 0.125), (0.17999999999999999, True)), ((3, 24, 0.125), (0.19, True)), ((3, 24, 0.125), (0.20000000000000001, True)), ((4, 24, 0.16666666666666666), (0.02, True)), ((5, 24, 0.20833333333333334), (0.01, True)), ((6, 24, 0.25), (0.0, True))]

BESTLEARNGEM=((2, 24, 0.08333333333333333), (2, 2, 0.0078125, True, True))
LISTLEARNGEM=[((2, 24, 0.08333333333333333), (2, 1, 0.00390625, True, True)), ((2, 24, 0.08333333333333333), (2, 1, 0.0078125, True, True)), ((2, 24, 0.08333333333333333), (2, 1, 0.125, True, True)), ((2, 24, 0.08333333333333333), (2, 2, 0, True, True)), ((2, 24, 0.08333333333333333), (2, 2, 0.00390625, True, True)), ((2, 24, 0.08333333333333333), (2, 2, 0.0078125, True, True)), ((2, 24, 0.08333333333333333), (2, 2, 0.015625, True, True)), ((2, 24, 0.08333333333333333), (2, 2, 0.125, True, True)), ((2, 24, 0.08333333333333333), (2, 2, 0.25, True, True)), ((3, 24, 0.125), (2, 1, 0.015625, True, True)), ((3, 24, 0.125), (2, 1, 0.03125, True, True)), ((3, 24, 0.125), (2, 1, 0.0625, True, True)), ((3, 24, 0.125), (2, 2, 0.03125, True, True)), ((3, 24, 0.125), (2, 2, 0.0625, True, True)), ((3, 24, 0.125), (2, 2, 0.5, True, True)), ((4, 24, 0.16666666666666666), (2, 1, 0, True, True)), ((4, 24, 0.16666666666666666), (2, 1, 0.25, True, True)), ((6, 24, 0.25), (1, 1, 0, True, True)), ((6, 24, 0.25), (1, 1, 0.00390625, True, True)), ((6, 24, 0.25), (1, 1, 0.0078125, True, True)), ((6, 24, 0.25), (1, 1, 0.015625, True, True)), ((6, 24, 0.25), (1, 1, 0.125, True, True)), ((6, 24, 0.25), (1, 1, 0.25, True, True)), ((6, 24, 0.25), (1, 2, 0, True, True)), ((6, 24, 0.25), (1, 2, 0.00390625, True, True)), ((6, 24, 0.25), (1, 2, 0.0078125, True, True)), ((6, 24, 0.25), (1, 2, 0.015625, True, True)), ((6, 24, 0.25), (1, 2, 0.125, True, True)), ((6, 24, 0.25), (1, 2, 0.25, True, True)), ((6, 24, 0.25), (2, 1, 0.5, True, True)), ((7, 24, 0.2916666666666667), (1, 1, 0.03125, True, True)), ((7, 24, 0.2916666666666667), (1, 1, 0.0625, True, True)), ((7, 24, 0.2916666666666667), (1, 1, 0.5, True, True)), ((7, 24, 0.2916666666666667), (1, 2, 0.03125, True, True)), ((7, 24, 0.2916666666666667), (1, 2, 0.0625, True, True)), ((7, 24, 0.2916666666666667), (1, 2, 0.5, True, True))]


# error rates for different distance measures
# (error, size, error/size) and binary mask
BESTLP=(22, 88, 0.25)
LISTLP=[0, 0, 0, 1, 1, 0, 0, 0, 0, 0, 0, 0, 0, 0, 0, 0, 0, 0, 1, 1, 0, 0, 0, 0, 1, 1, 0, 0, 1, 1, 0, 1, 1, 0, 0, 0, 0, 1, 0, 0, 0, 1, 0, 0, 0, 1, 0, 0, 1, 0, 0, 1, 0, 0, 0, 1, 0, 0, 1, 0, 1, 0, 0, 0, 0, 0, 1, 0, 0, 0, 0, 0, 0, 0, 0, 0, 1, 0, 1, 0, 0, 0, 1, 0, 0, 0, 0, 0]

BESTFULLDTW=(14, 88, 0.1590909090909091)
LISTFULLDTW=[1, 0, 1, 0, 1, 0, 1, 0, 0, 0, 0, 0, 0, 0, 0, 0, 0, 0, 0, 0, 0, 0, 0, 0, 0, 1, 0, 0, 1, 1, 0, 0, 0, 0, 0, 0, 0, 0, 0, 0, 0, 0, 0, 0, 0, 0, 0, 0, 1, 0, 0, 1, 0, 0, 0, 0, 0, 0, 0, 0, 1, 0, 0, 0, 0, 0, 1, 0, 0, 0, 1, 0, 0, 0, 0, 0, 1, 0, 0, 0, 0, 0, 1, 0, 0, 0, 0, 0]

BESTCONSDTW=(14, 88, 0.1590909090909091)
LISTCONSDTW=[1, 0, 1, 0, 1, 0, 1, 0, 0, 0, 0, 0, 0, 0, 0, 0, 0, 0, 0, 0, 0, 0, 0, 0, 0, 1, 0, 0, 1, 1, 0, 0, 0, 0, 0, 0, 0, 0, 0, 0, 0, 0, 0, 0, 0, 0, 0, 0, 1, 0, 0, 1, 0, 0, 0, 0, 0, 0, 0, 0, 1, 0, 0, 0, 0, 0, 1, 0, 0, 0, 1, 0, 0, 0, 0, 0, 1, 0, 0, 0, 0, 0, 1, 0, 0, 0, 0, 0]

BESTGEM=(11, 88, 0.125)
LISTGEM=[1, 0, 1, 0, 0, 0, 1, 0, 0, 0, 0, 0, 0, 0, 0, 0, 0, 0, 0, 0, 0, 0, 0, 0, 0, 1, 0, 0, 1, 1, 0, 0, 0, 0, 0, 0, 0, 0, 0, 0, 0, 0, 0, 0, 0, 0, 0, 0, 1, 0, 0, 1, 0, 0, 0, 0, 0, 0, 0, 0, 1, 0, 0, 0, 0, 0, 1, 0, 0, 0, 0, 0, 0, 0, 0, 0, 0, 0, 0, 0, 0, 0, 1, 0, 0, 0, 0, 0]

