# shuffled stratified split (indices referring to UCR database)
TESTINDEX=[493 255 313 158 246 558 236 164 430 491 123  91 234 201 115 600 480 548
 523   1 192 645 223 622 524 179 142 424 233 329 620 260 392  17 604  53
 607 563 304 102  50 375 182  57  88 625 615   5 639 365 147  69 421 428
 496 267 614 256 627  43 364 605 285 443  12 228 612 573 637 490  78 519
  41 587 494 447 426 279 229 486 318 387 540 455 595  19 217 596 507 177
 281 120 231 299 275 649 306 550 310 527 489 220 288 295 230 106 247  20
 578 549 454 146 617 298 406 474 280 250 508 211 616 215 227 585  51 174
 232 327 178 292 328  64 538 400  15 101 131 283 277 338 183 643  27 520
 359 588  31 642 319  59 537 197  61 403  49 278 378 200 274 110 184 360
 487 442 189 533 530 422 150 218 216 562  45 429  42 376 361 151 410 437
 160 564 621 188 435 571 108 308 262 109 312 191 343 242  14 388 143 569
 408  46  36 346 171 323  96 452 420 132 436  95 111 194  47 326 367 351
 165 572 169 297 561 483 567 590 154  93 358 373 118 543 451 475 577 363
 348 314 124 138 269 335 505 522 416 630 198 237 453 104  71 153 542 547
  38 472 501 603 272  24 464 209 545 352  94 386 591 556 575 644 205 170
 402  85 371 450 592 139 574  16 635 202  82 461 479  25  87 599 287 555
 126 321 240 510 273 190 336 355 399 140 638 307 239 500 463 539 509 476
 245 465  60 398 405 432 286 219  34 624 391  30 517 311 152 606 296 553
 471 180 566  23 226  62 394 385 514  66 632 136 130 580 162 149 374 315
 254 372 241 610 309 419 199 544  55 135 324 379 301 128   2  81  48 317
 356 633 213  18 477  26 602 384 368 303 341 512 427  54 534 466 502 521
 380 611  44 570 647  74 290 258 478 593   3 187 456 354 334 636 271 325
 339 634 259 525 127 499  35 168 349 144 413 497 107 302 176  79 293 433
 559 628 337   4 389 316 583 100 357 289 415 276  83 554 608 552  11   7
 366  92 619 529 623 584  65  98 362 417 264 181 503 506 439 631 238 467
  63 648 541 485 418 206 103 163 531 431 119 284 481 457 397 532 134 221
 332 133 203 589 425 185 579 175  22  37 440 129 186 235 488 448 609 253
 112 444 114 535 582 445 350 526 504  86 193 369  52 515 300 383 248 322
 224   6 646 222  67 291 265 145 495 546 492 568 377 557  90 155 560 353
   0 482  70 161 565  76 207 212 411  89 167 204  21 148 470 629 172 282
  13  28 137 473 528 249 414 320 536]
TRAININDEX=[116 347  97   9 382 344 597 305 210 511 576  10 601 441 484 516 381 404
 195 251 581 121 225 598 459 401 640 345 396 518  77 460 252 333 141 395
 243  73  29 390  68 214 117 340  58 156  40 196 105 122 268 393 586 157
 330 125 641 270 263  80 412 257 294 159 462 434 613 173  75 423  33 551
 498 468 331 208 113 438 266 407 594  56 469 166 370 626 342  99  72 458
 446   8 513  39  32 244 409 449  84 261 618]

# learned parameters for cdtw and gem
# dtw ((error, size, error/size), (window, sqr))
# gem ((error, size, error/size), (St0, St1, E, sym, sqr))
BESTLEARNCONSDTW=((63, 101, 0.62376237623762376), (0.02, True))
LISTLEARNCONSDTW=[((63, 101, 0.62376237623762376), (0.02, True)), ((69, 101, 0.68316831683168322), (0.0, True)), ((69, 101, 0.68316831683168322), (0.029999999999999999, True)), ((69, 101, 0.68316831683168322), (0.040000000000000001, True)), ((69, 101, 0.68316831683168322), (0.13, True)), ((69, 101, 0.68316831683168322), (0.14000000000000001, True)), ((69, 101, 0.68316831683168322), (0.14999999999999999, True)), ((69, 101, 0.68316831683168322), (0.16, True)), ((69, 101, 0.68316831683168322), (0.17000000000000001, True)), ((70, 101, 0.69306930693069302), (0.01, True)), ((70, 101, 0.69306930693069302), (0.050000000000000003, True)), ((70, 101, 0.69306930693069302), (0.17999999999999999, True)), ((70, 101, 0.69306930693069302), (0.19, True)), ((70, 101, 0.69306930693069302), (0.20000000000000001, True)), ((71, 101, 0.70297029702970293), (0.059999999999999998, True)), ((71, 101, 0.70297029702970293), (0.070000000000000007, True)), ((71, 101, 0.70297029702970293), (0.089999999999999997, True)), ((71, 101, 0.70297029702970293), (0.10000000000000001, True)), ((71, 101, 0.70297029702970293), (0.12, True)), ((72, 101, 0.71287128712871284), (0.080000000000000002, True)), ((72, 101, 0.71287128712871284), (0.11, True))]

BESTLEARNGEM=((54, 101, 0.53465346534653468), (2, 1, 0.0078125, True, True))
LISTLEARNGEM=[((54, 101, 0.53465346534653468), (2, 1, 0.0078125, True, True)), ((55, 101, 0.54455445544554459), (2, 1, 0.015625, True, True)), ((55, 101, 0.54455445544554459), (2, 1, 0.03125, True, True)), ((61, 101, 0.60396039603960394), (2, 2, 0.0625, True, True)), ((62, 101, 0.61386138613861385), (2, 1, 0.00390625, True, True)), ((62, 101, 0.61386138613861385), (2, 2, 0.00390625, True, True)), ((63, 101, 0.62376237623762376), (2, 1, 0.0625, True, True)), ((63, 101, 0.62376237623762376), (2, 2, 0, True, True)), ((63, 101, 0.62376237623762376), (2, 2, 0.03125, True, True)), ((64, 101, 0.63366336633663367), (2, 2, 0.0078125, True, True)), ((65, 101, 0.64356435643564358), (2, 1, 0, True, True)), ((65, 101, 0.64356435643564358), (2, 1, 0.125, True, True)), ((66, 101, 0.65346534653465349), (1, 1, 0, True, True)), ((66, 101, 0.65346534653465349), (1, 2, 0, True, True)), ((66, 101, 0.65346534653465349), (2, 2, 0.015625, True, True)), ((67, 101, 0.6633663366336634), (2, 2, 0.25, True, True)), ((68, 101, 0.67326732673267331), (2, 2, 0.125, True, True)), ((69, 101, 0.68316831683168322), (2, 1, 0.25, True, True)), ((71, 101, 0.70297029702970293), (1, 1, 0.03125, True, True)), ((71, 101, 0.70297029702970293), (1, 2, 0.03125, True, True)), ((73, 101, 0.72277227722772275), (1, 1, 0.00390625, True, True)), ((73, 101, 0.72277227722772275), (1, 1, 0.0078125, True, True)), ((73, 101, 0.72277227722772275), (1, 1, 0.0625, True, True)), ((73, 101, 0.72277227722772275), (1, 2, 0.00390625, True, True)), ((73, 101, 0.72277227722772275), (1, 2, 0.0078125, True, True)), ((73, 101, 0.72277227722772275), (1, 2, 0.0625, True, True)), ((74, 101, 0.73267326732673266), (1, 1, 0.015625, True, True)), ((74, 101, 0.73267326732673266), (1, 2, 0.015625, True, True)), ((76, 101, 0.75247524752475248), (1, 1, 0.125, True, True)), ((76, 101, 0.75247524752475248), (1, 2, 0.125, True, True)), ((77, 101, 0.76237623762376239), (2, 2, 0.5, True, True)), ((78, 101, 0.7722772277227723), (1, 1, 0.25, True, True)), ((78, 101, 0.7722772277227723), (1, 1, 0.5, True, True)), ((78, 101, 0.7722772277227723), (1, 2, 0.25, True, True)), ((78, 101, 0.7722772277227723), (1, 2, 0.5, True, True)), ((78, 101, 0.7722772277227723), (2, 1, 0.5, True, True))]


# error rates for different distance measures
# (error, size, error/size) and binary mask
BESTLP=(363, 549, 0.66120218579234968)
LISTLP=[1, 1, 0, 1, 1, 1, 1, 1, 1, 1, 1, 0, 1, 1, 1, 1, 1, 0, 1, 1, 1, 0, 1, 0, 1, 1, 1, 1, 1, 0, 1, 1, 1, 0, 0, 1, 0, 0, 1, 0, 0, 1, 1, 1, 0, 0, 0, 0, 1, 0, 1, 1, 0, 1, 1, 1, 1, 1, 1, 1, 0, 1, 1, 1, 1, 1, 1, 1, 1, 1, 0, 1, 0, 0, 0, 1, 1, 1, 1, 1, 0, 1, 1, 1, 0, 0, 1, 1, 1, 0, 0, 0, 0, 1, 1, 1, 0, 1, 1, 0, 0, 1, 1, 0, 0, 1, 1, 1, 1, 0, 1, 1, 0, 0, 1, 1, 0, 1, 1, 0, 0, 1, 1, 0, 0, 1, 0, 1, 0, 1, 1, 1, 1, 1, 1, 1, 0, 0, 1, 0, 1, 1, 0, 0, 1, 1, 0, 1, 1, 0, 1, 0, 0, 1, 0, 1, 0, 1, 1, 1, 1, 1, 0, 1, 0, 1, 0, 1, 0, 1, 0, 1, 1, 1, 1, 0, 1, 0, 0, 0, 0, 1, 1, 1, 0, 1, 0, 1, 1, 1, 1, 1, 1, 1, 1, 1, 1, 1, 1, 1, 0, 0, 1, 1, 1, 1, 1, 1, 0, 1, 0, 1, 1, 1, 1, 1, 0, 0, 0, 1, 1, 1, 0, 1, 1, 1, 0, 1, 1, 1, 1, 1, 1, 1, 1, 0, 1, 1, 1, 1, 1, 1, 0, 1, 0, 1, 1, 1, 0, 1, 1, 1, 0, 1, 1, 1, 1, 1, 1, 1, 0, 0, 0, 1, 1, 1, 1, 0, 0, 1, 1, 0, 1, 1, 0, 1, 1, 1, 1, 1, 0, 1, 1, 1, 1, 1, 0, 1, 1, 1, 0, 1, 1, 0, 0, 1, 1, 0, 1, 0, 0, 0, 1, 1, 0, 0, 1, 0, 1, 0, 1, 0, 1, 0, 0, 1, 1, 1, 0, 1, 0, 1, 1, 1, 1, 1, 1, 1, 0, 0, 1, 0, 1, 1, 0, 0, 0, 1, 0, 0, 1, 0, 0, 1, 1, 1, 1, 1, 1, 1, 1, 1, 0, 1, 1, 0, 1, 1, 1, 0, 1, 1, 0, 1, 1, 0, 1, 1, 1, 0, 1, 1, 0, 1, 1, 1, 0, 0, 0, 0, 1, 0, 1, 1, 1, 1, 0, 1, 0, 1, 1, 1, 1, 0, 1, 0, 0, 1, 0, 1, 1, 0, 1, 0, 1, 0, 1, 1, 1, 1, 1, 1, 1, 1, 1, 1, 1, 0, 1, 0, 0, 0, 1, 1, 1, 1, 1, 1, 0, 1, 1, 1, 1, 0, 1, 1, 0, 1, 1, 0, 1, 1, 1, 0, 0, 0, 0, 1, 1, 0, 0, 1, 0, 1, 0, 1, 1, 0, 1, 0, 1, 1, 0, 1, 0, 1, 1, 1, 1, 1, 1, 0, 0, 0, 1, 0, 1, 1, 1, 0, 1, 0, 0, 1, 1, 0, 0, 0, 1, 1, 1, 1, 1, 1, 1, 1, 1, 0, 1, 1, 1, 1, 0, 1, 1, 1, 0, 0, 1, 0, 1, 0, 1, 0, 0, 1, 1, 1, 0, 0, 1, 1, 1, 1, 1, 1, 1, 1, 1, 0, 0, 1, 1, 0, 1, 1, 1, 1, 0, 1, 0, 0, 1, 1, 0, 1, 0, 1, 1]

BESTFULLDTW=(314, 549, 0.57194899817850642)
LISTFULLDTW=[1, 1, 1, 1, 1, 0, 1, 1, 0, 1, 1, 0, 1, 1, 1, 0, 0, 0, 1, 0, 1, 1, 1, 0, 1, 0, 1, 1, 0, 0, 0, 0, 1, 1, 0, 0, 0, 0, 1, 0, 1, 1, 1, 1, 1, 1, 0, 1, 1, 0, 1, 1, 0, 0, 0, 1, 0, 1, 1, 1, 0, 1, 1, 0, 1, 1, 1, 0, 0, 1, 1, 1, 0, 1, 0, 0, 1, 0, 0, 0, 1, 0, 1, 0, 0, 1, 0, 1, 1, 1, 0, 1, 0, 1, 1, 1, 0, 1, 1, 1, 0, 1, 1, 1, 1, 1, 1, 1, 1, 1, 0, 0, 1, 0, 1, 0, 0, 1, 1, 0, 0, 0, 0, 1, 0, 1, 0, 1, 0, 1, 1, 0, 0, 1, 1, 1, 0, 1, 1, 0, 0, 1, 1, 0, 1, 0, 1, 0, 0, 0, 1, 0, 1, 0, 0, 1, 0, 0, 1, 1, 1, 1, 1, 1, 0, 1, 1, 1, 1, 1, 0, 0, 1, 1, 1, 0, 1, 1, 0, 0, 0, 1, 1, 1, 1, 1, 1, 1, 1, 0, 0, 1, 1, 1, 0, 0, 1, 0, 0, 1, 0, 1, 0, 1, 0, 0, 1, 0, 0, 1, 1, 0, 1, 1, 1, 1, 1, 1, 1, 1, 0, 1, 0, 1, 1, 0, 0, 1, 1, 1, 1, 1, 1, 1, 1, 1, 0, 1, 0, 0, 1, 1, 0, 1, 0, 0, 0, 1, 0, 1, 0, 0, 1, 0, 1, 0, 0, 1, 1, 1, 0, 1, 1, 1, 1, 1, 1, 0, 0, 1, 0, 0, 1, 1, 0, 1, 0, 1, 1, 1, 0, 0, 1, 1, 1, 1, 1, 1, 0, 1, 1, 1, 1, 0, 0, 1, 1, 0, 1, 1, 0, 0, 0, 0, 1, 0, 1, 1, 1, 1, 0, 0, 0, 0, 1, 0, 1, 0, 0, 0, 0, 1, 1, 1, 1, 0, 0, 1, 0, 0, 0, 0, 0, 1, 1, 0, 1, 1, 0, 0, 1, 0, 0, 1, 1, 1, 1, 1, 1, 1, 0, 1, 0, 0, 1, 1, 1, 1, 0, 0, 1, 0, 0, 1, 1, 1, 1, 1, 1, 1, 0, 1, 1, 1, 1, 1, 0, 0, 0, 1, 1, 1, 1, 1, 1, 0, 0, 1, 1, 1, 0, 0, 1, 1, 0, 0, 0, 1, 1, 0, 1, 0, 1, 0, 1, 1, 1, 0, 0, 1, 1, 0, 1, 0, 1, 0, 0, 1, 1, 0, 1, 1, 0, 1, 0, 1, 1, 0, 1, 1, 1, 1, 0, 0, 1, 0, 0, 0, 1, 0, 1, 1, 0, 0, 0, 0, 0, 1, 1, 0, 0, 1, 0, 1, 1, 1, 1, 0, 0, 1, 1, 0, 1, 0, 0, 1, 1, 1, 0, 1, 1, 0, 0, 0, 1, 0, 0, 1, 0, 0, 0, 0, 1, 1, 1, 0, 0, 1, 1, 1, 0, 1, 1, 1, 1, 1, 1, 0, 1, 1, 1, 0, 0, 1, 1, 1, 0, 0, 0, 0, 0, 0, 1, 0, 0, 1, 1, 0, 0, 1, 1, 1, 1, 0, 1, 1, 1, 1, 1, 0, 0, 0, 1, 0, 1, 0, 1, 0, 1, 1, 0, 0, 0, 0, 0, 0, 0, 1, 1]

BESTCONSDTW=(317, 549, 0.57741347905282336)
LISTCONSDTW=[1, 1, 0, 1, 1, 1, 1, 1, 1, 1, 1, 0, 1, 1, 1, 0, 0, 0, 1, 1, 1, 0, 1, 0, 1, 1, 0, 1, 0, 0, 1, 1, 0, 1, 0, 1, 0, 0, 1, 0, 0, 1, 1, 1, 1, 0, 0, 0, 1, 0, 0, 1, 0, 1, 1, 1, 0, 1, 0, 1, 0, 1, 1, 1, 0, 1, 1, 1, 1, 1, 0, 1, 0, 0, 0, 0, 1, 1, 0, 1, 0, 1, 1, 1, 0, 1, 0, 1, 1, 0, 0, 0, 0, 1, 0, 1, 0, 1, 1, 1, 0, 1, 1, 0, 0, 1, 1, 1, 1, 1, 0, 1, 1, 0, 1, 1, 0, 1, 0, 0, 0, 1, 1, 0, 0, 1, 0, 1, 0, 1, 1, 0, 1, 1, 1, 1, 0, 1, 1, 0, 0, 1, 1, 0, 1, 0, 1, 1, 1, 0, 1, 0, 0, 0, 0, 0, 1, 1, 1, 1, 1, 1, 1, 1, 0, 1, 0, 1, 0, 0, 0, 1, 1, 1, 0, 0, 1, 1, 0, 0, 0, 1, 1, 1, 0, 1, 0, 1, 1, 0, 1, 1, 1, 1, 1, 0, 1, 0, 0, 1, 0, 0, 0, 1, 1, 1, 1, 0, 0, 1, 0, 1, 1, 1, 1, 1, 0, 0, 0, 0, 1, 1, 0, 0, 1, 1, 0, 1, 1, 1, 1, 1, 1, 1, 1, 1, 1, 1, 0, 1, 1, 0, 0, 1, 0, 1, 0, 1, 1, 1, 0, 1, 1, 1, 1, 1, 1, 1, 1, 1, 1, 0, 0, 1, 0, 1, 1, 0, 0, 1, 1, 0, 1, 1, 0, 1, 1, 1, 1, 0, 0, 1, 1, 1, 0, 1, 0, 1, 0, 1, 1, 1, 1, 0, 0, 1, 1, 0, 1, 0, 1, 0, 1, 1, 0, 0, 1, 0, 1, 0, 0, 0, 1, 0, 0, 0, 1, 0, 0, 1, 0, 1, 1, 1, 1, 0, 0, 1, 0, 0, 1, 0, 1, 1, 0, 0, 1, 1, 0, 0, 1, 0, 0, 1, 1, 1, 1, 1, 1, 1, 1, 1, 0, 1, 1, 0, 0, 1, 0, 0, 1, 1, 0, 1, 1, 0, 1, 1, 1, 1, 1, 0, 0, 1, 1, 1, 0, 0, 0, 0, 0, 0, 1, 1, 1, 1, 0, 0, 0, 1, 0, 1, 1, 0, 1, 0, 0, 1, 0, 1, 1, 1, 1, 0, 0, 0, 1, 0, 0, 1, 0, 0, 1, 1, 1, 1, 1, 0, 1, 0, 1, 0, 0, 1, 0, 1, 1, 1, 1, 1, 0, 1, 1, 0, 1, 1, 0, 0, 1, 0, 1, 1, 1, 0, 0, 0, 0, 1, 0, 1, 0, 1, 0, 1, 0, 0, 1, 1, 1, 0, 0, 1, 1, 1, 0, 1, 0, 1, 1, 1, 1, 0, 0, 0, 1, 0, 1, 1, 1, 0, 1, 0, 0, 1, 1, 0, 0, 1, 1, 1, 1, 1, 1, 1, 1, 0, 0, 0, 1, 1, 1, 1, 0, 1, 1, 0, 0, 0, 0, 0, 0, 1, 0, 0, 0, 1, 1, 0, 0, 0, 1, 1, 1, 0, 1, 0, 1, 1, 1, 0, 0, 0, 1, 0, 1, 1, 1, 0, 1, 1, 0, 0, 1, 1, 0, 0, 0, 1, 0]

BESTGEM=(276, 549, 0.50273224043715847)
LISTGEM=[1, 1, 0, 1, 1, 0, 1, 1, 0, 0, 1, 0, 0, 0, 1, 0, 0, 0, 1, 1, 1, 0, 1, 0, 1, 0, 0, 0, 1, 0, 1, 1, 0, 0, 0, 1, 0, 0, 1, 1, 0, 1, 1, 1, 0, 0, 0, 0, 1, 0, 0, 1, 0, 0, 1, 1, 0, 1, 1, 1, 0, 1, 1, 1, 0, 1, 1, 1, 0, 1, 0, 1, 1, 1, 0, 1, 0, 1, 0, 0, 1, 0, 0, 1, 0, 1, 1, 1, 1, 0, 1, 0, 1, 1, 1, 1, 0, 1, 1, 1, 0, 0, 0, 0, 1, 0, 1, 1, 0, 0, 0, 0, 1, 1, 1, 0, 0, 0, 0, 0, 1, 0, 0, 0, 0, 1, 1, 1, 1, 1, 0, 1, 0, 1, 1, 1, 0, 1, 1, 0, 0, 1, 0, 1, 1, 0, 0, 0, 0, 0, 0, 0, 1, 0, 0, 1, 0, 0, 1, 1, 1, 0, 0, 1, 1, 1, 0, 1, 0, 0, 0, 0, 1, 1, 0, 0, 0, 1, 0, 0, 0, 1, 1, 1, 1, 0, 0, 1, 1, 0, 0, 1, 1, 0, 0, 0, 1, 1, 1, 0, 1, 0, 1, 1, 1, 0, 0, 1, 0, 1, 1, 1, 0, 1, 1, 1, 0, 1, 0, 0, 0, 1, 0, 0, 1, 1, 0, 1, 0, 0, 1, 0, 1, 1, 1, 1, 0, 1, 1, 1, 1, 1, 1, 1, 0, 0, 0, 1, 0, 0, 0, 1, 1, 0, 1, 0, 0, 1, 1, 1, 0, 1, 0, 1, 1, 1, 1, 0, 1, 0, 1, 0, 1, 1, 0, 1, 0, 1, 0, 0, 0, 0, 0, 1, 0, 1, 0, 1, 0, 0, 1, 0, 0, 1, 0, 1, 1, 1, 1, 1, 0, 0, 1, 1, 0, 0, 0, 0, 0, 0, 1, 1, 1, 0, 1, 0, 0, 0, 0, 1, 0, 1, 1, 1, 1, 0, 0, 0, 0, 1, 1, 0, 0, 0, 0, 0, 0, 1, 0, 1, 1, 0, 0, 1, 1, 1, 1, 1, 1, 1, 0, 1, 1, 0, 1, 1, 0, 1, 0, 0, 1, 1, 0, 1, 1, 1, 1, 1, 1, 0, 0, 0, 1, 1, 0, 1, 0, 0, 0, 1, 1, 0, 1, 0, 0, 1, 0, 0, 1, 1, 0, 0, 1, 1, 0, 0, 0, 1, 1, 0, 1, 0, 1, 1, 1, 0, 0, 0, 0, 0, 1, 1, 1, 0, 1, 0, 0, 0, 1, 1, 1, 1, 0, 1, 0, 1, 1, 0, 1, 0, 1, 0, 0, 0, 0, 1, 0, 0, 1, 0, 0, 1, 0, 0, 0, 0, 0, 0, 1, 1, 0, 1, 0, 1, 0, 1, 1, 0, 0, 0, 0, 1, 1, 0, 0, 1, 0, 1, 1, 1, 1, 0, 0, 0, 1, 0, 0, 1, 0, 0, 0, 0, 1, 1, 1, 0, 0, 1, 1, 1, 0, 1, 1, 1, 1, 1, 1, 0, 1, 1, 1, 0, 0, 1, 1, 1, 0, 0, 0, 0, 0, 1, 0, 0, 0, 1, 0, 1, 0, 1, 0, 1, 0, 0, 1, 1, 1, 0, 1, 0, 0, 0, 0, 0, 1, 1, 1, 0, 0, 1, 1, 0, 1, 1, 1, 1, 0, 1, 0]

