# shuffled stratified split (indices referring to UCR database)
TESTINDEX=[241  47 178  74 251 156 515 244  86  36 447 223  76 145  58 258 576  33
 498 496 457 407 357  19 171 427 343 539 619  50 238 174 151 565 309 558
  26  17 577 551 350 555 252  24 602 208 437 337 165 356 389 475 494  45
 545 298 528 500 559 319  12 535 595 255 202  55 492  70 313 586 584 628
 182 645 391  89 405 257 245 206 265 511  49 183 634 281 562 459 472  78
 272 529 146 436 412 132 161 330 358   5 411   9 200 609 538  52 192 456
 138  93 439 420 383 177   1 516 348 225  43 263   8 387 533  41 300 172
 149 487 362 468 164 572 109 369 219 205 463  81 505  30 179 564 173  37
  64  23  48 361 404 508 470 166 276  62 385  73 296 523 484 159 629 135
 274 618  28 232  85 375  87 139 153 231  91 642 644 186 127 435 180 188
 478 154  96 647  79 365 462  80 382 170 482 131 280 513 273 476 210 534
 588 199 360 372 128 517 284 247 185 285 144 191 445 414 451 368 221 394
 155 491 649 568 617   2  38  29 283 422 598 140 294 566 316 573 147  18
 377 195  72 607 342  13  61 381 118 418 409  67 532 105  82 397 614 574
 226 163 428 320 567 295 160 489 433 236  44 305 336 222 143 453 392 646
 601 490  11 268 318 541 327 603 213 130 209 579 542 575  65  31  92 546
 176 531 616 234 297 363 474 334  98 552 554 310 466  77 504 471 373 440
 465 415 444 282 287 370 458 376 197 325 627 524 214 290 175 507 240 121
 544 269 100 641 486 341 299 217 335  69  35  39  16 512 323 315 193 333
  53  95 275 107  34 250 625 111 374 643 203 561  22  71 408 583 429  51
 612 587 229 259 227  90 403 187 594 345 354 530 608 379 137 242 442 115
 194 519  46 347 611 243 633   4   7  32 292 540 395 488 277 509 378 311
 615 547 521 400 289 604  27 455 331 328  54 526 256 196 599 204 321 302
 525 549 157 438 349 168 340 563 329 322 212 239 624 101 158 264 228 136
 364  40  56 352 522 417 610 406  21 621  97 253 432 112 113 449 125 338
 249 367 503 388 569 622 303 104 215 126 304 184 402 570 640  57 293 571
 133 626 399 648 520 485 120 288 446 410 600 254 536  83 638 582 393 162
 142 301 454 548 557 339 230 413  84 398 434 124 441 580 518 632 421 597
 497 384 110 553 291 499 460 396 635 592 308 450 198  63 452 493  59 502
   0 152 141 390  42 537 426 108 543 359 527 606 261 218  60 169 593 129
 117 355 416 623 473 631 605 224 495]
TRAININDEX=[424 102 317   6 419 314 260 207 123 116 556 636 307 190 248 639 481 270
 122 103   3 469 332 306  10 106 267 514 550 366  25 150 430 181 431  15
 479 134 220 467 596 589 585 351 211 590  75 371 620 581 278 380 189  94
 637 312 346 246 480 235 233  20 461 216 148 613 630 501 119 344 510 201
 448 324  68 443 353 114  14 279  66 266 386 425 167  88 326  99 477 578
 483 464 506 560 262 271 591 237 423 401 286]

# learned parameters for cdtw and gem
# dtw ((error, size, error/size), (window, sqr))
# gem ((error, size, error/size), (St0, St1, E, sym, sqr))
BESTLEARNCONSDTW=((62, 101, 0.61386138613861385), (0.059999999999999998, True))
LISTLEARNCONSDTW=[((62, 101, 0.61386138613861385), (0.059999999999999998, True)), ((63, 101, 0.62376237623762376), (0.01, True)), ((63, 101, 0.62376237623762376), (0.02, True)), ((63, 101, 0.62376237623762376), (0.070000000000000007, True)), ((63, 101, 0.62376237623762376), (0.080000000000000002, True)), ((63, 101, 0.62376237623762376), (0.16, True)), ((63, 101, 0.62376237623762376), (0.17000000000000001, True)), ((63, 101, 0.62376237623762376), (0.19, True)), ((63, 101, 0.62376237623762376), (0.20000000000000001, True)), ((64, 101, 0.63366336633663367), (0.17999999999999999, True)), ((65, 101, 0.64356435643564358), (0.0, True)), ((65, 101, 0.64356435643564358), (0.050000000000000003, True)), ((65, 101, 0.64356435643564358), (0.089999999999999997, True)), ((65, 101, 0.64356435643564358), (0.12, True)), ((65, 101, 0.64356435643564358), (0.14000000000000001, True)), ((65, 101, 0.64356435643564358), (0.14999999999999999, True)), ((66, 101, 0.65346534653465349), (0.029999999999999999, True)), ((66, 101, 0.65346534653465349), (0.11, True)), ((66, 101, 0.65346534653465349), (0.13, True)), ((67, 101, 0.6633663366336634), (0.10000000000000001, True)), ((68, 101, 0.67326732673267331), (0.040000000000000001, True))]

BESTLEARNGEM=((52, 101, 0.51485148514851486), (2, 1, 0.00390625, True, True))
LISTLEARNGEM=[((52, 101, 0.51485148514851486), (2, 1, 0, True, True)), ((52, 101, 0.51485148514851486), (2, 1, 0.00390625, True, True)), ((53, 101, 0.52475247524752477), (2, 1, 0.0078125, True, True)), ((53, 101, 0.52475247524752477), (2, 2, 0.00390625, True, True)), ((54, 101, 0.53465346534653468), (2, 2, 0, True, True)), ((54, 101, 0.53465346534653468), (2, 2, 0.0078125, True, True)), ((56, 101, 0.5544554455445545), (2, 1, 0.03125, True, True)), ((56, 101, 0.5544554455445545), (2, 2, 0.0625, True, True)), ((57, 101, 0.5643564356435643), (2, 1, 0.015625, True, True)), ((57, 101, 0.5643564356435643), (2, 1, 0.0625, True, True)), ((57, 101, 0.5643564356435643), (2, 2, 0.125, True, True)), ((58, 101, 0.57425742574257421), (2, 2, 0.015625, True, True)), ((60, 101, 0.59405940594059403), (2, 2, 0.25, True, True)), ((61, 101, 0.60396039603960394), (2, 2, 0.03125, True, True)), ((64, 101, 0.63366336633663367), (2, 1, 0.125, True, True)), ((64, 101, 0.63366336633663367), (2, 2, 0.5, True, True)), ((67, 101, 0.6633663366336634), (1, 1, 0.25, True, True)), ((67, 101, 0.6633663366336634), (1, 2, 0.25, True, True)), ((68, 101, 0.67326732673267331), (1, 1, 0.00390625, True, True)), ((68, 101, 0.67326732673267331), (1, 1, 0.125, True, True)), ((68, 101, 0.67326732673267331), (1, 2, 0.00390625, True, True)), ((68, 101, 0.67326732673267331), (1, 2, 0.125, True, True)), ((70, 101, 0.69306930693069302), (1, 1, 0.0625, True, True)), ((70, 101, 0.69306930693069302), (1, 2, 0.0625, True, True)), ((71, 101, 0.70297029702970293), (1, 1, 0.0078125, True, True)), ((71, 101, 0.70297029702970293), (1, 2, 0.0078125, True, True)), ((72, 101, 0.71287128712871284), (2, 1, 0.25, True, True)), ((73, 101, 0.72277227722772275), (1, 1, 0, True, True)), ((73, 101, 0.72277227722772275), (1, 1, 0.03125, True, True)), ((73, 101, 0.72277227722772275), (1, 2, 0, True, True)), ((73, 101, 0.72277227722772275), (1, 2, 0.03125, True, True)), ((74, 101, 0.73267326732673266), (1, 1, 0.015625, True, True)), ((74, 101, 0.73267326732673266), (1, 2, 0.015625, True, True)), ((79, 101, 0.78217821782178221), (2, 1, 0.5, True, True)), ((80, 101, 0.79207920792079212), (1, 1, 0.5, True, True)), ((80, 101, 0.79207920792079212), (1, 2, 0.5, True, True))]


# error rates for different distance measures
# (error, size, error/size) and binary mask
BESTLP=(368, 549, 0.67030965391621133)
LISTLP=[1, 0, 0, 0, 1, 1, 1, 1, 1, 0, 1, 0, 0, 1, 1, 1, 0, 0, 1, 1, 0, 1, 1, 1, 1, 1, 1, 1, 1, 1, 1, 1, 0, 0, 0, 1, 0, 1, 0, 1, 0, 0, 1, 1, 1, 1, 1, 0, 1, 1, 0, 0, 0, 1, 0, 1, 0, 0, 1, 1, 0, 1, 1, 1, 1, 1, 0, 1, 1, 0, 0, 0, 1, 0, 1, 0, 1, 1, 1, 0, 0, 0, 1, 1, 0, 1, 1, 1, 1, 1, 1, 1, 0, 1, 1, 1, 0, 1, 1, 1, 0, 1, 1, 0, 1, 1, 1, 1, 0, 1, 1, 1, 1, 1, 1, 1, 1, 1, 0, 1, 1, 0, 0, 0, 1, 0, 1, 1, 0, 1, 1, 1, 0, 1, 1, 0, 1, 1, 1, 1, 1, 1, 1, 1, 1, 1, 0, 1, 1, 1, 0, 0, 1, 0, 1, 0, 0, 0, 1, 1, 0, 1, 1, 1, 0, 1, 0, 1, 1, 1, 1, 0, 1, 0, 1, 0, 1, 0, 1, 1, 1, 1, 0, 0, 1, 1, 1, 0, 1, 1, 1, 1, 1, 0, 1, 0, 1, 1, 1, 1, 1, 1, 1, 1, 1, 1, 0, 1, 0, 1, 1, 0, 0, 0, 0, 0, 0, 0, 1, 1, 1, 1, 0, 1, 0, 0, 1, 1, 0, 1, 1, 0, 1, 0, 0, 1, 1, 1, 1, 0, 1, 0, 1, 1, 0, 1, 1, 0, 0, 0, 1, 0, 0, 0, 1, 1, 0, 1, 1, 0, 1, 1, 1, 0, 1, 0, 1, 1, 0, 0, 1, 1, 1, 0, 0, 1, 1, 1, 1, 0, 0, 1, 1, 1, 1, 1, 1, 1, 1, 1, 0, 1, 1, 0, 0, 1, 1, 1, 1, 1, 1, 1, 0, 1, 1, 1, 1, 0, 1, 1, 0, 1, 1, 0, 1, 1, 0, 1, 1, 1, 0, 0, 1, 1, 1, 1, 1, 1, 1, 1, 0, 0, 1, 1, 1, 1, 0, 1, 1, 0, 1, 1, 1, 0, 1, 1, 1, 1, 0, 1, 1, 0, 0, 1, 0, 0, 1, 1, 1, 1, 1, 0, 0, 1, 1, 1, 1, 0, 1, 0, 1, 1, 0, 0, 1, 0, 1, 1, 1, 1, 1, 0, 1, 1, 1, 1, 1, 0, 1, 1, 1, 1, 1, 1, 0, 0, 0, 1, 1, 1, 0, 0, 0, 1, 1, 1, 1, 1, 1, 1, 1, 1, 1, 1, 1, 1, 1, 1, 1, 0, 1, 1, 0, 1, 1, 0, 1, 1, 1, 1, 1, 1, 0, 0, 1, 1, 1, 1, 1, 1, 1, 1, 1, 0, 0, 1, 1, 1, 1, 1, 1, 1, 1, 1, 1, 1, 1, 1, 1, 0, 1, 1, 1, 0, 1, 0, 1, 0, 1, 1, 1, 1, 0, 1, 0, 1, 1, 1, 0, 0, 1, 0, 0, 1, 1, 0, 0, 0, 1, 0, 0, 1, 0, 1, 0, 1, 0, 0, 1, 1, 1, 0, 0, 1, 1, 0, 1, 1, 1, 1, 0, 1, 0, 1, 1, 1, 0, 0, 1, 0, 0, 0, 1, 1, 0, 0, 1, 0, 1, 1, 0, 1, 1, 1, 1, 1, 0, 1, 1, 1, 0, 1, 0, 0, 1, 0, 1, 1, 1]

BESTFULLDTW=(333, 549, 0.60655737704918034)
LISTFULLDTW=[0, 1, 0, 1, 0, 1, 1, 1, 1, 0, 1, 1, 0, 0, 1, 1, 0, 0, 0, 0, 0, 1, 0, 0, 0, 1, 0, 1, 1, 1, 1, 1, 0, 0, 1, 0, 0, 1, 1, 1, 0, 0, 1, 1, 1, 1, 1, 0, 1, 0, 1, 0, 0, 1, 0, 1, 1, 0, 0, 1, 1, 1, 0, 1, 1, 1, 0, 1, 1, 1, 1, 0, 1, 1, 1, 0, 0, 1, 1, 0, 1, 1, 1, 0, 0, 0, 0, 1, 1, 1, 1, 1, 0, 1, 0, 1, 1, 0, 0, 1, 0, 1, 1, 0, 0, 1, 1, 0, 1, 0, 1, 0, 1, 1, 1, 0, 1, 1, 0, 0, 1, 0, 0, 1, 0, 1, 1, 0, 1, 1, 1, 0, 0, 0, 0, 0, 0, 1, 1, 1, 1, 1, 1, 0, 1, 1, 1, 1, 1, 1, 1, 1, 1, 0, 1, 0, 1, 0, 1, 0, 0, 1, 1, 0, 0, 1, 0, 1, 1, 1, 1, 0, 0, 1, 1, 0, 1, 0, 1, 1, 0, 1, 0, 1, 1, 0, 0, 1, 1, 1, 0, 1, 0, 0, 1, 0, 1, 1, 1, 1, 1, 0, 1, 1, 1, 1, 0, 0, 0, 0, 1, 0, 1, 0, 0, 1, 0, 1, 1, 1, 1, 1, 1, 1, 0, 0, 1, 0, 1, 1, 1, 1, 1, 1, 1, 0, 1, 0, 0, 0, 1, 1, 1, 0, 0, 0, 1, 0, 1, 0, 0, 0, 0, 0, 1, 1, 0, 1, 0, 0, 1, 1, 0, 1, 1, 0, 1, 1, 1, 0, 1, 1, 1, 0, 0, 1, 1, 0, 1, 1, 1, 1, 0, 0, 1, 1, 1, 0, 1, 1, 0, 1, 1, 0, 1, 1, 1, 0, 1, 1, 1, 1, 0, 1, 1, 1, 1, 0, 0, 0, 1, 0, 1, 0, 1, 1, 1, 0, 1, 0, 0, 1, 1, 1, 1, 0, 1, 1, 1, 1, 0, 0, 0, 1, 1, 1, 1, 1, 1, 0, 1, 1, 0, 0, 0, 1, 1, 1, 0, 1, 1, 1, 1, 1, 1, 0, 1, 1, 0, 1, 1, 0, 0, 1, 0, 1, 0, 1, 0, 0, 1, 1, 0, 0, 0, 0, 1, 1, 1, 1, 1, 0, 1, 1, 1, 0, 0, 0, 1, 1, 1, 1, 1, 1, 0, 0, 0, 0, 1, 1, 1, 1, 1, 0, 0, 0, 0, 1, 1, 1, 1, 0, 0, 1, 0, 1, 0, 1, 1, 0, 1, 1, 1, 1, 1, 0, 1, 1, 0, 1, 0, 1, 0, 1, 0, 1, 0, 0, 1, 1, 1, 1, 1, 0, 1, 1, 1, 1, 1, 0, 1, 1, 0, 1, 0, 1, 1, 1, 0, 1, 1, 1, 1, 1, 0, 0, 1, 0, 0, 0, 1, 1, 1, 1, 1, 0, 1, 1, 0, 0, 0, 0, 1, 1, 1, 0, 0, 0, 1, 1, 0, 1, 1, 1, 0, 1, 0, 0, 1, 1, 0, 1, 0, 1, 1, 0, 0, 0, 1, 1, 1, 1, 1, 1, 0, 1, 0, 1, 1, 1, 0, 0, 1, 0, 0, 1, 0, 0, 1, 1, 1, 1, 1, 1, 1, 1, 1, 0, 1, 1, 0, 1, 0, 0, 1, 1, 1, 1, 0]

BESTCONSDTW=(331, 549, 0.60291438979963574)
LISTCONSDTW=[0, 1, 0, 1, 0, 1, 1, 1, 1, 0, 1, 1, 0, 1, 1, 1, 0, 0, 0, 0, 1, 1, 0, 0, 0, 0, 0, 1, 1, 1, 1, 1, 1, 0, 1, 0, 0, 1, 1, 1, 0, 0, 1, 1, 1, 1, 1, 0, 1, 1, 1, 0, 0, 1, 0, 1, 0, 0, 1, 1, 1, 0, 0, 1, 0, 1, 0, 1, 1, 1, 1, 0, 1, 1, 1, 0, 0, 1, 1, 0, 0, 1, 1, 0, 0, 1, 0, 1, 1, 1, 1, 1, 0, 1, 1, 0, 0, 0, 0, 1, 0, 1, 1, 0, 1, 1, 1, 0, 1, 0, 1, 1, 1, 1, 1, 0, 1, 1, 1, 1, 1, 0, 0, 1, 0, 0, 1, 1, 1, 0, 1, 0, 0, 1, 0, 0, 1, 1, 1, 1, 1, 1, 1, 0, 1, 1, 0, 1, 1, 1, 1, 1, 1, 0, 1, 1, 1, 0, 1, 0, 0, 1, 1, 0, 0, 1, 0, 1, 1, 1, 1, 0, 0, 0, 1, 0, 1, 0, 1, 1, 0, 1, 0, 1, 1, 0, 1, 1, 1, 1, 0, 1, 0, 0, 1, 0, 1, 1, 1, 1, 1, 0, 1, 1, 1, 1, 0, 0, 0, 1, 1, 0, 1, 0, 1, 1, 0, 1, 0, 1, 1, 1, 0, 1, 0, 0, 1, 0, 1, 1, 0, 1, 0, 1, 1, 1, 1, 0, 0, 0, 1, 1, 1, 0, 0, 0, 1, 0, 0, 0, 0, 0, 0, 0, 1, 1, 0, 1, 1, 0, 1, 1, 0, 0, 1, 0, 1, 1, 1, 0, 1, 1, 1, 0, 0, 1, 1, 1, 1, 1, 0, 1, 1, 1, 1, 1, 1, 1, 1, 1, 0, 1, 1, 0, 0, 1, 1, 0, 1, 1, 1, 1, 0, 1, 1, 0, 1, 0, 0, 0, 1, 0, 1, 0, 1, 1, 1, 0, 1, 0, 0, 0, 1, 0, 1, 0, 1, 1, 1, 1, 0, 0, 0, 1, 0, 1, 1, 0, 1, 0, 1, 1, 1, 0, 0, 1, 1, 1, 0, 1, 1, 1, 1, 1, 0, 0, 1, 1, 0, 1, 1, 0, 0, 1, 0, 1, 0, 1, 0, 0, 0, 1, 0, 0, 1, 0, 1, 1, 1, 1, 0, 0, 1, 1, 1, 0, 0, 1, 1, 1, 1, 1, 1, 1, 0, 1, 0, 1, 1, 1, 0, 1, 1, 1, 1, 0, 0, 1, 1, 1, 1, 1, 0, 1, 0, 1, 0, 1, 1, 0, 1, 1, 0, 1, 1, 0, 1, 1, 1, 0, 0, 1, 0, 1, 0, 1, 0, 1, 1, 1, 1, 1, 1, 0, 1, 1, 1, 1, 1, 1, 1, 1, 0, 1, 0, 1, 0, 1, 0, 0, 1, 1, 1, 0, 0, 0, 1, 0, 0, 0, 1, 1, 1, 1, 0, 0, 1, 1, 0, 0, 0, 0, 1, 1, 1, 0, 0, 0, 1, 1, 0, 1, 1, 1, 0, 1, 0, 0, 0, 1, 0, 1, 0, 1, 1, 1, 0, 1, 1, 1, 0, 1, 1, 1, 0, 1, 0, 1, 1, 1, 1, 0, 0, 0, 0, 1, 0, 0, 0, 1, 1, 1, 1, 1, 0, 1, 0, 1, 0, 1, 0, 1, 0, 0, 1, 1, 1, 1, 0]

BESTGEM=(311, 549, 0.56648451730418947)
LISTGEM=[0, 0, 1, 0, 0, 1, 1, 1, 1, 0, 1, 1, 0, 1, 1, 1, 0, 0, 0, 0, 0, 1, 1, 1, 1, 1, 1, 0, 1, 1, 1, 1, 0, 0, 1, 0, 1, 1, 0, 1, 0, 0, 1, 1, 1, 1, 1, 1, 1, 0, 1, 0, 0, 0, 0, 1, 0, 0, 0, 0, 1, 0, 1, 1, 0, 1, 0, 1, 1, 1, 1, 0, 1, 0, 1, 0, 1, 0, 0, 1, 0, 1, 0, 0, 0, 1, 0, 1, 1, 0, 1, 1, 0, 1, 0, 1, 0, 0, 0, 1, 1, 1, 1, 0, 0, 1, 1, 0, 1, 1, 1, 1, 1, 1, 1, 1, 1, 1, 1, 0, 1, 0, 0, 1, 1, 0, 1, 0, 1, 1, 1, 0, 0, 0, 0, 0, 1, 1, 1, 1, 1, 1, 1, 0, 0, 1, 1, 0, 1, 1, 1, 0, 1, 1, 1, 0, 1, 0, 1, 1, 0, 1, 1, 0, 0, 1, 1, 1, 1, 1, 1, 1, 0, 1, 1, 0, 1, 0, 1, 1, 0, 1, 0, 0, 1, 0, 1, 1, 1, 1, 0, 1, 0, 0, 1, 0, 1, 0, 1, 1, 1, 0, 1, 0, 1, 1, 0, 0, 0, 1, 1, 1, 1, 0, 0, 1, 0, 0, 1, 1, 1, 1, 1, 1, 0, 1, 1, 0, 0, 0, 1, 1, 0, 1, 0, 1, 1, 0, 0, 0, 1, 0, 0, 0, 0, 0, 1, 1, 1, 0, 0, 0, 1, 0, 1, 1, 0, 1, 1, 0, 1, 1, 0, 1, 1, 0, 1, 0, 0, 0, 0, 1, 1, 0, 0, 1, 1, 0, 1, 1, 0, 1, 0, 1, 1, 1, 0, 0, 0, 0, 0, 1, 1, 0, 1, 1, 1, 1, 0, 1, 1, 1, 0, 0, 1, 0, 1, 1, 1, 0, 1, 0, 1, 0, 1, 0, 1, 0, 1, 0, 0, 0, 1, 0, 1, 0, 1, 0, 1, 1, 0, 1, 0, 1, 0, 1, 0, 0, 1, 0, 0, 1, 0, 0, 0, 1, 1, 1, 0, 1, 1, 0, 1, 1, 0, 0, 0, 1, 0, 1, 1, 0, 0, 1, 0, 0, 0, 0, 0, 0, 1, 1, 1, 0, 0, 0, 1, 1, 1, 1, 0, 1, 1, 1, 0, 0, 0, 0, 1, 1, 0, 1, 1, 1, 0, 1, 0, 1, 1, 1, 1, 0, 1, 1, 0, 1, 0, 1, 1, 1, 1, 0, 0, 1, 0, 1, 0, 1, 0, 0, 1, 1, 1, 1, 1, 0, 1, 1, 1, 0, 0, 0, 0, 0, 0, 0, 0, 0, 0, 1, 1, 1, 1, 0, 1, 1, 1, 0, 0, 1, 1, 0, 1, 1, 0, 1, 0, 1, 0, 0, 1, 1, 1, 0, 0, 1, 1, 0, 1, 0, 1, 0, 1, 0, 1, 1, 1, 0, 0, 0, 1, 0, 1, 1, 1, 0, 0, 0, 1, 1, 1, 1, 1, 0, 0, 1, 0, 1, 1, 1, 0, 0, 0, 1, 1, 1, 1, 1, 1, 1, 1, 1, 1, 1, 0, 1, 0, 1, 1, 1, 0, 0, 0, 0, 0, 1, 1, 0, 0, 1, 1, 1, 1, 1, 0, 1, 0, 1, 0, 0, 0, 1, 1, 0, 1, 1, 1, 1, 1]

