# shuffled stratified split (indices referring to UCR database)
TESTINDEX=[385 626 443 734 136 653 529 164   4 241 137 689  35 604 577  90 565 550
 593 415 693  26 324 558 522 188 402 568 303   3 524 197  94 595 596 200
 534 323  40 685 588   1 396 226 614 670 439 597   8 305 725 543 751 432
 393 310 536 601 422 176 216 719  98 566 658 562  49  69 111 526 638 511
 674 383 252 538 126 445  95 663 622 587  31 571 350 235 777  39 123  43
 545 291  73 747 610 450  11 313 321 488 275  99 460 267 388 378 585 620
 712 619 763 474 311 651 220 358 470 695 371 392 142   2 750  56 679 307
 362 675  29 118  58 741 120 505 157 251 600 433 578 287  75 265 424 743
 472 644 687 724 406 414 727 390 322 721 542 159  14  62 141 115 640 606
 440 608 238 659  77 477 482 114 273 150 105 673 779 463 353 345 199 171
 112 519 213 209 699 598 284 471 732 555 476 175 243  45 772 692 502 325
  85 394 762 425  81 716  89 316 709  46 122 643 773 758 681 419 409 584
 147 641  12 404 548 354 372 720  21 506 514 756 636 318  53 119 574 759
 694 389 346 163  20 441 449 202  82 703 198 738 293 131 702 481 662 339
 744 174 547 347 349 205 331 711 366 748 707 623 140 739 304 227 735 469
 108  60   6 162 682 462 302 520  38 330 560 736 523 677 617 282 723 442
 483 745 539 657 417 194 771 438 778 714 686 583 454 193 733 116 260 232
 427 447 635 684 413  19 507 156 582 428 624 212  76 485 338 429 246 765
 671 300 590 155 573 231 683 691 613 242  84 580 541 768 178 592 730 306
 575  78 629 351 400   7 224 229 426 431 486  23 308  72 181 775 290 475
  44 219  28 255 391  16 458 467 761 572 386 602 767 297 363 561 129  59
 149 289 746 244 326 612 456 230 221 776 236   9 715 357 769 532]
TRAININDEX=[184 138 401 179 355 332 146 106 648  88 278  79 180  47 554 110 742 631
 708 370  66 233 423 717 314 700  52  86 420  97   0 461 418 764 487 780
  80 336 380  18 451 660  25 365 494 589 569 298 107 435 342  54 173 148
 269 256 637 678 335 639 497 661 158 250 630 285 341 348 484 166 168 664
 263  51 281 192 276 491 576 517 437 690 500 397 530 223 177 581  93 669
 468 416 239 364  27 373 133 650 182 672 258 259 731 134 245 465 315 760
 272 544  55 752 309 377 493 189 515 503 210 513 121 753 153 274 551 680
 688 264 553 329 384 379 531 496 757 642 317 125 271 704 713 546  30 557
 706 528 270 521 452 408 214 381 527 279 139  91 262 627 618 204 501 540
 516 203 169 453 459  64 167 649 132 319 457 446 633 170 196 248 374 135
 124 412 696 206 615 249 277 665 552 101  10 509 535 283 697 117 603 215
 611 165 327 599 217 172  13 718 533 294  71 185 729 333 375 570 296  67
 286  15 492 320 701 127 444 478 698 211  42 299 361 430  65 508 410 656
  36 556 567 473 632 480 151 237 405 770 222  83 705 749 728  70 499 621
 187 195 154 755 145 104  87 464 352 186 399 301 489  24 292 367 113   5
 191 228 369 208 634  22 337 268 479 143 201 448 257 356 563 667  57 609
 312 130 512 100 525 128 722 421 490 295 328 190 510 411 254 403 579 666
 343  50 436 152 266  32 344  17 591 495 160 652 737 240 280 754 559 253
 774  96 594 564 334  33 434 288 586  63 376 360 340 109 668 654  92 398
 387 549 628 647 455 102 407 359 676 368  37 766 395 537 234 625 261 225
  34 655  68 183  74  41 382 645 605 740 726  61 466 103 518 498 247 607
 161 710 144 218 207 504  48 616 646]

# learned parameters for cdtw and gem
# dtw ((error, size, error/size), (window, sqr))
# gem ((error, size, error/size), (St0, St1, E, sym, sqr))
BESTLEARNCONSDTW=((141, 387, 0.36434108527131781), (0.13, True))
LISTLEARNCONSDTW=[((141, 387, 0.36434108527131781), (0.040000000000000001, True)), ((141, 387, 0.36434108527131781), (0.050000000000000003, True)), ((141, 387, 0.36434108527131781), (0.059999999999999998, True)), ((141, 387, 0.36434108527131781), (0.070000000000000007, True)), ((141, 387, 0.36434108527131781), (0.080000000000000002, True)), ((141, 387, 0.36434108527131781), (0.089999999999999997, True)), ((141, 387, 0.36434108527131781), (0.12, True)), ((141, 387, 0.36434108527131781), (0.13, True)), ((141, 387, 0.36434108527131781), (0.14000000000000001, True)), ((141, 387, 0.36434108527131781), (0.14999999999999999, True)), ((141, 387, 0.36434108527131781), (0.16, True)), ((141, 387, 0.36434108527131781), (0.17000000000000001, True)), ((141, 387, 0.36434108527131781), (0.17999999999999999, True)), ((141, 387, 0.36434108527131781), (0.19, True)), ((141, 387, 0.36434108527131781), (0.20000000000000001, True)), ((142, 387, 0.36692506459948321), (0.01, True)), ((142, 387, 0.36692506459948321), (0.10000000000000001, True)), ((142, 387, 0.36692506459948321), (0.11, True)), ((144, 387, 0.37209302325581395), (0.029999999999999999, True)), ((146, 387, 0.37726098191214469), (0.02, True)), ((153, 387, 0.39534883720930231), (0.0, True))]

BESTLEARNGEM=((120, 387, 0.31007751937984496), (2, 1, 0.125, True, True))
LISTLEARNGEM=[((120, 387, 0.31007751937984496), (2, 1, 0.0625, True, True)), ((120, 387, 0.31007751937984496), (2, 1, 0.125, True, True)), ((128, 387, 0.33074935400516797), (1, 1, 0.25, True, True)), ((128, 387, 0.33074935400516797), (1, 2, 0.25, True, True)), ((128, 387, 0.33074935400516797), (2, 1, 0.03125, True, True)), ((129, 387, 0.33333333333333331), (2, 1, 0.25, True, True)), ((129, 387, 0.33333333333333331), (2, 1, 0.5, True, True)), ((133, 387, 0.34366925064599485), (1, 1, 0.125, True, True)), ((133, 387, 0.34366925064599485), (1, 1, 0.5, True, True)), ((133, 387, 0.34366925064599485), (1, 2, 0.125, True, True)), ((133, 387, 0.34366925064599485), (1, 2, 0.5, True, True)), ((136, 387, 0.35142118863049093), (2, 2, 0.5, True, True)), ((137, 387, 0.35400516795865633), (2, 1, 0.015625, True, True)), ((140, 387, 0.36175710594315247), (1, 1, 0.0625, True, True)), ((140, 387, 0.36175710594315247), (1, 2, 0.0625, True, True)), ((140, 387, 0.36175710594315247), (2, 2, 0.25, True, True)), ((143, 387, 0.36950904392764861), (1, 1, 0.03125, True, True)), ((143, 387, 0.36950904392764861), (1, 2, 0.03125, True, True)), ((147, 387, 0.37984496124031009), (2, 1, 0.00390625, True, True)), ((147, 387, 0.37984496124031009), (2, 1, 0.0078125, True, True)), ((148, 387, 0.38242894056847543), (1, 1, 0.015625, True, True)), ((148, 387, 0.38242894056847543), (1, 2, 0.015625, True, True)), ((153, 387, 0.39534883720930231), (1, 1, 0.0078125, True, True)), ((153, 387, 0.39534883720930231), (1, 2, 0.0078125, True, True)), ((157, 387, 0.40568475452196384), (1, 1, 0.00390625, True, True)), ((157, 387, 0.40568475452196384), (1, 2, 0.00390625, True, True)), ((157, 387, 0.40568475452196384), (2, 2, 0.125, True, True)), ((160, 387, 0.41343669250645992), (2, 1, 0, True, True)), ((169, 387, 0.43669250645994834), (1, 1, 0, True, True)), ((169, 387, 0.43669250645994834), (1, 2, 0, True, True)), ((178, 387, 0.4599483204134367), (2, 2, 0.0625, True, True)), ((188, 387, 0.48578811369509045), (2, 2, 0.03125, True, True)), ((202, 387, 0.52196382428940569), (2, 2, 0.015625, True, True)), ((209, 387, 0.5400516795865633), (2, 2, 0.0078125, True, True)), ((220, 387, 0.5684754521963824), (2, 2, 0.00390625, True, True)), ((228, 387, 0.58914728682170547), (2, 2, 0, True, True))]


# error rates for different distance measures
# (error, size, error/size) and binary mask
BESTLP=(157, 394, 0.39847715736040606)
LISTLP=[1, 0, 1, 0, 1, 1, 0, 0, 1, 1, 1, 0, 1, 0, 0, 0, 0, 1, 0, 0, 1, 0, 0, 1, 0, 0, 1, 0, 1, 1, 0, 0, 0, 0, 1, 0, 0, 1, 0, 0, 1, 0, 0, 1, 1, 0, 0, 1, 1, 1, 1, 1, 0, 1, 0, 1, 1, 0, 0, 0, 0, 1, 0, 0, 0, 1, 0, 0, 0, 0, 0, 0, 0, 1, 0, 0, 1, 0, 1, 0, 0, 0, 1, 0, 0, 1, 0, 0, 0, 0, 0, 0, 0, 1, 0, 0, 0, 0, 0, 0, 0, 0, 0, 1, 1, 0, 0, 0, 0, 0, 1, 0, 0, 0, 0, 0, 0, 0, 1, 1, 1, 1, 0, 0, 0, 1, 1, 0, 1, 0, 1, 0, 0, 0, 0, 0, 0, 0, 0, 0, 0, 1, 0, 1, 1, 0, 0, 0, 1, 0, 0, 1, 1, 1, 1, 0, 0, 0, 1, 1, 0, 1, 0, 1, 0, 1, 1, 0, 1, 0, 0, 0, 1, 0, 1, 0, 1, 1, 0, 1, 1, 1, 1, 0, 0, 0, 1, 1, 0, 0, 0, 0, 0, 1, 0, 1, 0, 1, 0, 1, 0, 1, 1, 1, 0, 0, 1, 0, 1, 1, 1, 0, 0, 0, 0, 1, 1, 0, 0, 0, 0, 0, 1, 1, 0, 0, 0, 1, 1, 0, 0, 0, 1, 0, 0, 0, 1, 1, 1, 0, 0, 0, 1, 0, 1, 0, 1, 0, 0, 1, 1, 0, 0, 0, 0, 1, 1, 1, 0, 0, 0, 1, 1, 0, 1, 1, 0, 1, 0, 1, 1, 1, 0, 1, 0, 0, 0, 1, 0, 0, 1, 0, 0, 0, 0, 1, 1, 0, 0, 1, 0, 0, 1, 1, 0, 0, 1, 1, 1, 1, 1, 1, 1, 1, 0, 1, 0, 0, 1, 0, 0, 0, 0, 0, 0, 0, 0, 0, 0, 1, 1, 1, 0, 1, 0, 0, 0, 1, 1, 1, 0, 1, 0, 0, 0, 1, 1, 0, 1, 0, 0, 0, 0, 1, 0, 0, 1, 0, 1, 1, 1, 0, 1, 0, 0, 0, 0, 1, 0, 0, 1, 0, 0, 0, 1, 1, 0, 0, 0, 0, 0, 0, 0, 1, 1, 0, 0, 1, 0, 1, 1, 0, 1, 0, 0, 1, 0, 1, 1, 0, 1, 0, 0, 0]

BESTFULLDTW=(163, 394, 0.4137055837563452)
LISTFULLDTW=[0, 0, 1, 0, 1, 1, 0, 0, 0, 1, 1, 1, 1, 0, 0, 0, 0, 1, 0, 0, 1, 0, 0, 1, 0, 0, 1, 0, 0, 1, 1, 0, 0, 0, 0, 0, 1, 0, 0, 0, 1, 0, 0, 1, 1, 0, 0, 1, 1, 1, 1, 1, 0, 0, 0, 1, 1, 0, 0, 1, 1, 1, 0, 0, 0, 1, 0, 0, 0, 0, 0, 0, 0, 1, 0, 0, 1, 0, 0, 0, 0, 0, 0, 0, 1, 1, 0, 0, 1, 1, 0, 0, 0, 1, 1, 0, 1, 0, 0, 0, 0, 1, 0, 0, 1, 0, 0, 1, 0, 0, 1, 0, 0, 0, 0, 0, 0, 1, 1, 1, 0, 1, 1, 0, 0, 0, 1, 1, 0, 1, 0, 0, 1, 0, 0, 0, 0, 0, 1, 0, 0, 1, 1, 1, 0, 1, 1, 0, 1, 0, 0, 1, 0, 1, 0, 0, 0, 0, 1, 1, 1, 1, 0, 1, 1, 1, 1, 0, 1, 0, 0, 1, 1, 0, 1, 0, 1, 1, 1, 1, 0, 1, 0, 0, 0, 0, 0, 1, 0, 1, 0, 0, 0, 1, 0, 0, 0, 1, 0, 1, 0, 1, 1, 1, 1, 0, 1, 0, 1, 1, 1, 0, 0, 0, 0, 1, 1, 0, 0, 0, 0, 0, 1, 1, 1, 0, 0, 1, 1, 0, 1, 0, 0, 0, 0, 0, 1, 1, 1, 0, 0, 0, 1, 0, 1, 0, 0, 0, 0, 1, 1, 1, 0, 0, 0, 0, 1, 0, 0, 1, 0, 1, 1, 1, 1, 1, 0, 1, 0, 1, 1, 1, 0, 0, 0, 0, 0, 0, 0, 0, 1, 0, 0, 0, 1, 1, 1, 0, 0, 1, 0, 0, 0, 1, 0, 0, 1, 1, 1, 1, 1, 0, 1, 1, 0, 1, 0, 0, 1, 1, 0, 1, 0, 0, 0, 0, 0, 0, 1, 1, 1, 0, 0, 1, 0, 0, 1, 1, 1, 0, 0, 1, 0, 0, 0, 0, 0, 0, 1, 0, 0, 0, 0, 1, 1, 1, 1, 0, 1, 0, 1, 0, 1, 0, 0, 0, 0, 0, 0, 1, 0, 1, 0, 0, 1, 0, 1, 1, 0, 0, 0, 1, 0, 1, 1, 0, 0, 0, 0, 1, 1, 0, 0, 0, 0, 0, 1, 1, 1, 0, 1, 0, 0, 0]

BESTCONSDTW=(163, 394, 0.4137055837563452)
LISTCONSDTW=[0, 0, 1, 0, 1, 1, 0, 0, 0, 1, 1, 1, 1, 0, 0, 0, 0, 1, 0, 0, 1, 0, 0, 1, 0, 0, 1, 0, 0, 1, 1, 0, 0, 0, 0, 0, 1, 0, 0, 0, 1, 0, 0, 1, 1, 0, 0, 1, 1, 1, 1, 1, 0, 0, 0, 1, 1, 0, 0, 1, 1, 1, 0, 0, 0, 1, 0, 0, 0, 0, 0, 0, 0, 1, 0, 0, 1, 0, 0, 0, 0, 0, 0, 0, 1, 1, 0, 0, 1, 1, 0, 0, 0, 1, 1, 0, 1, 0, 0, 0, 0, 1, 0, 0, 1, 0, 0, 1, 0, 0, 1, 0, 0, 0, 0, 0, 0, 1, 1, 1, 0, 1, 1, 0, 0, 0, 1, 1, 0, 1, 0, 0, 1, 0, 0, 0, 0, 0, 1, 0, 0, 1, 1, 1, 0, 1, 1, 0, 1, 0, 0, 1, 0, 1, 0, 0, 0, 0, 1, 1, 1, 1, 0, 1, 1, 1, 1, 0, 1, 0, 0, 1, 1, 0, 1, 0, 1, 1, 1, 1, 0, 1, 0, 0, 0, 0, 0, 1, 0, 1, 0, 0, 0, 1, 0, 0, 0, 1, 0, 1, 0, 1, 1, 1, 1, 0, 1, 0, 1, 1, 1, 0, 0, 0, 0, 1, 1, 0, 0, 0, 0, 0, 1, 1, 1, 0, 0, 1, 1, 0, 1, 0, 0, 0, 0, 0, 1, 1, 1, 0, 0, 0, 1, 0, 1, 0, 0, 0, 0, 1, 1, 1, 0, 0, 0, 0, 1, 0, 0, 1, 0, 1, 1, 1, 1, 1, 0, 1, 0, 1, 1, 1, 0, 0, 0, 0, 0, 0, 0, 0, 1, 0, 0, 0, 1, 1, 1, 0, 0, 1, 0, 0, 0, 1, 0, 0, 1, 1, 1, 1, 1, 0, 1, 1, 0, 1, 0, 0, 1, 1, 0, 1, 0, 0, 0, 0, 0, 0, 1, 1, 1, 0, 0, 1, 0, 0, 1, 1, 1, 0, 0, 1, 0, 0, 0, 0, 0, 0, 1, 0, 0, 0, 0, 1, 1, 1, 1, 0, 1, 0, 1, 0, 1, 0, 0, 0, 0, 0, 0, 1, 0, 1, 0, 0, 1, 0, 1, 1, 0, 0, 0, 1, 0, 1, 1, 0, 0, 0, 0, 1, 1, 0, 0, 0, 0, 0, 1, 1, 1, 0, 1, 0, 0, 0]

BESTGEM=(113, 394, 0.28680203045685282)
LISTGEM=[0, 0, 0, 0, 1, 1, 1, 0, 0, 1, 0, 1, 0, 0, 0, 0, 0, 1, 0, 0, 1, 0, 0, 1, 0, 0, 1, 0, 0, 1, 0, 0, 0, 0, 0, 0, 1, 0, 0, 0, 1, 0, 0, 1, 1, 0, 0, 1, 1, 1, 1, 1, 0, 1, 0, 0, 1, 0, 1, 0, 0, 0, 1, 0, 0, 1, 0, 0, 0, 0, 0, 0, 0, 1, 0, 0, 0, 0, 0, 0, 0, 0, 0, 0, 0, 1, 0, 0, 1, 1, 0, 0, 0, 1, 1, 0, 0, 0, 0, 0, 0, 1, 0, 0, 1, 0, 0, 0, 0, 0, 1, 0, 0, 0, 0, 0, 0, 0, 1, 1, 0, 1, 0, 0, 0, 1, 1, 0, 0, 0, 0, 0, 0, 0, 0, 0, 0, 0, 1, 0, 0, 0, 0, 0, 1, 1, 0, 0, 1, 0, 0, 1, 0, 1, 0, 0, 0, 0, 1, 1, 0, 0, 0, 1, 1, 1, 0, 0, 0, 0, 0, 0, 1, 0, 0, 0, 1, 1, 0, 1, 1, 1, 0, 0, 0, 0, 0, 0, 0, 0, 0, 0, 0, 0, 0, 0, 0, 1, 0, 0, 0, 0, 1, 1, 1, 0, 0, 0, 1, 0, 1, 0, 0, 0, 0, 0, 1, 0, 0, 0, 0, 0, 1, 1, 1, 0, 1, 0, 1, 0, 0, 0, 0, 0, 0, 0, 0, 1, 1, 0, 0, 1, 1, 0, 1, 0, 0, 0, 0, 1, 1, 0, 0, 0, 0, 0, 0, 0, 0, 0, 0, 1, 0, 1, 1, 0, 0, 0, 0, 1, 0, 1, 0, 0, 0, 0, 0, 0, 0, 0, 1, 0, 0, 0, 0, 0, 0, 0, 0, 1, 0, 0, 0, 0, 0, 0, 1, 0, 1, 1, 1, 0, 1, 1, 0, 1, 0, 0, 0, 1, 0, 0, 0, 0, 0, 0, 0, 0, 0, 1, 1, 0, 0, 1, 0, 0, 0, 0, 1, 0, 0, 1, 0, 0, 0, 1, 1, 0, 0, 0, 0, 0, 0, 0, 0, 1, 1, 0, 1, 0, 1, 0, 1, 1, 0, 0, 0, 0, 0, 0, 0, 0, 0, 0, 1, 0, 0, 0, 0, 0, 0, 1, 0, 1, 1, 0, 0, 0, 0, 1, 1, 1, 0, 0, 0, 0, 1, 0, 1, 0, 1, 0, 0, 1]

