# shuffled stratified split (indices referring to UCR database)
TESTINDEX=[688 471  28 311 743 760 331 136  99  68 510 646 719 567 394  56 629 146
 120 718 731  46 322  11 376 342 757 544 588 674 609 266 723 662 267 280
 479 434 637 208 420 439 216 153  52 235 756 418 173 453 250 505 682  43
 478 454 383  10 717 541 472 326 333  63  58 149 581  74 764 538 223 683
 575 729 229 598 103  50 483 116 105 181 585 378  80 281 304 647 469 768
 423 456 158 298 740 399  51 474 470 507 496 161 220 614 691 570 162   6
  89 291  61 363 187 257 608 734 234 419 681 663 551 243 630 602 554 205
 385 679 436 318 448 562 317 204 552 109 523  67 622 307 708 658 222 530
 737  81 133 621 492 244 269 147 531 249 364  16 325 623 429 556 334 571
 338 177 379   0 639 238 596 503 321 185 271 341 255 532 450 535 487 494
 155 426 498  71 728 395 580  45 482 127 131 377 545 224 680  32 437 201
 182 704 526 499 686 328 424 572  36 388 231 604 703 698 251 440 634 210
 613 504 327 152 275 115 345 525 112  85 559 500 128 519 301   2 139 548
 294 386 643 179 664 491 184   8 433 741   9  21 108 159 558 123 191 350
 178 288 117  73 699 242 578 612 569 410 391  91  62 655 742 543 241 203
  88 403 236 258 620 522  15 441 745 427 775 577 124 221 189 142 537 707
 212 574 692 167 306 339 233  57 721 601 716 416 564 430 512   5 336 753
 284 769  98 253  64 666 533 194 297 550 443 619 766  86 347 315 166 520
 684 135  42 422 316 652 475 697 645  34 274 751 705 568 685 213 566 372
 514 129 449 711 188 527 239 524 197 225 689 747 282 140 259 626 287 672
 529 398  77 366 176 446 308 668 726  44  69  60 547 673 320 217 254 560
 671 665 367  72 447 583]
TRAININDEX=[163 590 273 605 276 414 300  70 114 118 618 389 365 706 462 183 738 508
 727 199 733 466 164 381 192 546 725 489 405 344 455 144 310 442 701 457
 113 332 154  30 597 431 355  96  12 648  38 171 553 476 324 148 290 752
 202 314 413 459 101 657 610  76 371 744 565 518  66 761  33 563 134 218
 356 642  48 772 138 323 528  26 687   7 628 397 362 468 240 265  27 237
 460 654  92 576 130 542 765 125 226 156 309  84 465 536 286 206 313  19
 361  40 644 616 690 387 676 495 739 207 246 360 262 370 653 678 392 368
 126 174  97  75 750 227 248 228 137 380 586 285 595 374  13 477 247 150
 353 700 592 617 151 122 754 172 667  93 603 584 337 106 458 132 119 515
 211 635 302 417 107 256 408 589 540 763 497 736 407 293 694 354 627 165
  22 587 484 516 463 180 445 121 509 277 421  79 102 759 415 404  55 762
 351 722  23 214 481  17 400 649 196 143 411 710 549 611 270 409 305   3
 675 352 511 358 659 268  53 219 749 357 425 714 521 573 467 330 289 555
 732 384 375 651 636  59 232 435  20 261 607  87  41 452 428  35 292  49
 432  39 650 303 160 638 295 406 661 606 625 517 513 632 198 157 490 746
 493 141  90 312 599 600 104 168 438 340 230 488 461 464 382 451 100 615
 656 272 502 473 359  94 534 695 624 190 348  83 215 319 677   4 640 252
 343 539  37 296 713 669 299 641 278  25 111 724  47 349 373 390 245   1
 283 633 709  29 412 260 660  18 591 369 582 195 771 193 396 402 561 335
 557 715 720 401  14 110 393 693  78  31  82 506 263  95 170  24  54 712
 480 186 175 579 501 209 735 200 702 264 594 670 279 631 169 346 696 593
 486  65 145 329 485 444]

# learned parameters for cdtw and gem
# dtw ((error, size, error/size), (window, sqr))
# gem ((error, size, error/size), (St0, St1, E, sym, sqr))
BESTLEARNCONSDTW=((69, 384, 0.1796875), (0.10000000000000001, True))
LISTLEARNCONSDTW=[((69, 384, 0.1796875), (0.10000000000000001, True)), ((70, 384, 0.18229166666666666), (0.089999999999999997, True)), ((70, 384, 0.18229166666666666), (0.11, True)), ((70, 384, 0.18229166666666666), (0.12, True)), ((71, 384, 0.18489583333333334), (0.070000000000000007, True)), ((71, 384, 0.18489583333333334), (0.13, True)), ((72, 384, 0.1875), (0.050000000000000003, True)), ((72, 384, 0.1875), (0.059999999999999998, True)), ((73, 384, 0.19010416666666666), (0.080000000000000002, True)), ((73, 384, 0.19010416666666666), (0.14000000000000001, True)), ((73, 384, 0.19010416666666666), (0.17999999999999999, True)), ((74, 384, 0.19270833333333334), (0.14999999999999999, True)), ((74, 384, 0.19270833333333334), (0.17000000000000001, True)), ((74, 384, 0.19270833333333334), (0.19, True)), ((74, 384, 0.19270833333333334), (0.20000000000000001, True)), ((75, 384, 0.1953125), (0.16, True)), ((87, 384, 0.2265625), (0.040000000000000001, True)), ((96, 384, 0.25), (0.029999999999999999, True)), ((111, 384, 0.2890625), (0.02, True)), ((133, 384, 0.34635416666666669), (0.01, True)), ((162, 384, 0.421875), (0.0, True))]

BESTLEARNGEM=((88, 384, 0.22916666666666666), (2, 2, 0.0625, True, True))
LISTLEARNGEM=[((88, 384, 0.22916666666666666), (2, 2, 0.0625, True, True)), ((91, 384, 0.23697916666666666), (2, 2, 0.00390625, True, True)), ((92, 384, 0.23958333333333334), (2, 2, 0.03125, True, True)), ((95, 384, 0.24739583333333334), (2, 2, 0.015625, True, True)), ((98, 384, 0.25520833333333331), (2, 2, 0.0078125, True, True)), ((99, 384, 0.2578125), (2, 2, 0, True, True)), ((100, 384, 0.26041666666666669), (2, 2, 0.125, True, True)), ((123, 384, 0.3203125), (2, 2, 0.25, True, True)), ((156, 384, 0.40625), (2, 2, 0.5, True, True)), ((172, 384, 0.44791666666666669), (2, 1, 0.03125, True, True)), ((173, 384, 0.45052083333333331), (1, 1, 0.015625, True, True)), ((173, 384, 0.45052083333333331), (1, 2, 0.015625, True, True)), ((176, 384, 0.45833333333333331), (1, 1, 0.03125, True, True)), ((176, 384, 0.45833333333333331), (1, 2, 0.03125, True, True)), ((176, 384, 0.45833333333333331), (2, 1, 0.015625, True, True)), ((177, 384, 0.4609375), (2, 1, 0.0078125, True, True)), ((178, 384, 0.46354166666666669), (1, 1, 0.0078125, True, True)), ((178, 384, 0.46354166666666669), (1, 2, 0.0078125, True, True)), ((181, 384, 0.47135416666666669), (1, 1, 0.00390625, True, True)), ((181, 384, 0.47135416666666669), (1, 2, 0.00390625, True, True)), ((182, 384, 0.47395833333333331), (2, 1, 0.0625, True, True)), ((185, 384, 0.48177083333333331), (2, 1, 0.00390625, True, True)), ((190, 384, 0.49479166666666669), (1, 1, 0.0625, True, True)), ((190, 384, 0.49479166666666669), (1, 2, 0.0625, True, True)), ((191, 384, 0.49739583333333331), (2, 1, 0, True, True)), ((192, 384, 0.5), (1, 1, 0, True, True)), ((192, 384, 0.5), (1, 2, 0, True, True)), ((209, 384, 0.54427083333333337), (2, 1, 0.125, True, True)), ((218, 384, 0.56770833333333337), (1, 1, 0.125, True, True)), ((218, 384, 0.56770833333333337), (1, 2, 0.125, True, True)), ((229, 384, 0.59635416666666663), (2, 1, 0.25, True, True)), ((242, 384, 0.63020833333333337), (1, 1, 0.25, True, True)), ((242, 384, 0.63020833333333337), (1, 2, 0.25, True, True)), ((252, 384, 0.65625), (2, 1, 0.5, True, True)), ((270, 384, 0.703125), (1, 1, 0.5, True, True)), ((270, 384, 0.703125), (1, 2, 0.5, True, True))]


# error rates for different distance measures
# (error, size, error/size) and binary mask
BESTLP=(146, 384, 0.38020833333333331)
LISTLP=[0, 0, 1, 0, 0, 0, 0, 0, 0, 0, 0, 1, 1, 1, 0, 0, 1, 0, 0, 0, 0, 1, 0, 0, 1, 0, 0, 1, 1, 0, 0, 1, 0, 0, 1, 0, 1, 0, 0, 0, 0, 0, 1, 0, 1, 0, 1, 0, 0, 1, 0, 1, 0, 0, 0, 1, 0, 1, 1, 1, 0, 0, 1, 1, 0, 1, 1, 1, 0, 0, 1, 0, 0, 0, 0, 1, 1, 1, 1, 0, 1, 1, 0, 0, 0, 1, 0, 0, 0, 0, 0, 0, 1, 1, 0, 1, 0, 0, 1, 1, 0, 1, 1, 0, 0, 0, 0, 1, 0, 0, 1, 1, 0, 0, 0, 1, 0, 1, 1, 1, 0, 0, 0, 0, 0, 0, 0, 0, 0, 1, 0, 1, 0, 0, 0, 0, 0, 0, 1, 1, 1, 0, 0, 0, 0, 0, 0, 0, 0, 0, 0, 0, 1, 1, 1, 0, 0, 0, 1, 1, 0, 0, 1, 0, 0, 1, 1, 0, 0, 0, 1, 1, 0, 0, 0, 0, 1, 1, 0, 0, 1, 0, 1, 0, 0, 0, 1, 1, 0, 0, 1, 0, 0, 0, 1, 1, 1, 1, 1, 0, 0, 0, 0, 0, 0, 0, 1, 0, 1, 0, 0, 1, 1, 0, 1, 0, 1, 0, 0, 0, 1, 0, 1, 1, 1, 0, 0, 0, 0, 0, 1, 0, 0, 1, 1, 1, 0, 0, 0, 1, 1, 1, 0, 0, 0, 1, 1, 0, 1, 1, 1, 0, 1, 0, 0, 0, 1, 1, 0, 0, 0, 1, 0, 0, 1, 1, 0, 0, 1, 0, 0, 0, 0, 0, 1, 1, 1, 0, 1, 0, 1, 1, 0, 1, 0, 0, 0, 1, 0, 0, 1, 0, 0, 0, 0, 0, 0, 1, 1, 0, 0, 1, 0, 1, 0, 0, 1, 0, 1, 0, 1, 0, 1, 1, 0, 0, 1, 0, 0, 0, 0, 0, 0, 0, 1, 0, 1, 0, 0, 0, 0, 0, 1, 0, 0, 1, 0, 1, 1, 1, 0, 0, 1, 1, 0, 1, 0, 0, 1, 1, 0, 0, 0, 0, 1, 1, 0, 0, 0, 1, 0, 1, 0, 0, 1, 1, 1, 0, 0, 1, 1, 0, 0, 0, 1, 0, 0, 0, 0, 0, 0, 0, 1, 0]

BESTFULLDTW=(76, 384, 0.19791666666666666)
LISTFULLDTW=[0, 0, 0, 0, 0, 0, 0, 1, 0, 0, 0, 1, 1, 0, 0, 0, 0, 0, 0, 0, 0, 0, 0, 0, 1, 0, 0, 0, 0, 0, 0, 0, 0, 0, 1, 0, 0, 0, 0, 0, 1, 1, 0, 0, 0, 0, 0, 0, 0, 1, 0, 1, 0, 0, 0, 0, 0, 0, 1, 0, 0, 0, 0, 0, 0, 1, 1, 1, 0, 0, 0, 0, 0, 0, 0, 0, 0, 1, 1, 0, 0, 0, 0, 0, 0, 0, 0, 0, 0, 0, 0, 0, 0, 0, 0, 1, 0, 0, 0, 0, 0, 0, 0, 0, 0, 0, 0, 0, 0, 0, 0, 1, 1, 0, 0, 0, 0, 0, 0, 1, 0, 0, 0, 0, 0, 0, 0, 0, 1, 0, 1, 1, 0, 1, 0, 0, 1, 0, 0, 1, 0, 0, 0, 0, 0, 0, 0, 0, 0, 0, 0, 0, 1, 0, 1, 0, 0, 0, 0, 1, 0, 0, 1, 0, 0, 1, 0, 0, 0, 0, 0, 0, 0, 0, 1, 0, 0, 0, 0, 0, 0, 0, 0, 1, 0, 0, 0, 1, 0, 1, 0, 0, 0, 0, 1, 0, 0, 0, 0, 0, 0, 0, 0, 0, 0, 0, 0, 1, 0, 0, 0, 0, 0, 0, 0, 0, 1, 0, 0, 1, 0, 0, 1, 0, 0, 0, 0, 0, 0, 0, 0, 1, 0, 0, 1, 1, 0, 0, 0, 1, 1, 0, 0, 0, 1, 1, 0, 0, 0, 0, 1, 0, 1, 0, 0, 0, 0, 0, 1, 0, 0, 1, 0, 0, 1, 0, 0, 0, 0, 0, 0, 0, 1, 0, 1, 1, 1, 1, 1, 0, 0, 0, 1, 0, 0, 0, 0, 0, 0, 0, 0, 0, 0, 1, 0, 0, 0, 0, 1, 0, 0, 0, 0, 1, 0, 1, 1, 0, 0, 0, 0, 0, 1, 0, 0, 1, 0, 0, 0, 0, 0, 0, 0, 0, 0, 0, 1, 0, 0, 0, 0, 0, 0, 0, 0, 1, 0, 1, 1, 1, 0, 0, 1, 1, 0, 0, 0, 0, 0, 1, 0, 0, 0, 0, 0, 0, 0, 0, 0, 0, 0, 0, 0, 0, 0, 1, 0, 0, 0, 0, 1, 0, 0, 0, 1, 0, 0, 0, 0, 0, 0, 0, 0, 0]

BESTCONSDTW=(76, 384, 0.19791666666666666)
LISTCONSDTW=[0, 0, 0, 0, 0, 0, 0, 0, 0, 0, 0, 1, 1, 0, 0, 0, 0, 0, 0, 0, 0, 0, 0, 0, 1, 0, 0, 0, 0, 0, 0, 0, 0, 0, 1, 1, 0, 0, 0, 0, 1, 1, 0, 0, 0, 0, 0, 0, 0, 1, 0, 1, 0, 0, 0, 0, 0, 0, 1, 0, 0, 0, 0, 0, 0, 1, 1, 1, 0, 1, 1, 0, 0, 0, 0, 0, 0, 1, 1, 0, 1, 0, 0, 0, 1, 0, 1, 0, 0, 0, 0, 1, 0, 0, 0, 0, 1, 0, 0, 0, 0, 0, 0, 0, 0, 0, 0, 1, 0, 0, 0, 1, 1, 0, 0, 0, 0, 0, 0, 1, 0, 0, 0, 0, 0, 0, 0, 0, 1, 0, 1, 1, 0, 1, 0, 0, 1, 0, 0, 1, 0, 0, 0, 0, 0, 0, 0, 0, 0, 0, 0, 0, 0, 0, 1, 0, 0, 0, 0, 1, 0, 0, 1, 0, 0, 1, 0, 0, 0, 0, 0, 0, 0, 0, 1, 0, 0, 0, 0, 0, 1, 0, 0, 0, 0, 0, 0, 0, 0, 1, 0, 0, 0, 0, 1, 0, 0, 0, 0, 0, 0, 0, 0, 0, 0, 0, 0, 0, 0, 0, 0, 0, 0, 0, 0, 0, 1, 0, 0, 1, 1, 0, 1, 0, 0, 0, 0, 0, 0, 1, 0, 1, 0, 0, 1, 1, 0, 0, 0, 1, 1, 0, 0, 0, 1, 1, 0, 0, 0, 0, 0, 0, 1, 0, 0, 0, 0, 0, 1, 0, 0, 0, 0, 0, 0, 0, 0, 0, 0, 0, 0, 0, 1, 0, 1, 1, 1, 0, 1, 0, 0, 0, 1, 0, 0, 0, 0, 0, 0, 0, 0, 0, 0, 0, 0, 0, 0, 0, 1, 0, 0, 0, 0, 1, 0, 1, 1, 0, 0, 0, 0, 0, 1, 0, 0, 0, 0, 0, 0, 0, 0, 0, 0, 0, 0, 0, 0, 0, 0, 0, 0, 0, 0, 0, 0, 1, 0, 1, 0, 1, 0, 0, 1, 1, 1, 0, 0, 0, 0, 1, 0, 0, 0, 0, 0, 0, 0, 0, 0, 0, 0, 0, 0, 0, 0, 0, 0, 0, 1, 0, 1, 0, 0, 0, 1, 0, 0, 0, 0, 0, 0, 0, 1, 0]

BESTGEM=(65, 384, 0.16927083333333334)
LISTGEM=[0, 0, 0, 0, 0, 0, 0, 0, 0, 0, 0, 0, 0, 1, 0, 0, 0, 0, 0, 0, 0, 0, 0, 0, 0, 0, 0, 0, 0, 0, 0, 0, 0, 0, 0, 0, 0, 0, 0, 0, 0, 0, 0, 0, 0, 1, 0, 0, 0, 1, 0, 1, 0, 0, 0, 0, 0, 0, 1, 0, 0, 0, 0, 0, 1, 1, 0, 0, 0, 1, 0, 0, 0, 0, 0, 0, 0, 0, 1, 0, 0, 0, 0, 0, 0, 0, 0, 0, 0, 0, 1, 0, 0, 0, 0, 0, 0, 0, 0, 0, 0, 0, 0, 0, 0, 0, 0, 0, 0, 0, 0, 1, 0, 0, 0, 0, 0, 0, 1, 0, 0, 1, 0, 0, 0, 0, 0, 0, 1, 0, 0, 1, 0, 0, 0, 0, 1, 0, 0, 1, 0, 0, 0, 0, 1, 0, 0, 0, 0, 0, 0, 0, 1, 0, 1, 0, 0, 0, 0, 1, 0, 0, 1, 0, 0, 0, 1, 0, 0, 1, 0, 1, 0, 0, 0, 0, 0, 1, 0, 0, 1, 0, 0, 0, 0, 0, 0, 0, 0, 0, 0, 0, 0, 0, 1, 0, 0, 0, 0, 0, 0, 0, 0, 0, 0, 0, 0, 1, 0, 0, 0, 1, 0, 0, 0, 1, 1, 0, 0, 0, 1, 0, 0, 0, 1, 0, 0, 0, 0, 0, 0, 0, 0, 0, 0, 1, 1, 1, 0, 0, 0, 0, 0, 0, 0, 0, 0, 0, 1, 0, 1, 0, 1, 0, 0, 0, 0, 0, 1, 0, 0, 1, 0, 0, 0, 0, 0, 0, 0, 0, 1, 0, 1, 0, 0, 0, 0, 0, 1, 0, 0, 1, 0, 1, 0, 0, 0, 1, 1, 0, 0, 0, 0, 0, 0, 0, 1, 0, 0, 0, 1, 0, 0, 1, 0, 0, 1, 0, 0, 0, 0, 0, 1, 0, 0, 1, 0, 0, 0, 0, 0, 1, 0, 0, 0, 0, 0, 0, 0, 0, 0, 0, 0, 0, 0, 0, 0, 0, 0, 1, 0, 0, 1, 1, 0, 0, 0, 0, 0, 1, 0, 0, 0, 0, 0, 0, 0, 0, 0, 0, 0, 0, 0, 0, 0, 1, 0, 0, 1, 0, 1, 0, 0, 0, 0, 0, 0, 1, 0, 0, 1, 0, 0, 0]

