# shuffled stratified split (indices referring to UCR database)
TESTINDEX=[178 328  85  52 296 397 251 355 239 218 389  95  93 157  21 146 407 240
  68 330 346 353 401 342 133 383 451 269 237 123 212 334 119 444 425 200
  88 420 344 128 141  57 125 421 405 417 126  45   6 181 271 278 361 362
 238 210 196 429 144 151 145 279 203 380  30 382 289  20  59 143 220 235
 172 226 367  84 359  81 313 315 371  41 246 169 170   3 142 301 152  50
 281 109 445 325  43 242 459  75 350  78 253 339 360 358 366 369  19  42
 363 338 211 265  16 173 264 229  18 199 159 286 314 107  71 188  17 207
 134 205 140 327  86  24 331 111 310 194   2 449   5 257 337 236 136 274
 184 443 228 137  33  60 191  47   7 318 262 352 122 217 409 221 255 285
  96 267 149 158 434 433 250 436  62 396 104 320 422 354 192 106 102  11
 139  91 195 333  97 415  92 413  51 319 356 408 431 414 440   9 317 307
  25 174  29 254 384 243 213 309 103 124 176 284 204  36 259 372 345  70
 230 340  73 248 403 193 460  65 365 120 208 432 295 105 138 357 322 280
 386 308  15 454  26 447 428 404 438  48 282 311 385 256 418 270 453 216
 150 312 442 179 198 272 343  34 258 273 374 294  28   8 161  53  74 347
 164 166 261  89  83 249 132  63 276 416  44 423 336 430 177 206 376 165
 456 394 375  64 148  12 131 127 163 293 189 219  67 115 162  61 300 304
 455  49 266]
TRAININDEX=[393  76 283 121 335 306 187  23 155 412 260 116 101 113 392 215 398 316
 201 390 435 292 458 437 305 197 457 287  37 234 223  69  80 153 291  82
 381 171 379 180 297 391  54 303 224 185 364 448 410  98   1 277 302  35
 100 135 225 214 427  77 299 114 241 370 368 326 288 202 182 387  56 377
 341 167 461 222 462 450  72 263  87 110 329 160 439  10 426 395 245  90
 324 349 129   4 446 373  66 348  27 351 406 252  22 244 290 154 402 108
 186 190 175 130 117 323 400 232 441  46  13  99 118 227  94 233 183  40
 275 231 168  38 268 452 388 424   0  79  31  32  55 156 321 112  14  39
 209 378 411 332 419  58 399 298 247 147]

# learned parameters for cdtw and gem
# dtw ((error, size, error/size), (window, sqr))
# gem ((error, size, error/size), (St0, St1, E, sym, sqr))
BESTLEARNCONSDTW=((78, 154, 0.50649350649350644), (0.02, True))
LISTLEARNCONSDTW=[((78, 154, 0.50649350649350644), (0.02, True)), ((87, 154, 0.56493506493506496), (0.01, True)), ((88, 154, 0.5714285714285714), (0.029999999999999999, True)), ((89, 154, 0.57792207792207795), (0.0, True)), ((95, 154, 0.61688311688311692), (0.040000000000000001, True)), ((97, 154, 0.62987012987012991), (0.089999999999999997, True)), ((98, 154, 0.63636363636363635), (0.070000000000000007, True)), ((98, 154, 0.63636363636363635), (0.10000000000000001, True)), ((99, 154, 0.6428571428571429), (0.080000000000000002, True)), ((99, 154, 0.6428571428571429), (0.11, True)), ((99, 154, 0.6428571428571429), (0.13, True)), ((99, 154, 0.6428571428571429), (0.14000000000000001, True)), ((99, 154, 0.6428571428571429), (0.14999999999999999, True)), ((99, 154, 0.6428571428571429), (0.16, True)), ((99, 154, 0.6428571428571429), (0.17000000000000001, True)), ((99, 154, 0.6428571428571429), (0.17999999999999999, True)), ((99, 154, 0.6428571428571429), (0.19, True)), ((99, 154, 0.6428571428571429), (0.20000000000000001, True)), ((100, 154, 0.64935064935064934), (0.050000000000000003, True)), ((100, 154, 0.64935064935064934), (0.059999999999999998, True)), ((100, 154, 0.64935064935064934), (0.12, True))]

BESTLEARNGEM=((88, 154, 0.5714285714285714), (1, 2, 0.00390625, True, True))
LISTLEARNGEM=[((88, 154, 0.5714285714285714), (1, 1, 0.00390625, True, True)), ((88, 154, 0.5714285714285714), (1, 2, 0.00390625, True, True)), ((91, 154, 0.59090909090909094), (1, 1, 0.0078125, True, True)), ((91, 154, 0.59090909090909094), (1, 2, 0.0078125, True, True)), ((93, 154, 0.60389610389610393), (1, 1, 0.03125, True, True)), ((93, 154, 0.60389610389610393), (1, 2, 0.03125, True, True)), ((94, 154, 0.61038961038961037), (1, 1, 0.015625, True, True)), ((94, 154, 0.61038961038961037), (1, 2, 0.015625, True, True)), ((94, 154, 0.61038961038961037), (2, 1, 0.0625, True, True)), ((96, 154, 0.62337662337662336), (2, 1, 0.03125, True, True)), ((97, 154, 0.62987012987012991), (1, 1, 0.0625, True, True)), ((97, 154, 0.62987012987012991), (1, 2, 0.0625, True, True)), ((98, 154, 0.63636363636363635), (1, 1, 0, True, True)), ((98, 154, 0.63636363636363635), (1, 2, 0, True, True)), ((98, 154, 0.63636363636363635), (2, 1, 0, True, True)), ((99, 154, 0.6428571428571429), (2, 1, 0.015625, True, True)), ((100, 154, 0.64935064935064934), (2, 1, 0.25, True, True)), ((102, 154, 0.66233766233766234), (1, 1, 0.125, True, True)), ((102, 154, 0.66233766233766234), (1, 2, 0.125, True, True)), ((102, 154, 0.66233766233766234), (2, 1, 0.00390625, True, True)), ((102, 154, 0.66233766233766234), (2, 1, 0.0078125, True, True)), ((104, 154, 0.67532467532467533), (2, 1, 0.5, True, True)), ((105, 154, 0.68181818181818177), (1, 1, 0.5, True, True)), ((105, 154, 0.68181818181818177), (1, 2, 0.5, True, True)), ((105, 154, 0.68181818181818177), (2, 2, 0.00390625, True, True)), ((105, 154, 0.68181818181818177), (2, 2, 0.03125, True, True)), ((106, 154, 0.68831168831168832), (1, 1, 0.25, True, True)), ((106, 154, 0.68831168831168832), (1, 2, 0.25, True, True)), ((106, 154, 0.68831168831168832), (2, 2, 0.125, True, True)), ((107, 154, 0.69480519480519476), (2, 2, 0, True, True)), ((107, 154, 0.69480519480519476), (2, 2, 0.015625, True, True)), ((108, 154, 0.70129870129870131), (2, 1, 0.125, True, True)), ((109, 154, 0.70779220779220775), (2, 2, 0.0078125, True, True)), ((109, 154, 0.70779220779220775), (2, 2, 0.25, True, True)), ((110, 154, 0.7142857142857143), (2, 2, 0.0625, True, True)), ((114, 154, 0.74025974025974028), (2, 2, 0.5, True, True))]


# error rates for different distance measures
# (error, size, error/size) and binary mask
BESTLP=(194, 309, 0.62783171521035597)
LISTLP=[1, 1, 1, 1, 1, 1, 1, 0, 0, 1, 1, 0, 1, 1, 0, 1, 1, 1, 1, 0, 0, 0, 1, 0, 1, 0, 1, 1, 1, 1, 1, 1, 1, 0, 1, 0, 0, 0, 0, 1, 0, 0, 1, 1, 1, 1, 1, 1, 1, 0, 1, 1, 0, 1, 1, 1, 1, 0, 1, 1, 1, 1, 0, 0, 1, 1, 0, 0, 0, 0, 0, 0, 0, 1, 1, 0, 0, 0, 0, 0, 1, 0, 1, 1, 1, 1, 1, 1, 1, 1, 1, 1, 0, 1, 1, 1, 0, 0, 1, 1, 1, 1, 1, 0, 0, 0, 1, 1, 1, 1, 0, 1, 1, 1, 1, 1, 0, 1, 0, 1, 1, 1, 1, 1, 1, 0, 0, 0, 0, 1, 1, 1, 0, 1, 1, 0, 1, 0, 0, 1, 0, 1, 1, 1, 1, 0, 1, 1, 1, 1, 1, 1, 0, 1, 1, 1, 0, 0, 0, 0, 1, 1, 0, 0, 1, 1, 1, 1, 1, 1, 0, 1, 1, 1, 1, 1, 1, 1, 0, 0, 1, 0, 1, 1, 0, 1, 1, 0, 1, 1, 0, 1, 0, 1, 0, 1, 0, 1, 1, 1, 1, 1, 1, 0, 1, 1, 1, 0, 1, 1, 1, 0, 1, 1, 1, 1, 1, 1, 1, 1, 0, 0, 1, 0, 1, 1, 1, 1, 1, 0, 1, 0, 0, 0, 0, 0, 0, 0, 1, 1, 1, 0, 1, 1, 1, 1, 1, 0, 0, 1, 0, 0, 1, 0, 1, 1, 1, 0, 0, 1, 1, 1, 1, 1, 0, 0, 0, 1, 0, 1, 0, 0, 1, 1, 1, 0, 0, 1, 1, 1, 1, 0, 0, 0, 0, 1, 0, 1, 1, 0, 0, 0, 1, 0, 1, 1, 0, 0, 0, 0, 1, 1, 0, 0, 1, 1, 1, 1, 1]

BESTFULLDTW=(179, 309, 0.57928802588996764)
LISTFULLDTW=[1, 0, 1, 1, 0, 0, 1, 0, 1, 1, 1, 0, 0, 0, 0, 1, 0, 0, 1, 0, 0, 0, 1, 1, 1, 1, 1, 1, 1, 1, 0, 1, 0, 1, 1, 1, 1, 1, 0, 1, 1, 0, 0, 1, 1, 1, 1, 1, 1, 0, 0, 0, 1, 1, 0, 1, 1, 0, 1, 0, 0, 1, 0, 1, 0, 0, 1, 0, 0, 1, 1, 0, 1, 1, 1, 1, 1, 1, 1, 1, 0, 1, 0, 1, 1, 1, 1, 1, 1, 1, 1, 1, 0, 1, 0, 0, 0, 0, 1, 0, 0, 0, 0, 0, 0, 1, 0, 0, 0, 0, 1, 1, 1, 0, 0, 0, 0, 0, 0, 0, 1, 1, 1, 1, 0, 1, 1, 1, 1, 1, 0, 1, 1, 1, 0, 0, 1, 0, 0, 0, 1, 1, 1, 1, 0, 1, 0, 1, 1, 1, 1, 1, 1, 1, 1, 0, 0, 1, 0, 0, 1, 1, 0, 1, 0, 1, 0, 1, 1, 1, 1, 1, 0, 1, 1, 0, 0, 0, 0, 0, 1, 0, 0, 1, 0, 1, 0, 0, 1, 1, 1, 1, 0, 1, 1, 1, 0, 1, 0, 1, 0, 1, 1, 0, 1, 1, 1, 0, 1, 1, 1, 1, 1, 1, 0, 0, 1, 1, 1, 1, 1, 1, 1, 0, 1, 1, 1, 0, 1, 0, 1, 1, 0, 1, 0, 1, 1, 1, 1, 0, 0, 0, 1, 1, 1, 0, 1, 0, 0, 1, 0, 0, 0, 1, 0, 1, 1, 1, 0, 0, 1, 1, 1, 1, 0, 1, 0, 0, 0, 0, 1, 0, 1, 1, 0, 0, 0, 0, 1, 1, 1, 0, 1, 0, 0, 0, 1, 1, 1, 0, 1, 0, 1, 0, 0, 1, 1, 1, 0, 0, 1, 0, 0, 1, 1, 0, 1, 1, 1]

BESTCONSDTW=(188, 309, 0.60841423948220064)
LISTCONSDTW=[1, 1, 1, 1, 1, 0, 1, 0, 1, 1, 1, 0, 0, 1, 0, 1, 1, 1, 1, 0, 0, 0, 1, 0, 1, 1, 0, 1, 1, 1, 1, 0, 1, 0, 1, 1, 1, 0, 0, 1, 1, 0, 0, 1, 1, 1, 1, 1, 1, 0, 1, 1, 0, 1, 1, 1, 1, 0, 1, 0, 1, 1, 0, 0, 1, 1, 1, 0, 0, 1, 0, 0, 0, 1, 0, 0, 0, 0, 0, 0, 1, 0, 1, 1, 1, 1, 1, 1, 1, 1, 1, 1, 0, 1, 1, 0, 0, 0, 1, 1, 1, 1, 1, 0, 0, 0, 1, 0, 0, 1, 1, 1, 1, 0, 1, 1, 0, 0, 0, 1, 1, 0, 1, 1, 0, 0, 1, 0, 0, 1, 1, 1, 1, 1, 1, 0, 1, 0, 0, 1, 0, 1, 1, 1, 1, 0, 0, 1, 1, 1, 1, 1, 1, 1, 1, 0, 1, 0, 0, 0, 1, 1, 1, 0, 1, 1, 1, 0, 1, 1, 0, 1, 1, 1, 1, 1, 1, 1, 0, 0, 1, 0, 1, 1, 0, 1, 0, 0, 1, 1, 0, 1, 0, 1, 1, 1, 0, 1, 1, 1, 1, 1, 1, 0, 0, 1, 1, 0, 1, 1, 1, 0, 1, 1, 1, 1, 0, 1, 1, 1, 1, 0, 1, 1, 0, 1, 0, 1, 1, 0, 0, 0, 0, 1, 0, 0, 0, 1, 1, 0, 1, 1, 1, 1, 0, 1, 1, 0, 0, 1, 0, 0, 1, 0, 0, 1, 1, 0, 0, 1, 1, 1, 1, 0, 0, 0, 0, 1, 0, 0, 1, 0, 1, 1, 1, 0, 0, 0, 1, 1, 1, 0, 0, 0, 1, 1, 1, 1, 1, 1, 0, 0, 1, 0, 1, 1, 1, 0, 0, 0, 1, 0, 0, 0, 1, 1, 1, 1, 1]

BESTGEM=(196, 309, 0.63430420711974111)
LISTGEM=[1, 1, 1, 1, 1, 1, 1, 0, 0, 1, 1, 0, 1, 1, 1, 1, 1, 1, 1, 0, 0, 0, 1, 0, 1, 0, 1, 1, 1, 1, 1, 1, 1, 0, 1, 0, 0, 0, 0, 1, 0, 0, 1, 1, 1, 1, 1, 1, 1, 0, 1, 1, 0, 1, 0, 1, 1, 0, 1, 1, 1, 1, 0, 0, 1, 1, 1, 0, 0, 0, 1, 1, 0, 1, 1, 0, 0, 0, 0, 0, 1, 0, 1, 1, 1, 1, 1, 1, 1, 1, 1, 1, 0, 1, 1, 1, 0, 0, 1, 1, 1, 1, 0, 0, 0, 0, 1, 1, 1, 0, 1, 1, 1, 1, 1, 1, 0, 1, 0, 1, 1, 1, 1, 1, 1, 0, 0, 0, 0, 1, 1, 1, 0, 1, 1, 0, 1, 0, 0, 1, 0, 1, 1, 1, 1, 0, 1, 1, 1, 1, 1, 1, 1, 1, 1, 0, 0, 1, 0, 0, 1, 0, 0, 0, 1, 1, 1, 1, 1, 1, 0, 1, 1, 1, 1, 1, 1, 1, 0, 0, 1, 0, 1, 1, 0, 1, 1, 0, 1, 1, 0, 1, 0, 1, 0, 1, 0, 1, 1, 1, 1, 1, 1, 0, 0, 1, 1, 0, 1, 1, 1, 0, 1, 1, 1, 1, 1, 1, 1, 1, 0, 0, 1, 0, 1, 1, 1, 1, 1, 0, 1, 0, 0, 1, 0, 0, 0, 0, 1, 1, 1, 1, 1, 1, 1, 1, 1, 0, 0, 1, 0, 0, 1, 0, 1, 1, 1, 0, 0, 1, 1, 1, 1, 1, 0, 0, 0, 1, 0, 1, 0, 0, 1, 1, 0, 0, 0, 1, 1, 1, 1, 0, 0, 0, 0, 1, 0, 1, 1, 0, 0, 0, 1, 0, 1, 1, 0, 0, 0, 0, 1, 1, 0, 0, 1, 1, 1, 1, 1]

