# shuffled stratified split (indices referring to UCR database)
TESTINDEX=[ 32  57  28  22  19  96  85  82  35  94  52  68   1  51  29  11  73  70
 104  24  50  77 100  34   8   2  62  97  17  65 111  31   9 110  56  91
  48  18  39  10  58  86  20   0  66  54  42  30  81  55  40  99  92 108
  83  38  87  44  47  46  37  98 101  90  41   4  89  16  59 103  45  74
  49  79  88 106  61  80  67  64 107  12  93   6  27  71   5 105]
TRAININDEX=[ 76  53  25 109 102  15   3  21  63  95  23  26  13  60  75  78  84  72
  69   7  14  36  33  43]

# learned parameters for cdtw and gem
# dtw ((error, size, error/size), (window, sqr))
# gem ((error, size, error/size), (St0, St1, E, sym, sqr))
BESTLEARNCONSDTW=((4, 24, 0.16666666666666666), (0.10000000000000001, True))
LISTLEARNCONSDTW=[((4, 24, 0.16666666666666666), (0.01, True)), ((4, 24, 0.16666666666666666), (0.089999999999999997, True)), ((4, 24, 0.16666666666666666), (0.10000000000000001, True)), ((4, 24, 0.16666666666666666), (0.11, True)), ((5, 24, 0.20833333333333334), (0.0, True)), ((5, 24, 0.20833333333333334), (0.02, True)), ((5, 24, 0.20833333333333334), (0.029999999999999999, True)), ((5, 24, 0.20833333333333334), (0.040000000000000001, True)), ((5, 24, 0.20833333333333334), (0.070000000000000007, True)), ((5, 24, 0.20833333333333334), (0.080000000000000002, True)), ((5, 24, 0.20833333333333334), (0.12, True)), ((5, 24, 0.20833333333333334), (0.13, True)), ((5, 24, 0.20833333333333334), (0.14000000000000001, True)), ((5, 24, 0.20833333333333334), (0.14999999999999999, True)), ((6, 24, 0.25), (0.050000000000000003, True)), ((6, 24, 0.25), (0.059999999999999998, True)), ((6, 24, 0.25), (0.16, True)), ((6, 24, 0.25), (0.17000000000000001, True)), ((6, 24, 0.25), (0.17999999999999999, True)), ((6, 24, 0.25), (0.19, True)), ((6, 24, 0.25), (0.20000000000000001, True))]

BESTLEARNGEM=((2, 24, 0.08333333333333333), (2, 1, 0.03125, True, True))
LISTLEARNGEM=[((2, 24, 0.08333333333333333), (2, 1, 0.015625, True, True)), ((2, 24, 0.08333333333333333), (2, 1, 0.03125, True, True)), ((3, 24, 0.125), (2, 1, 0, True, True)), ((3, 24, 0.125), (2, 1, 0.00390625, True, True)), ((3, 24, 0.125), (2, 1, 0.0078125, True, True)), ((3, 24, 0.125), (2, 1, 0.0625, True, True)), ((3, 24, 0.125), (2, 1, 0.25, True, True)), ((3, 24, 0.125), (2, 2, 0.25, True, True)), ((3, 24, 0.125), (2, 2, 0.5, True, True)), ((4, 24, 0.16666666666666666), (2, 1, 0.125, True, True)), ((4, 24, 0.16666666666666666), (2, 2, 0, True, True)), ((4, 24, 0.16666666666666666), (2, 2, 0.00390625, True, True)), ((4, 24, 0.16666666666666666), (2, 2, 0.0078125, True, True)), ((4, 24, 0.16666666666666666), (2, 2, 0.015625, True, True)), ((4, 24, 0.16666666666666666), (2, 2, 0.03125, True, True)), ((4, 24, 0.16666666666666666), (2, 2, 0.0625, True, True)), ((4, 24, 0.16666666666666666), (2, 2, 0.125, True, True)), ((5, 24, 0.20833333333333334), (1, 1, 0.0078125, True, True)), ((5, 24, 0.20833333333333334), (1, 1, 0.015625, True, True)), ((5, 24, 0.20833333333333334), (1, 1, 0.03125, True, True)), ((5, 24, 0.20833333333333334), (1, 2, 0.0078125, True, True)), ((5, 24, 0.20833333333333334), (1, 2, 0.015625, True, True)), ((5, 24, 0.20833333333333334), (1, 2, 0.03125, True, True)), ((6, 24, 0.25), (1, 1, 0, True, True)), ((6, 24, 0.25), (1, 1, 0.00390625, True, True)), ((6, 24, 0.25), (1, 1, 0.0625, True, True)), ((6, 24, 0.25), (1, 1, 0.125, True, True)), ((6, 24, 0.25), (1, 2, 0, True, True)), ((6, 24, 0.25), (1, 2, 0.00390625, True, True)), ((6, 24, 0.25), (1, 2, 0.0625, True, True)), ((6, 24, 0.25), (1, 2, 0.125, True, True)), ((6, 24, 0.25), (2, 1, 0.5, True, True)), ((8, 24, 0.3333333333333333), (1, 1, 0.25, True, True)), ((8, 24, 0.3333333333333333), (1, 1, 0.5, True, True)), ((8, 24, 0.3333333333333333), (1, 2, 0.25, True, True)), ((8, 24, 0.3333333333333333), (1, 2, 0.5, True, True))]


# error rates for different distance measures
# (error, size, error/size) and binary mask
BESTLP=(18, 88, 0.20454545454545456)
LISTLP=[0, 0, 0, 0, 1, 0, 0, 0, 0, 0, 0, 1, 0, 1, 0, 0, 0, 0, 0, 0, 0, 0, 1, 1, 0, 0, 0, 1, 1, 0, 0, 0, 0, 0, 0, 0, 0, 0, 1, 0, 1, 0, 1, 0, 0, 1, 0, 1, 0, 0, 0, 0, 0, 0, 0, 1, 0, 0, 0, 0, 0, 1, 0, 0, 0, 0, 0, 0, 0, 0, 0, 1, 0, 0, 0, 1, 1, 0, 0, 0, 0, 0, 0, 0, 0, 0, 1, 0]

BESTFULLDTW=(14, 88, 0.1590909090909091)
LISTFULLDTW=[0, 0, 0, 0, 0, 0, 0, 0, 0, 0, 0, 0, 0, 0, 0, 0, 0, 0, 1, 0, 0, 0, 0, 1, 0, 0, 0, 0, 0, 0, 0, 0, 0, 1, 0, 0, 0, 0, 1, 0, 1, 0, 0, 0, 0, 0, 0, 1, 0, 0, 0, 0, 1, 0, 0, 1, 0, 0, 0, 0, 0, 0, 0, 0, 0, 0, 0, 1, 0, 0, 0, 0, 0, 0, 0, 1, 1, 0, 0, 0, 0, 0, 0, 1, 0, 1, 1, 0]

BESTCONSDTW=(14, 88, 0.1590909090909091)
LISTCONSDTW=[0, 0, 0, 0, 0, 0, 0, 0, 0, 0, 0, 0, 0, 0, 0, 0, 0, 0, 1, 0, 0, 0, 0, 1, 0, 0, 0, 0, 0, 0, 0, 0, 0, 1, 0, 0, 0, 0, 1, 0, 1, 0, 0, 0, 0, 0, 0, 1, 0, 0, 0, 0, 1, 0, 0, 1, 0, 0, 0, 0, 0, 0, 0, 0, 0, 0, 0, 1, 0, 0, 0, 0, 0, 0, 0, 1, 1, 0, 0, 0, 0, 0, 0, 1, 0, 1, 1, 0]

BESTGEM=(5, 88, 0.056818181818181816)
LISTGEM=[0, 0, 0, 0, 0, 0, 0, 0, 0, 0, 0, 0, 0, 0, 0, 0, 0, 0, 0, 0, 0, 0, 0, 1, 0, 0, 0, 0, 0, 0, 0, 0, 0, 0, 0, 0, 0, 0, 0, 0, 0, 0, 0, 0, 0, 0, 0, 0, 0, 0, 0, 0, 0, 0, 0, 1, 0, 0, 0, 0, 0, 0, 0, 0, 0, 0, 0, 0, 0, 0, 0, 0, 0, 0, 0, 1, 1, 0, 0, 0, 0, 0, 0, 1, 0, 0, 0, 0]

