# shuffled stratified split (indices referring to UCR database)
TESTINDEX=[343 386 273 278 387  72 290 353 333 197 350 407 364 427 265  25 385 300
  32  26 331  20  48  47 119 232 194 272 179 160 428 342 235   1 299  35
 381 295 412 189 396  50 149  88 180  55 352 368  23 410 354 213 313 376
 370 432 245 222 257 372  56 201 431 429 109  37 152 214 157 403 303 181
 174 188 316 239 237 192  58 209 217 145 292 317 302 282 262 314 398  27
 165 270  24 335 125 122 402 284 433 161 374  60 132 121 153 162 168 274
  76 394  93 309 384 226 182 135 308 266 411 107 225 345  17 228  38 419
  85  95 264  71 347  92 336 328 307  49  43 359 362  16 263 261 127 383
 413  59 426 283  68 202 198 340 185 435   3 363  84 177 211  10 338  42
 148 169  66 358 390 118  45 382 304 247 117  11 128 436 321 233 286 120
 111   4 275 406  65 241 200 136 325 259 144 421 337 255 323 355  40  54
  90 206 126 143  53  80 142 441  83 276 418 243 344 207 234 164 437 141
 105 279 395  82 320 248 375 439  22  67 114 401   8 150 154 115 281  31
 361 297 306 305 146 326 250  33]
TRAININDEX=[230  89 155   7  39  13 327  91 220  94 271 215 425 268 357 244 280 404
  34 397 133 256 315  63 318 416 341 240  74 104 221 287 129 176 238 423
 106  12 371 218 348 199   6 285 393 408 103  19 438 158 112 399  97 219
 367 191 440 167  87 294 216 147 212 356 332  98  62 369  61  46   5   0
 170 108 296 324  21 113 134 178 434 360 301 420 249  29 210  79  77 156
 424 186 291 391  99 378  69 414 253 366 151  81 379 195 422 223 277 365
 339  78  44 260  75 131 184 123 246 242 319  52 224 183 373 229 166 388
 175  64 236  70 289 205  51 258 173 392 298 400 130 159 293 415 187 288
 171 138 196  86 116 322 110 389 329 137  57  14  73 430 311   2 208 251
 409  15 172 405 101  96 163 377 231 349  30 190 330 124 380 334 227 139
 417 203  41   9 140 310 351 252 193 267  28 102 204 269 100  18 312 254
 346  36]

# learned parameters for cdtw and gem
# dtw ((error, size, error/size), (window, sqr))
# gem ((error, size, error/size), (St0, St1, E, sym, sqr))
BESTLEARNCONSDTW=((62, 200, 0.31), (0.059999999999999998, True))
LISTLEARNCONSDTW=[((62, 200, 0.31), (0.059999999999999998, True)), ((66, 200, 0.33000000000000002), (0.050000000000000003, True)), ((67, 200, 0.33500000000000002), (0.070000000000000007, True)), ((68, 200, 0.34000000000000002), (0.029999999999999999, True)), ((68, 200, 0.34000000000000002), (0.040000000000000001, True)), ((70, 200, 0.34999999999999998), (0.080000000000000002, True)), ((72, 200, 0.35999999999999999), (0.089999999999999997, True)), ((75, 200, 0.375), (0.02, True)), ((76, 200, 0.38), (0.16, True)), ((76, 200, 0.38), (0.17000000000000001, True)), ((77, 200, 0.38500000000000001), (0.10000000000000001, True)), ((77, 200, 0.38500000000000001), (0.17999999999999999, True)), ((78, 200, 0.39000000000000001), (0.14999999999999999, True)), ((79, 200, 0.39500000000000002), (0.19, True)), ((79, 200, 0.39500000000000002), (0.20000000000000001, True)), ((80, 200, 0.40000000000000002), (0.01, True)), ((81, 200, 0.40500000000000003), (0.14000000000000001, True)), ((82, 200, 0.40999999999999998), (0.0, True)), ((82, 200, 0.40999999999999998), (0.13, True)), ((83, 200, 0.41499999999999998), (0.11, True)), ((84, 200, 0.41999999999999998), (0.12, True))]

BESTLEARNGEM=((44, 200, 0.22), (2, 2, 0.5, True, True))
LISTLEARNGEM=[((44, 200, 0.22), (2, 2, 0.5, True, True)), ((45, 200, 0.22500000000000001), (2, 2, 0.25, True, True)), ((52, 200, 0.26000000000000001), (2, 2, 0.125, True, True)), ((58, 200, 0.28999999999999998), (2, 2, 0.0625, True, True)), ((60, 200, 0.29999999999999999), (2, 2, 0.03125, True, True)), ((62, 200, 0.31), (2, 2, 0.0078125, True, True)), ((62, 200, 0.31), (2, 2, 0.015625, True, True)), ((65, 200, 0.32500000000000001), (2, 2, 0.00390625, True, True)), ((66, 200, 0.33000000000000002), (2, 2, 0, True, True)), ((79, 200, 0.39500000000000002), (2, 1, 0.125, True, True)), ((79, 200, 0.39500000000000002), (2, 1, 0.25, True, True)), ((79, 200, 0.39500000000000002), (2, 1, 0.5, True, True)), ((80, 200, 0.40000000000000002), (1, 1, 0.0078125, True, True)), ((80, 200, 0.40000000000000002), (1, 2, 0.0078125, True, True)), ((81, 200, 0.40500000000000003), (1, 1, 0.015625, True, True)), ((81, 200, 0.40500000000000003), (1, 2, 0.015625, True, True)), ((84, 200, 0.41999999999999998), (1, 1, 0.00390625, True, True)), ((84, 200, 0.41999999999999998), (1, 2, 0.00390625, True, True)), ((87, 200, 0.435), (1, 1, 0, True, True)), ((87, 200, 0.435), (1, 1, 0.03125, True, True)), ((87, 200, 0.435), (1, 2, 0, True, True)), ((87, 200, 0.435), (1, 2, 0.03125, True, True)), ((89, 200, 0.44500000000000001), (2, 1, 0.0625, True, True)), ((90, 200, 0.45000000000000001), (1, 1, 0.0625, True, True)), ((90, 200, 0.45000000000000001), (1, 2, 0.0625, True, True)), ((92, 200, 0.46000000000000002), (1, 1, 0.125, True, True)), ((92, 200, 0.46000000000000002), (1, 2, 0.125, True, True)), ((92, 200, 0.46000000000000002), (2, 1, 0.03125, True, True)), ((102, 200, 0.51000000000000001), (2, 1, 0.015625, True, True)), ((103, 200, 0.51500000000000001), (1, 1, 0.25, True, True)), ((103, 200, 0.51500000000000001), (1, 2, 0.25, True, True)), ((103, 200, 0.51500000000000001), (2, 1, 0, True, True)), ((103, 200, 0.51500000000000001), (2, 1, 0.00390625, True, True)), ((104, 200, 0.52000000000000002), (2, 1, 0.0078125, True, True)), ((114, 200, 0.56999999999999995), (1, 1, 0.5, True, True)), ((114, 200, 0.56999999999999995), (1, 2, 0.5, True, True))]


# error rates for different distance measures
# (error, size, error/size) and binary mask
BESTLP=(91, 242, 0.37603305785123969)
LISTLP=[0, 1, 1, 0, 0, 1, 0, 1, 1, 0, 0, 0, 1, 0, 0, 1, 0, 1, 1, 0, 1, 0, 0, 0, 0, 1, 0, 1, 0, 1, 0, 0, 0, 1, 0, 0, 0, 0, 0, 1, 1, 0, 0, 0, 1, 0, 0, 0, 0, 0, 0, 1, 0, 0, 1, 0, 0, 1, 1, 0, 1, 1, 0, 1, 0, 1, 0, 0, 0, 0, 0, 0, 0, 1, 0, 0, 0, 1, 0, 0, 0, 0, 0, 0, 0, 0, 1, 0, 1, 1, 0, 1, 1, 0, 0, 1, 0, 0, 1, 1, 1, 1, 0, 1, 1, 0, 1, 1, 0, 0, 1, 1, 0, 0, 0, 0, 0, 1, 0, 1, 1, 1, 1, 0, 0, 0, 1, 1, 1, 0, 0, 1, 0, 0, 0, 1, 0, 0, 0, 0, 0, 0, 0, 0, 1, 0, 1, 1, 1, 0, 1, 0, 0, 1, 0, 0, 1, 0, 1, 0, 0, 0, 0, 0, 0, 1, 0, 1, 0, 0, 1, 1, 0, 0, 0, 1, 0, 0, 1, 0, 1, 0, 1, 0, 1, 0, 0, 0, 0, 0, 1, 1, 1, 0, 0, 0, 0, 0, 0, 0, 0, 0, 0, 1, 1, 0, 1, 0, 1, 0, 1, 0, 0, 1, 0, 1, 1, 1, 0, 0, 1, 0, 0, 0, 1, 1, 1, 1, 0, 0, 0, 0, 1, 0, 0, 1, 1, 0, 0, 1, 0, 0]

BESTFULLDTW=(87, 242, 0.35950413223140498)
LISTFULLDTW=[0, 0, 0, 0, 0, 1, 1, 1, 1, 0, 0, 0, 1, 0, 0, 1, 0, 1, 1, 0, 1, 0, 0, 0, 0, 1, 0, 0, 0, 1, 0, 0, 0, 0, 0, 0, 0, 1, 0, 0, 1, 0, 1, 1, 1, 1, 1, 0, 1, 0, 0, 1, 1, 1, 0, 0, 0, 1, 1, 0, 1, 1, 0, 1, 0, 0, 1, 0, 0, 0, 0, 0, 0, 0, 0, 1, 0, 0, 0, 1, 0, 0, 0, 0, 0, 1, 1, 0, 0, 1, 1, 0, 1, 0, 0, 1, 0, 0, 1, 0, 0, 0, 0, 0, 0, 0, 1, 1, 1, 1, 0, 1, 1, 0, 0, 0, 0, 1, 1, 1, 0, 0, 1, 0, 1, 1, 0, 0, 1, 0, 0, 0, 1, 0, 0, 0, 1, 0, 0, 0, 0, 0, 0, 0, 1, 0, 1, 1, 0, 0, 1, 0, 0, 1, 1, 0, 1, 0, 1, 0, 1, 0, 0, 0, 1, 1, 1, 1, 1, 0, 0, 1, 0, 0, 0, 0, 0, 1, 0, 0, 0, 1, 0, 0, 0, 1, 0, 0, 0, 0, 0, 1, 0, 0, 0, 0, 0, 1, 0, 0, 0, 1, 0, 1, 1, 0, 0, 0, 0, 1, 0, 0, 1, 0, 0, 0, 1, 0, 1, 1, 1, 0, 0, 0, 0, 0, 0, 0, 0, 1, 0, 0, 1, 1, 0, 1, 0, 0, 0, 1, 1, 0]

BESTCONSDTW=(76, 242, 0.31404958677685951)
LISTCONSDTW=[0, 0, 0, 0, 0, 1, 0, 1, 1, 0, 1, 0, 1, 0, 0, 1, 0, 1, 1, 1, 1, 0, 0, 0, 0, 1, 0, 0, 0, 1, 0, 0, 0, 0, 0, 0, 0, 1, 0, 0, 1, 0, 0, 0, 1, 0, 0, 0, 1, 0, 0, 1, 1, 1, 0, 0, 0, 1, 0, 0, 1, 1, 0, 1, 0, 0, 1, 0, 0, 0, 0, 0, 1, 1, 0, 0, 0, 0, 0, 0, 0, 0, 0, 0, 0, 0, 1, 0, 1, 0, 1, 0, 1, 0, 0, 1, 0, 0, 1, 1, 0, 1, 1, 0, 0, 0, 0, 0, 1, 0, 0, 1, 1, 0, 0, 0, 0, 1, 0, 1, 0, 0, 1, 0, 0, 0, 1, 0, 1, 0, 0, 1, 0, 0, 0, 0, 1, 0, 0, 0, 0, 0, 0, 0, 1, 0, 1, 1, 1, 0, 1, 0, 0, 1, 0, 0, 1, 0, 1, 0, 1, 0, 0, 0, 0, 1, 0, 1, 1, 0, 0, 1, 0, 0, 0, 0, 0, 0, 0, 0, 0, 0, 0, 0, 1, 0, 0, 0, 0, 0, 0, 1, 1, 0, 0, 0, 0, 1, 0, 0, 0, 1, 0, 1, 0, 0, 1, 0, 1, 0, 0, 0, 1, 1, 0, 0, 0, 0, 1, 1, 1, 0, 1, 0, 0, 0, 0, 0, 0, 1, 0, 0, 1, 0, 0, 1, 1, 0, 0, 0, 0, 0]

BESTGEM=(43, 242, 0.17768595041322313)
LISTGEM=[0, 0, 0, 0, 0, 1, 0, 1, 0, 1, 0, 0, 1, 0, 0, 1, 0, 1, 0, 1, 1, 0, 0, 0, 0, 1, 0, 0, 0, 0, 0, 0, 0, 0, 1, 0, 0, 0, 0, 0, 1, 0, 0, 1, 0, 0, 0, 0, 0, 0, 0, 1, 0, 1, 0, 0, 0, 0, 0, 0, 0, 1, 0, 1, 0, 0, 0, 0, 0, 0, 0, 1, 0, 0, 0, 0, 0, 0, 0, 0, 1, 0, 0, 0, 0, 0, 1, 0, 1, 0, 0, 0, 1, 0, 0, 0, 0, 0, 0, 0, 0, 0, 0, 0, 1, 0, 0, 1, 1, 0, 0, 0, 0, 0, 0, 0, 0, 0, 0, 1, 1, 0, 1, 0, 0, 0, 1, 0, 0, 0, 0, 0, 0, 0, 0, 0, 0, 1, 0, 0, 0, 0, 0, 0, 1, 0, 1, 1, 0, 0, 1, 1, 0, 0, 0, 0, 0, 0, 0, 0, 0, 0, 0, 0, 0, 1, 0, 0, 0, 0, 0, 1, 0, 0, 0, 0, 0, 0, 0, 0, 0, 0, 0, 0, 0, 0, 0, 0, 0, 0, 0, 0, 1, 0, 0, 0, 0, 0, 0, 0, 0, 0, 0, 1, 0, 0, 1, 0, 0, 0, 1, 0, 1, 0, 0, 0, 0, 0, 0, 0, 0, 0, 0, 0, 0, 0, 0, 0, 0, 0, 0, 0, 1, 0, 0, 0, 0, 0, 0, 1, 0, 0]

