# shuffled stratified split (indices referring to UCR database)
TESTINDEX=[ 720  916  251    9  919  631  204  459  884 1095  122  388   68  811  219
  233  533  497  353  529  711  699  323  890    5  607  304   26  797  803
  112  835  265  921 1124  295  143   13  745  889 1094   62  352 1085  656
  603  135  366 1018 1138  844   79  798 1045  288  426  199  125  906   40
  875  752  201  782  920  433  644   98  776  611  620   76  837  260  187
  822  768  704  407  239  653  266  549 1077   23  542  534  974  991  101
  505  300  641  364  880  971  280  535  418    1  446  566  241  324  282
  301  177  397  168  896  836  157 1126   16  356  293 1112   53 1139  563
  409  942   60  840  237  639  119 1017  545  220  486  574  131 1065  427
  831 1128  292 1006  147  228  993  469  463   45  785 1118 1100  341  289
  947  162  107  169  274  564  959  555  750  440  998 1121  905  817  924
  957 1088  432  700  328  188  263  681  963  864  441  847  612  567  613
 1127  695  478  190   19  121  746  494  155  256  272  904  212   65  724
   67  753  900  102  267 1064  807  794  209  886  509  966  226  793  598
 1023 1073 1025  689 1036  392  940 1101 1075  857  411  572  855  127  575
 1106  504  491  799  520   15 1009  851  114  245  378  471  949  587   35
  506  685  484  335  374  207  751  326  174  581  609   86 1086  381  908
  104  926  927  928  516  601  907  126  443  455  405  979  606  667 1021
  461  329  812  935 1133  128  402  333  283  678  142   83  647   63  485
  870  726 1051  883  105  523  452 1056 1136  749    7  582  600  538   92
  948   90  291 1027  728 1066  357 1084  512  554   96 1080  779  298  273
  903  810  448 1130   71 1091  885  211  312  144  590  436 1008  933  178
   69    8 1063   47  881  830  627 1058  460  766  386 1140  129 1002  317
  824 1103  462 1010  708 1001  382  679  203  316  618  767 1005  872  255
   12  702  977  877  978 1117  690   36  832  231  820   94  161  502  531
  765  973  410  548  264  958 1024  442  806  145  672  589 1092  867  453
  339  605  694  117 1028  368  786  124  110  747  398 1061  737  530   38
  507  944  560  254  761  464  666  376   17  635  331 1104  250  741  387
  320 1129  487  602  134    3  532  466  729  225  719 1074  450  858  139
  951  577  781  773  252   50  683  558  722  677  159 1079  429  579  351
 1108  994  561  524 1070   20  223  960  682 1083  818 1114  615  369 1030
   61  735   49  815  599 1003  314  843  253  439  185  358  584  404  458
  417   31  937  918  697  428  148 1110  367  894  285  470  488  954  180
  809  238  800   10  557 1019  860  614  434  595 1090  787  732  133  661
  862 1071  932  684  985 1099  687  496 1131  833  596  570  970  421  302
  848  648  113  182   72  638   99  764   24  873  899  790 1033  184  330
  771  526  988  334  939  370  938  769  962  431  981  861  403  130  748
  337   29  240  965  281  710  633  547   80 1043  305  230  269  541 1076
  399  802  165  425  379  983  340  756  492  909 1020  897  247  406  804
  179  646  118  969   97  930  232  208  163 1032 1067  279  377   44  309
  513  508  221  705  476  989  912  982  593  673  362  141  770  675  383
  671  879  346  206  637  772  224  967   84  739    6  887 1137  414  659
   52 1004  311  652  795  821   89 1125 1109  483  914  657   48  562  783
  336  468  789  828   82  825 1111  757  498  956  150  716  987  257   22
  999  617  259  980 1060  953  972  744  826  691  271  375  674  371   42
  552  585  863  592  888  626  882  693    0  191  814   25  576  625  569
  234  713  997 1082 1046  528   37   33  874  363  559  246   77   41  845
   70  499  621  400 1011  975  775  277  990  721  438  707  665  936  850
  137   18  543  322  467  784  489  454   81 1093  628  632  968  229  854
  740  111  313 1087  500  527  151  642  696  196  514 1069  164 1120   28
  586  136  925  415  202  342  669  676  714  852  299]
TRAININDEX=[1022  116  876  319  200  709  853   74  290  698  493  217  717  103 1135
  754  701  495  160 1115  173  372  222  261   34  727  296  218  986  235
  910 1035  361  413  712  318  829 1113  420  616   85  108  654  759  955
  915  893 1050 1132  608  718 1016  306 1041  734  544  668  805  194  175
  604  360   75  849  901   59  244  153  242  629  123  551  813 1096  634
   54  670  738   56  859  856  758  931 1000  287 1081 1089 1068  236  623
   91  258   27  480  365 1098   78  186  171  725  325  327  578   93  891
  755   14  522  762 1047 1078   95  132  435  278  898  389  347  952  871
  109  198  214  205  262  715  658  474  449  680  838  525  663  537  385
 1034 1107  573   30  546  742 1105  473  992  650  819  866 1044 1012  922
  743  343  774 1014  583  733  796  477  172  472  419  391  315  580  816
  517 1029  394  445 1122  946  183  170  588  115  913  808  839  430  424
  412  780 1059  878  216  619  275   46 1123  895  791 1062  176  539  792
  167 1097   11  479  152  943  444   87  706  911  515  868  917  841 1134
  284  189 1031    4 1053  345 1040  995  730  447  243 1116  976  106  961
  692  556  380  827 1038  649  929  510  624  270   66 1072  565  166 1039
   58   39  297  294  310   55  146  475  451 1013  662 1102 1042  401  651
  393  423  950  519  723  100  630  640  760  249 1054  416  120  286  536
  303  192  778   32  622  869   43  591 1055    2  465  349  597  408  350
  248  643  736 1119  482  276  801 1026  396  846  892  457  390  384  395
  215  568  158  902  610  437  777  941  348  842  503  355 1052  140  268
 1048  308  338  686   51  945  571 1057  731  823  354  138  456  154  501
 1015  553  964  344  636  149  834  422  373  655  332  213  490  195  518
  688  193  156   73  521  934  227  923   57  511  197  359  307  664  788
 1007  660  550   88  984  645  321  540 1037  594 1049   64  763  865  210
  703  996  481  181   21]

# learned parameters for cdtw and gem
# dtw ((error, size, error/size), (window, sqr))
# gem ((error, size, error/size), (St0, St1, E, sym, sqr))
BESTLEARNCONSDTW=((94, 380, 0.24736842105263157), (0.11, True))
LISTLEARNCONSDTW=[((94, 380, 0.24736842105263157), (0.11, True)), ((95, 380, 0.25), (0.070000000000000007, True)), ((95, 380, 0.25), (0.13, True)), ((96, 380, 0.25263157894736843), (0.080000000000000002, True)), ((96, 380, 0.25263157894736843), (0.14999999999999999, True)), ((97, 380, 0.25526315789473686), (0.12, True)), ((97, 380, 0.25526315789473686), (0.14000000000000001, True)), ((97, 380, 0.25526315789473686), (0.16, True)), ((98, 380, 0.25789473684210529), (0.17000000000000001, True)), ((98, 380, 0.25789473684210529), (0.17999999999999999, True)), ((99, 380, 0.26052631578947366), (0.089999999999999997, True)), ((99, 380, 0.26052631578947366), (0.10000000000000001, True)), ((100, 380, 0.26315789473684209), (0.19, True)), ((100, 380, 0.26315789473684209), (0.20000000000000001, True)), ((103, 380, 0.27105263157894738), (0.059999999999999998, True)), ((106, 380, 0.27894736842105261), (0.050000000000000003, True)), ((113, 380, 0.29736842105263156), (0.029999999999999999, True)), ((113, 380, 0.29736842105263156), (0.040000000000000001, True)), ((115, 380, 0.30263157894736842), (0.02, True)), ((121, 380, 0.31842105263157894), (0.0, True)), ((123, 380, 0.3236842105263158), (0.01, True))]

BESTLEARNGEM=((94, 380, 0.24736842105263157), (2, 2, 0.03125, True, True))
LISTLEARNGEM=[((94, 380, 0.24736842105263157), (2, 2, 0.03125, True, True)), ((96, 380, 0.25263157894736843), (2, 2, 0.0078125, True, True)), ((97, 380, 0.25526315789473686), (2, 2, 0.015625, True, True)), ((101, 380, 0.26578947368421052), (2, 2, 0.00390625, True, True)), ((102, 380, 0.26842105263157895), (1, 1, 0.00390625, True, True)), ((102, 380, 0.26842105263157895), (1, 2, 0.00390625, True, True)), ((102, 380, 0.26842105263157895), (2, 2, 0, True, True)), ((104, 380, 0.27368421052631581), (1, 1, 0.0078125, True, True)), ((104, 380, 0.27368421052631581), (1, 2, 0.0078125, True, True)), ((107, 380, 0.28157894736842104), (1, 1, 0, True, True)), ((107, 380, 0.28157894736842104), (1, 2, 0, True, True)), ((107, 380, 0.28157894736842104), (2, 1, 0.03125, True, True)), ((108, 380, 0.28421052631578947), (2, 2, 0.0625, True, True)), ((109, 380, 0.2868421052631579), (1, 1, 0.015625, True, True)), ((109, 380, 0.2868421052631579), (1, 2, 0.015625, True, True)), ((112, 380, 0.29473684210526313), (2, 1, 0.0625, True, True)), ((117, 380, 0.30789473684210528), (1, 1, 0.03125, True, True)), ((117, 380, 0.30789473684210528), (1, 2, 0.03125, True, True)), ((119, 380, 0.31315789473684208), (2, 1, 0.015625, True, True)), ((120, 380, 0.31578947368421051), (2, 1, 0, True, True)), ((120, 380, 0.31578947368421051), (2, 1, 0.0078125, True, True)), ((120, 380, 0.31578947368421051), (2, 1, 0.125, True, True)), ((122, 380, 0.32105263157894737), (2, 2, 0.125, True, True)), ((123, 380, 0.3236842105263158), (2, 1, 0.00390625, True, True)), ((125, 380, 0.32894736842105265), (1, 1, 0.0625, True, True)), ((125, 380, 0.32894736842105265), (1, 2, 0.0625, True, True)), ((131, 380, 0.34473684210526317), (1, 1, 0.125, True, True)), ((131, 380, 0.34473684210526317), (1, 2, 0.125, True, True)), ((133, 380, 0.34999999999999998), (2, 1, 0.25, True, True)), ((134, 380, 0.35263157894736841), (2, 2, 0.25, True, True)), ((137, 380, 0.36052631578947369), (1, 1, 0.25, True, True)), ((137, 380, 0.36052631578947369), (1, 2, 0.25, True, True)), ((147, 380, 0.38684210526315788), (1, 1, 0.5, True, True)), ((147, 380, 0.38684210526315788), (1, 2, 0.5, True, True)), ((157, 380, 0.41315789473684211), (2, 1, 0.5, True, True)), ((159, 380, 0.41842105263157897), (2, 2, 0.5, True, True))]


# error rates for different distance measures
# (error, size, error/size) and binary mask
BESTLP=(211, 761, 0.27726675427069647)
LISTLP=[0, 0, 1, 0, 0, 1, 0, 0, 1, 1, 0, 0, 1, 0, 1, 0, 0, 0, 0, 1, 0, 0, 0, 1, 0, 0, 1, 0, 0, 0, 0, 0, 0, 0, 0, 0, 1, 0, 0, 0, 0, 0, 1, 0, 1, 0, 0, 1, 0, 1, 0, 0, 0, 0, 0, 1, 0, 0, 0, 0, 0, 1, 1, 0, 0, 1, 1, 0, 0, 0, 0, 0, 1, 1, 1, 0, 0, 0, 1, 1, 0, 1, 1, 0, 0, 1, 0, 1, 0, 0, 0, 0, 1, 0, 0, 1, 1, 0, 0, 1, 0, 0, 1, 0, 0, 0, 0, 0, 0, 1, 0, 0, 0, 0, 0, 0, 0, 0, 0, 1, 0, 0, 0, 0, 0, 0, 1, 0, 0, 0, 0, 0, 0, 0, 1, 0, 0, 1, 1, 0, 0, 0, 1, 0, 0, 1, 0, 0, 0, 0, 0, 0, 1, 0, 0, 0, 0, 0, 0, 0, 0, 0, 1, 0, 0, 0, 0, 0, 0, 1, 0, 0, 1, 1, 0, 0, 1, 0, 0, 1, 0, 1, 0, 0, 0, 0, 0, 0, 0, 1, 1, 1, 0, 0, 0, 1, 0, 0, 1, 0, 1, 1, 1, 0, 0, 0, 1, 0, 1, 1, 0, 0, 0, 0, 0, 0, 0, 1, 1, 0, 0, 0, 0, 0, 0, 1, 0, 0, 0, 0, 1, 1, 1, 1, 0, 0, 0, 1, 1, 1, 0, 0, 0, 0, 1, 0, 0, 0, 0, 1, 0, 0, 1, 0, 0, 1, 0, 0, 0, 0, 0, 0, 1, 1, 0, 1, 0, 0, 0, 1, 0, 0, 1, 0, 0, 0, 1, 1, 0, 0, 0, 0, 0, 0, 0, 1, 0, 0, 0, 0, 0, 0, 0, 1, 1, 1, 0, 1, 0, 0, 0, 0, 0, 1, 0, 0, 0, 0, 0, 1, 0, 0, 0, 0, 0, 0, 0, 1, 0, 1, 0, 0, 0, 1, 1, 0, 1, 0, 0, 0, 0, 0, 0, 0, 0, 0, 0, 1, 0, 0, 0, 0, 1, 0, 0, 0, 0, 1, 0, 0, 1, 0, 0, 0, 0, 0, 1, 1, 0, 0, 1, 0, 0, 0, 0, 0, 1, 0, 0, 0, 0, 0, 1, 0, 1, 0, 0, 0, 1, 1, 0, 0, 1, 0, 0, 0, 0, 1, 0, 0, 0, 0, 0, 0, 0, 0, 1, 0, 0, 1, 0, 0, 0, 0, 0, 0, 0, 0, 1, 0, 0, 1, 1, 0, 1, 1, 0, 0, 0, 0, 1, 0, 1, 1, 0, 1, 1, 0, 0, 1, 0, 1, 0, 1, 0, 1, 0, 0, 0, 0, 1, 1, 0, 1, 0, 0, 0, 1, 0, 0, 0, 1, 0, 1, 1, 0, 0, 0, 0, 0, 1, 0, 0, 0, 0, 0, 1, 1, 0, 1, 0, 1, 0, 0, 0, 0, 1, 0, 0, 1, 0, 0, 1, 1, 0, 0, 0, 0, 0, 0, 0, 0, 0, 0, 0, 0, 0, 1, 0, 0, 0, 0, 0, 0, 0, 0, 0, 0, 1, 0, 0, 0, 1, 0, 0, 1, 1, 1, 1, 0, 0, 0, 1, 0, 0, 1, 0, 0, 0, 0, 1, 0, 1, 1, 0, 0, 1, 0, 0, 0, 0, 1, 0, 0, 0, 0, 1, 1, 1, 0, 0, 1, 0, 0, 0, 1, 0, 0, 0, 1, 0, 1, 1, 1, 0, 0, 0, 1, 0, 0, 1, 0, 0, 1, 0, 0, 0, 0, 0, 0, 0, 0, 0, 1, 0, 0, 0, 0, 0, 0, 0, 0, 1, 1, 1, 0, 1, 0, 1, 1, 0, 0, 1, 0, 1, 0, 0, 0, 0, 0, 1, 0, 0, 0, 1, 0, 0, 0, 0, 0, 0, 0, 0, 0, 0, 0, 0, 0, 0, 0, 1, 0, 0, 0, 1, 0, 0, 0, 1, 0, 1, 1, 1, 0, 0, 1, 0, 0, 0, 0, 0, 0, 1, 0, 1, 0, 0, 0, 0, 0, 1, 0, 0, 1, 0, 0, 0, 1, 0, 1, 1, 0, 0, 0, 0, 1, 0, 1, 0, 0, 0, 0, 0, 0, 0, 0, 0, 0, 0, 0, 1, 0, 1, 1, 0, 0, 1, 0, 0, 0, 0, 0, 0, 0, 0, 0, 0, 0, 0, 0, 0, 0, 0, 1, 1, 0, 1, 1, 0, 0, 0, 1, 1, 1, 1, 1, 0, 0, 0, 0, 0, 0, 0, 0, 1, 0, 0, 0, 1, 0, 0, 0, 1, 0, 0, 0, 0, 0, 0, 0, 0, 0, 0, 0, 0, 0, 1, 1, 0, 0, 1]

BESTFULLDTW=(184, 761, 0.24178712220762155)
LISTFULLDTW=[0, 0, 1, 0, 0, 1, 0, 0, 1, 1, 0, 0, 1, 0, 0, 0, 0, 0, 0, 1, 0, 0, 1, 1, 0, 0, 0, 0, 0, 0, 0, 0, 0, 0, 0, 0, 1, 0, 0, 1, 0, 0, 0, 0, 1, 0, 0, 1, 0, 0, 0, 0, 0, 0, 0, 1, 0, 0, 0, 0, 0, 1, 1, 0, 0, 0, 1, 0, 0, 0, 0, 0, 1, 1, 0, 0, 0, 0, 0, 1, 0, 0, 0, 0, 0, 1, 0, 0, 1, 0, 0, 0, 1, 0, 0, 0, 1, 0, 0, 1, 0, 0, 1, 0, 0, 0, 0, 0, 0, 1, 0, 0, 0, 0, 0, 0, 0, 0, 0, 0, 0, 0, 0, 0, 0, 0, 1, 0, 0, 0, 0, 0, 0, 1, 0, 0, 0, 1, 1, 0, 1, 0, 1, 0, 1, 0, 0, 0, 0, 0, 0, 0, 1, 0, 0, 1, 0, 0, 1, 0, 0, 0, 0, 0, 0, 0, 0, 0, 0, 0, 0, 0, 0, 0, 0, 0, 1, 0, 0, 0, 0, 1, 0, 0, 0, 0, 0, 0, 0, 0, 0, 0, 1, 0, 0, 1, 0, 0, 0, 0, 1, 0, 1, 0, 0, 0, 0, 0, 0, 1, 0, 0, 0, 0, 0, 0, 0, 1, 1, 0, 0, 0, 0, 0, 0, 1, 0, 0, 0, 0, 1, 1, 0, 0, 0, 0, 0, 1, 1, 1, 0, 0, 0, 0, 1, 0, 0, 0, 0, 0, 0, 0, 1, 0, 0, 1, 0, 0, 0, 0, 0, 0, 1, 0, 0, 1, 1, 1, 0, 1, 0, 0, 1, 0, 0, 1, 0, 1, 0, 0, 0, 0, 0, 0, 0, 1, 0, 0, 0, 0, 0, 0, 0, 1, 1, 0, 0, 0, 0, 0, 0, 0, 0, 0, 0, 0, 0, 0, 0, 1, 0, 0, 0, 0, 0, 0, 0, 1, 1, 1, 0, 1, 0, 1, 1, 0, 1, 0, 0, 0, 0, 0, 0, 0, 0, 0, 0, 1, 0, 0, 0, 0, 1, 0, 0, 1, 0, 0, 0, 0, 1, 1, 1, 0, 0, 0, 1, 1, 0, 0, 1, 0, 0, 0, 0, 0, 1, 0, 0, 0, 1, 1, 1, 0, 1, 0, 0, 0, 0, 1, 0, 0, 1, 0, 1, 0, 0, 0, 0, 0, 0, 0, 0, 0, 0, 0, 0, 0, 0, 0, 0, 0, 0, 0, 0, 0, 0, 0, 1, 0, 0, 1, 1, 0, 1, 1, 0, 0, 0, 1, 0, 1, 1, 1, 0, 1, 1, 0, 0, 0, 0, 0, 0, 1, 0, 1, 0, 0, 0, 0, 1, 0, 0, 1, 0, 1, 0, 1, 1, 0, 1, 1, 0, 1, 0, 0, 1, 0, 0, 0, 0, 0, 0, 0, 0, 1, 1, 0, 0, 0, 0, 1, 0, 0, 0, 1, 1, 0, 0, 0, 0, 0, 0, 0, 0, 0, 0, 1, 0, 1, 0, 0, 0, 0, 0, 0, 0, 1, 0, 0, 0, 0, 0, 0, 0, 0, 0, 0, 0, 0, 1, 0, 1, 0, 0, 0, 1, 1, 0, 0, 0, 0, 0, 0, 0, 0, 0, 0, 0, 0, 1, 0, 1, 1, 0, 0, 0, 0, 0, 0, 0, 1, 0, 0, 0, 0, 0, 1, 0, 0, 0, 0, 0, 0, 0, 1, 0, 0, 0, 1, 0, 1, 1, 1, 0, 0, 0, 1, 0, 0, 1, 0, 0, 1, 0, 0, 0, 1, 0, 0, 0, 0, 0, 1, 0, 0, 0, 0, 0, 0, 0, 0, 1, 1, 1, 0, 0, 0, 1, 0, 1, 0, 1, 0, 1, 0, 0, 0, 1, 0, 1, 0, 0, 0, 1, 0, 0, 0, 1, 0, 0, 0, 0, 1, 0, 0, 0, 0, 0, 0, 0, 0, 0, 0, 1, 0, 0, 0, 1, 0, 1, 1, 1, 0, 0, 0, 0, 0, 0, 1, 0, 0, 0, 0, 0, 0, 0, 0, 0, 0, 1, 0, 0, 0, 0, 0, 0, 1, 0, 1, 0, 0, 0, 0, 0, 0, 0, 1, 0, 1, 1, 1, 0, 1, 0, 0, 0, 0, 0, 1, 1, 0, 1, 0, 1, 1, 1, 0, 0, 0, 0, 0, 0, 1, 0, 0, 0, 0, 0, 0, 0, 0, 0, 1, 1, 0, 0, 1, 0, 1, 0, 1, 0, 1, 0, 0, 1, 0, 0, 0, 0, 1, 0, 0, 0, 0, 1, 0, 1, 0, 0, 0, 0, 0, 0, 0, 0, 0, 0, 0, 0, 0, 0, 0, 0, 0, 1, 1, 0, 0, 0]

BESTCONSDTW=(179, 761, 0.23521681997371879)
LISTCONSDTW=[0, 0, 1, 0, 0, 1, 0, 0, 1, 1, 0, 0, 1, 0, 0, 0, 0, 0, 0, 1, 0, 0, 1, 1, 0, 0, 0, 0, 0, 1, 0, 0, 0, 1, 0, 0, 1, 0, 0, 1, 0, 0, 0, 0, 1, 0, 0, 1, 0, 1, 0, 0, 0, 0, 0, 1, 0, 0, 0, 0, 0, 1, 1, 0, 0, 0, 1, 0, 0, 0, 0, 0, 1, 1, 0, 0, 0, 0, 0, 1, 0, 0, 0, 0, 0, 1, 0, 0, 1, 0, 0, 0, 1, 0, 0, 1, 1, 0, 0, 1, 0, 0, 1, 0, 0, 0, 0, 0, 0, 1, 0, 0, 0, 0, 0, 0, 0, 0, 0, 0, 0, 0, 0, 0, 0, 0, 1, 0, 0, 0, 0, 0, 0, 1, 0, 0, 0, 1, 1, 0, 1, 0, 1, 0, 1, 0, 0, 0, 0, 0, 0, 0, 1, 0, 0, 1, 0, 0, 1, 0, 0, 0, 0, 0, 0, 1, 0, 0, 0, 0, 0, 0, 1, 0, 0, 0, 1, 0, 0, 0, 0, 0, 0, 0, 0, 0, 0, 0, 0, 0, 0, 0, 0, 0, 0, 1, 0, 0, 0, 0, 1, 0, 1, 0, 0, 0, 0, 0, 0, 1, 0, 0, 0, 0, 0, 0, 0, 1, 1, 0, 0, 0, 0, 0, 0, 1, 0, 0, 0, 0, 1, 1, 1, 0, 0, 0, 0, 1, 1, 1, 0, 0, 0, 0, 1, 0, 0, 0, 0, 0, 0, 0, 1, 0, 0, 1, 0, 0, 0, 0, 0, 0, 1, 0, 0, 1, 1, 1, 0, 1, 0, 0, 1, 0, 0, 1, 0, 1, 0, 0, 0, 0, 0, 0, 0, 1, 0, 0, 0, 1, 0, 0, 0, 1, 1, 0, 0, 1, 0, 0, 0, 0, 0, 0, 0, 0, 0, 0, 0, 1, 0, 0, 0, 0, 0, 0, 0, 0, 1, 1, 0, 1, 0, 1, 1, 0, 1, 0, 0, 0, 0, 0, 0, 0, 0, 0, 0, 1, 0, 0, 0, 0, 1, 0, 0, 1, 0, 0, 0, 0, 1, 0, 0, 0, 0, 0, 1, 1, 0, 0, 1, 0, 0, 0, 0, 0, 1, 0, 0, 0, 1, 0, 1, 0, 1, 0, 0, 0, 0, 1, 0, 0, 1, 0, 0, 0, 0, 0, 0, 0, 0, 0, 0, 0, 0, 0, 0, 0, 0, 0, 0, 0, 0, 0, 0, 0, 0, 0, 0, 0, 0, 0, 1, 0, 0, 1, 0, 0, 0, 1, 1, 1, 1, 1, 0, 1, 1, 0, 0, 0, 0, 0, 0, 1, 0, 1, 0, 0, 0, 0, 1, 0, 0, 1, 0, 1, 0, 1, 1, 0, 1, 1, 0, 1, 0, 0, 1, 0, 0, 0, 0, 0, 0, 0, 0, 0, 1, 0, 0, 0, 0, 1, 0, 0, 0, 1, 1, 0, 0, 1, 0, 0, 1, 0, 0, 0, 0, 1, 0, 1, 0, 0, 0, 0, 0, 0, 0, 1, 0, 0, 0, 0, 0, 0, 0, 0, 0, 0, 1, 0, 0, 0, 1, 0, 0, 0, 1, 1, 0, 1, 0, 0, 0, 0, 0, 0, 0, 0, 0, 0, 1, 0, 1, 1, 0, 0, 0, 0, 0, 0, 0, 1, 0, 0, 0, 0, 0, 1, 0, 0, 0, 0, 0, 0, 0, 1, 0, 0, 0, 1, 0, 0, 0, 1, 0, 0, 0, 1, 0, 0, 1, 0, 0, 1, 0, 0, 0, 1, 0, 0, 0, 0, 0, 0, 0, 0, 0, 0, 0, 0, 0, 0, 1, 1, 1, 0, 0, 0, 1, 0, 1, 0, 1, 0, 1, 0, 0, 0, 1, 0, 1, 0, 0, 0, 1, 0, 0, 0, 1, 0, 0, 0, 0, 0, 0, 1, 0, 0, 1, 0, 0, 0, 0, 0, 1, 0, 0, 0, 1, 0, 0, 1, 1, 0, 0, 0, 0, 1, 0, 1, 0, 0, 0, 0, 0, 0, 0, 0, 0, 0, 1, 0, 0, 0, 0, 0, 0, 0, 0, 1, 0, 0, 0, 0, 0, 0, 0, 1, 0, 0, 1, 0, 0, 1, 0, 0, 0, 0, 0, 1, 1, 0, 1, 0, 1, 0, 1, 0, 0, 0, 0, 0, 0, 0, 1, 0, 0, 0, 0, 0, 0, 0, 0, 1, 1, 0, 0, 1, 0, 0, 0, 1, 0, 1, 0, 1, 1, 0, 0, 0, 0, 1, 0, 0, 0, 0, 0, 0, 1, 0, 0, 0, 0, 0, 0, 0, 0, 0, 0, 0, 0, 0, 0, 0, 0, 0, 1, 1, 0, 0, 0]

BESTGEM=(231, 761, 0.3035479632063075)
LISTGEM=[0, 0, 1, 1, 0, 1, 1, 0, 1, 1, 0, 1, 1, 0, 0, 0, 1, 0, 1, 1, 0, 1, 1, 0, 1, 0, 0, 0, 0, 1, 0, 0, 0, 1, 0, 0, 1, 0, 0, 1, 0, 0, 1, 1, 1, 0, 0, 0, 0, 1, 0, 0, 0, 0, 1, 0, 0, 0, 1, 0, 0, 1, 1, 0, 0, 1, 1, 0, 1, 0, 1, 0, 1, 0, 1, 0, 0, 0, 0, 1, 1, 0, 1, 0, 0, 0, 0, 0, 0, 0, 0, 0, 1, 0, 0, 1, 0, 0, 1, 1, 0, 0, 0, 0, 0, 0, 0, 0, 0, 1, 0, 0, 0, 0, 0, 0, 0, 0, 0, 0, 0, 0, 0, 0, 0, 0, 1, 0, 0, 0, 0, 0, 0, 1, 0, 0, 0, 1, 1, 0, 1, 0, 1, 0, 0, 0, 0, 0, 0, 0, 0, 0, 1, 0, 1, 1, 0, 0, 0, 0, 1, 1, 0, 0, 0, 0, 0, 1, 0, 0, 0, 1, 0, 0, 0, 0, 1, 0, 0, 0, 0, 1, 0, 1, 0, 0, 0, 0, 0, 0, 0, 0, 0, 0, 0, 1, 0, 0, 0, 0, 1, 1, 1, 1, 0, 0, 0, 0, 0, 0, 0, 1, 0, 0, 0, 0, 0, 0, 0, 0, 1, 0, 0, 1, 0, 1, 0, 1, 0, 0, 1, 1, 1, 0, 0, 0, 1, 0, 1, 1, 0, 0, 0, 0, 1, 0, 0, 0, 0, 1, 0, 0, 1, 0, 0, 1, 0, 0, 0, 0, 1, 0, 1, 1, 1, 1, 0, 1, 0, 1, 0, 0, 1, 0, 0, 0, 1, 1, 0, 1, 0, 1, 0, 0, 0, 0, 0, 0, 1, 1, 0, 0, 0, 0, 1, 1, 0, 1, 0, 0, 0, 0, 0, 1, 0, 0, 0, 0, 1, 0, 0, 0, 0, 0, 0, 0, 0, 1, 1, 1, 0, 0, 0, 1, 1, 0, 1, 0, 0, 0, 0, 0, 0, 0, 0, 0, 0, 1, 0, 0, 0, 0, 1, 0, 0, 1, 0, 1, 0, 0, 0, 1, 0, 0, 0, 0, 1, 1, 0, 0, 0, 0, 0, 0, 0, 1, 0, 0, 0, 0, 1, 1, 0, 0, 0, 0, 0, 0, 0, 1, 0, 0, 1, 0, 1, 0, 0, 0, 0, 0, 0, 0, 0, 0, 0, 0, 0, 1, 1, 0, 0, 0, 0, 0, 0, 0, 0, 0, 0, 0, 0, 0, 0, 0, 1, 1, 0, 0, 0, 1, 0, 1, 1, 0, 0, 1, 0, 0, 0, 1, 0, 0, 0, 1, 0, 1, 0, 0, 0, 0, 1, 1, 0, 1, 0, 0, 1, 1, 1, 0, 0, 1, 0, 1, 1, 0, 1, 0, 0, 0, 0, 0, 0, 0, 0, 1, 1, 0, 0, 1, 0, 1, 0, 0, 0, 0, 1, 0, 0, 1, 0, 1, 0, 1, 0, 0, 0, 1, 0, 1, 0, 1, 0, 0, 0, 0, 0, 1, 1, 0, 0, 0, 0, 1, 0, 0, 0, 0, 0, 0, 1, 0, 1, 1, 0, 0, 1, 0, 1, 1, 1, 0, 1, 0, 0, 1, 0, 0, 0, 1, 1, 1, 1, 0, 0, 0, 1, 0, 0, 0, 0, 0, 0, 0, 1, 0, 0, 1, 0, 0, 0, 1, 0, 0, 0, 1, 0, 0, 1, 1, 0, 0, 1, 1, 0, 0, 0, 1, 0, 0, 1, 0, 0, 1, 0, 0, 1, 1, 0, 0, 0, 0, 0, 1, 0, 1, 0, 0, 0, 0, 0, 0, 1, 0, 1, 0, 0, 0, 0, 0, 1, 0, 1, 0, 1, 0, 0, 0, 0, 0, 1, 0, 0, 0, 1, 0, 0, 0, 0, 0, 0, 0, 0, 1, 0, 0, 1, 0, 0, 1, 0, 1, 0, 0, 1, 0, 0, 0, 1, 0, 1, 1, 1, 0, 0, 0, 1, 1, 0, 0, 0, 1, 0, 0, 0, 0, 0, 1, 0, 0, 0, 0, 0, 1, 0, 1, 1, 0, 1, 1, 0, 0, 1, 0, 0, 0, 0, 1, 0, 0, 1, 1, 1, 1, 0, 0, 0, 0, 0, 1, 0, 1, 0, 0, 1, 1, 1, 0, 0, 0, 0, 0, 0, 1, 1, 0, 0, 0, 1, 0, 0, 0, 0, 1, 1, 0, 0, 1, 0, 1, 0, 1, 0, 1, 0, 1, 1, 0, 0, 0, 0, 0, 0, 0, 0, 1, 1, 0, 1, 0, 0, 0, 0, 1, 0, 0, 0, 0, 0, 0, 0, 1, 0, 0, 0, 0, 0, 1, 0, 0, 0]

