# shuffled stratified split (indices referring to UCR database)
TESTINDEX=[103  62 303 419 135 147 348 338 266 261 290 421 198 167 183 392 125 332
 351  94 389  83 375 326 248 140 417 273 400 408 220  79 416 346  75 132
 258 342 314  70 377 153  45  68 202 232 168   6 327  93  59 324 390  34
 119 256 234 250 196 219 169 130 347 430 270 302 240 120 307 402 304  40
  57 340 385 312 282 330  38 127 360 104 192 295 407 223 288  22 322 339
  51  63  26  72  14 163 319 379  20 152  15   9 373 310   3 107 335 126
  76 399 162  84 306 182  98 361 165 263 300 345  13 179  71 406  95  66
 241 394 180 329  31 425 159 297 136  41 422 164 357  96 299 405  39 207
 131 149  77 260 249 226 387 133 382 388 108 440 350 112 380 355 236 142
 393 287 368  90 298 374  37 244 321 414 354 139 224  47 435 246 411 128
 206 432 384 134 283 437 293 424 428  73 434  67 343 144 166 150 281 194
 358 365 353 363 367  32 364 253 243 336 172 433 116 395 431 228 264 121
 315  35 418   2 214  36 186 158 257 216   0  43 238  11 276 247 254 269
  25 301  87 376 267  19 275  28]
TRAININDEX=[174 211 210 200 189   8  23 170 409 292  49 105 369 291  58 106 151 396
 197  33 176 383 404 371 205 100  91 218 102   7   5 233 296 115 415 191
 316  80 323   1 318 272 331 278 184 173 225 114 356 161  16 188  50 420
 204 230 370 110 311 401 229  64 227 237  18 155 245 203 320 242 413 341
 178  69 259 117   4  54  10 252  88 294 262 378 251 137 286 101  99 381
 362  89 334 427 289 177 156  82 141 148  21  56 439  86 285 349  61 111
  97  48 190  74 397 398 239 265 208 212 209 423 403 138  81  24  42 344
  55 109  85 129  52 438 333  53 352  44 146 328 175 143 113 123 412 193
 235 391 181 280  30 195 436  17 277 217 284 201  29 187 185 157 222  60
 145 124  27 279  78 118 359 154 160  92 122 305 213 309 274 231 215 313
 429 199 308 410 317  46  65 221 325  12 171 441 366 271 386 426 337 255
 268 372]

# learned parameters for cdtw and gem
# dtw ((error, size, error/size), (window, sqr))
# gem ((error, size, error/size), (St0, St1, E, sym, sqr))
BESTLEARNCONSDTW=((60, 200, 0.29999999999999999), (0.19, True))
LISTLEARNCONSDTW=[((60, 200, 0.29999999999999999), (0.17000000000000001, True)), ((60, 200, 0.29999999999999999), (0.17999999999999999, True)), ((60, 200, 0.29999999999999999), (0.19, True)), ((60, 200, 0.29999999999999999), (0.20000000000000001, True)), ((62, 200, 0.31), (0.050000000000000003, True)), ((62, 200, 0.31), (0.14999999999999999, True)), ((62, 200, 0.31), (0.16, True)), ((64, 200, 0.32000000000000001), (0.11, True)), ((64, 200, 0.32000000000000001), (0.12, True)), ((64, 200, 0.32000000000000001), (0.14000000000000001, True)), ((65, 200, 0.32500000000000001), (0.10000000000000001, True)), ((65, 200, 0.32500000000000001), (0.13, True)), ((67, 200, 0.33500000000000002), (0.040000000000000001, True)), ((67, 200, 0.33500000000000002), (0.059999999999999998, True)), ((70, 200, 0.34999999999999998), (0.029999999999999999, True)), ((71, 200, 0.35499999999999998), (0.02, True)), ((71, 200, 0.35499999999999998), (0.089999999999999997, True)), ((72, 200, 0.35999999999999999), (0.01, True)), ((73, 200, 0.36499999999999999), (0.070000000000000007, True)), ((75, 200, 0.375), (0.080000000000000002, True)), ((78, 200, 0.39000000000000001), (0.0, True))]

BESTLEARNGEM=((36, 200, 0.17999999999999999), (2, 2, 0.5, True, True))
LISTLEARNGEM=[((36, 200, 0.17999999999999999), (2, 2, 0.5, True, True)), ((43, 200, 0.215), (2, 2, 0.25, True, True)), ((50, 200, 0.25), (2, 2, 0.0625, True, True)), ((54, 200, 0.27000000000000002), (2, 2, 0.125, True, True)), ((55, 200, 0.27500000000000002), (2, 2, 0.03125, True, True)), ((58, 200, 0.28999999999999998), (2, 2, 0.015625, True, True)), ((60, 200, 0.29999999999999999), (2, 2, 0.0078125, True, True)), ((64, 200, 0.32000000000000001), (2, 1, 0.5, True, True)), ((64, 200, 0.32000000000000001), (2, 2, 0.00390625, True, True)), ((65, 200, 0.32500000000000001), (2, 2, 0, True, True)), ((66, 200, 0.33000000000000002), (2, 1, 0.25, True, True)), ((70, 200, 0.34999999999999998), (2, 1, 0.125, True, True)), ((73, 200, 0.36499999999999999), (1, 1, 0.015625, True, True)), ((73, 200, 0.36499999999999999), (1, 2, 0.015625, True, True)), ((74, 200, 0.37), (1, 1, 0.0078125, True, True)), ((74, 200, 0.37), (1, 2, 0.0078125, True, True)), ((75, 200, 0.375), (1, 1, 0.00390625, True, True)), ((75, 200, 0.375), (1, 2, 0.00390625, True, True)), ((78, 200, 0.39000000000000001), (1, 1, 0, True, True)), ((78, 200, 0.39000000000000001), (1, 2, 0, True, True)), ((78, 200, 0.39000000000000001), (2, 1, 0.0625, True, True)), ((79, 200, 0.39500000000000002), (1, 1, 0.03125, True, True)), ((79, 200, 0.39500000000000002), (1, 2, 0.03125, True, True)), ((82, 200, 0.40999999999999998), (1, 1, 0.0625, True, True)), ((82, 200, 0.40999999999999998), (1, 2, 0.0625, True, True)), ((83, 200, 0.41499999999999998), (1, 1, 0.125, True, True)), ((83, 200, 0.41499999999999998), (1, 2, 0.125, True, True)), ((90, 200, 0.45000000000000001), (2, 1, 0.03125, True, True)), ((94, 200, 0.46999999999999997), (1, 1, 0.25, True, True)), ((94, 200, 0.46999999999999997), (1, 2, 0.25, True, True)), ((97, 200, 0.48499999999999999), (2, 1, 0.015625, True, True)), ((102, 200, 0.51000000000000001), (1, 1, 0.5, True, True)), ((102, 200, 0.51000000000000001), (1, 2, 0.5, True, True)), ((104, 200, 0.52000000000000002), (2, 1, 0.0078125, True, True)), ((107, 200, 0.53500000000000003), (2, 1, 0.00390625, True, True)), ((110, 200, 0.55000000000000004), (2, 1, 0, True, True))]


# error rates for different distance measures
# (error, size, error/size) and binary mask
BESTLP=(99, 242, 0.40909090909090912)
LISTLP=[1, 0, 0, 1, 0, 0, 0, 1, 1, 0, 0, 1, 1, 0, 0, 1, 0, 1, 1, 0, 1, 0, 0, 1, 1, 0, 0, 0, 0, 0, 0, 1, 0, 1, 1, 1, 1, 0, 1, 0, 0, 1, 1, 1, 0, 0, 1, 1, 1, 0, 0, 0, 0, 0, 0, 0, 0, 1, 0, 0, 0, 0, 0, 0, 1, 0, 1, 0, 0, 0, 0, 0, 0, 0, 0, 0, 1, 0, 0, 0, 1, 0, 0, 1, 0, 0, 0, 1, 0, 0, 0, 1, 0, 0, 1, 1, 0, 1, 0, 0, 0, 1, 0, 1, 1, 1, 0, 0, 0, 0, 1, 1, 0, 0, 0, 0, 0, 0, 1, 0, 0, 0, 0, 0, 1, 1, 0, 0, 1, 0, 0, 0, 0, 1, 0, 1, 0, 1, 1, 0, 0, 1, 1, 0, 1, 1, 0, 0, 0, 0, 0, 1, 1, 0, 1, 0, 0, 1, 0, 0, 0, 1, 1, 0, 0, 1, 1, 0, 1, 1, 0, 1, 0, 0, 0, 1, 1, 0, 1, 0, 0, 1, 0, 0, 1, 0, 1, 0, 0, 1, 1, 1, 0, 0, 1, 1, 0, 0, 1, 1, 1, 1, 0, 1, 1, 1, 0, 0, 0, 0, 0, 1, 0, 0, 0, 0, 1, 0, 1, 0, 1, 0, 1, 1, 1, 1, 0, 0, 1, 0, 1, 1, 0, 0, 1, 0, 1, 0, 1, 1, 1, 1]

BESTFULLDTW=(92, 242, 0.38016528925619836)
LISTFULLDTW=[0, 1, 0, 1, 0, 0, 0, 1, 1, 0, 1, 0, 1, 0, 1, 1, 0, 1, 1, 0, 1, 0, 1, 1, 0, 0, 1, 1, 0, 0, 0, 0, 1, 1, 0, 1, 1, 0, 1, 0, 0, 0, 1, 1, 0, 1, 1, 0, 0, 0, 1, 0, 0, 1, 0, 0, 1, 0, 0, 0, 1, 1, 0, 0, 0, 0, 0, 0, 0, 0, 0, 0, 0, 0, 0, 0, 1, 0, 1, 0, 1, 1, 0, 1, 0, 0, 0, 0, 0, 0, 0, 0, 0, 1, 1, 1, 0, 1, 0, 1, 1, 1, 1, 1, 0, 0, 1, 0, 1, 0, 0, 1, 0, 0, 0, 0, 1, 0, 1, 0, 0, 0, 0, 0, 0, 1, 1, 0, 1, 0, 1, 0, 0, 1, 0, 1, 0, 0, 0, 0, 0, 0, 1, 0, 1, 0, 1, 1, 0, 0, 0, 1, 1, 1, 0, 0, 0, 1, 0, 0, 0, 0, 1, 0, 0, 0, 1, 0, 0, 1, 0, 1, 0, 0, 0, 1, 0, 1, 1, 0, 0, 0, 0, 0, 1, 0, 0, 0, 0, 1, 1, 0, 0, 0, 1, 0, 1, 0, 1, 1, 0, 1, 0, 1, 1, 0, 1, 1, 1, 1, 0, 1, 0, 0, 0, 0, 1, 0, 0, 0, 0, 0, 0, 0, 0, 1, 0, 0, 1, 0, 0, 1, 1, 1, 0, 0, 1, 0, 0, 1, 0, 0]

BESTCONSDTW=(92, 242, 0.38016528925619836)
LISTCONSDTW=[0, 1, 0, 1, 0, 0, 0, 1, 1, 0, 1, 0, 1, 0, 0, 1, 0, 1, 1, 0, 1, 0, 1, 1, 0, 0, 1, 1, 0, 0, 0, 0, 1, 1, 0, 1, 1, 0, 1, 0, 0, 0, 1, 1, 0, 1, 1, 0, 0, 0, 1, 0, 0, 1, 0, 0, 1, 0, 0, 0, 1, 1, 0, 0, 0, 0, 0, 0, 0, 0, 0, 0, 0, 0, 0, 0, 1, 0, 1, 0, 1, 1, 0, 1, 0, 0, 0, 0, 0, 0, 0, 0, 0, 1, 1, 1, 0, 1, 0, 1, 1, 1, 1, 1, 0, 0, 1, 0, 1, 0, 0, 1, 0, 0, 1, 0, 1, 0, 1, 0, 0, 0, 0, 0, 0, 1, 1, 0, 1, 0, 1, 0, 0, 1, 0, 1, 0, 0, 0, 0, 0, 0, 1, 0, 1, 0, 1, 1, 0, 0, 0, 1, 1, 1, 0, 0, 0, 1, 0, 0, 0, 0, 1, 0, 0, 0, 1, 0, 0, 1, 0, 1, 0, 0, 0, 1, 0, 1, 1, 0, 0, 0, 0, 0, 1, 0, 0, 0, 0, 1, 1, 0, 0, 0, 1, 0, 1, 0, 1, 1, 0, 1, 0, 1, 1, 0, 1, 1, 1, 1, 0, 1, 0, 0, 0, 0, 1, 0, 0, 0, 0, 0, 0, 0, 0, 1, 0, 0, 1, 0, 0, 1, 1, 1, 0, 0, 1, 0, 0, 1, 0, 0]

BESTGEM=(58, 242, 0.23966942148760331)
LISTGEM=[0, 1, 0, 0, 0, 0, 0, 0, 0, 0, 0, 0, 1, 0, 1, 1, 0, 0, 1, 0, 1, 0, 0, 0, 0, 0, 0, 1, 0, 0, 0, 1, 0, 1, 0, 1, 0, 0, 0, 0, 0, 1, 0, 1, 0, 0, 0, 0, 1, 0, 0, 0, 0, 0, 0, 0, 1, 0, 0, 0, 0, 1, 0, 0, 0, 0, 1, 0, 0, 0, 0, 0, 0, 0, 0, 0, 0, 0, 0, 0, 1, 1, 0, 1, 0, 0, 0, 0, 0, 1, 0, 0, 1, 1, 1, 1, 0, 0, 0, 1, 1, 1, 0, 1, 0, 0, 0, 0, 1, 1, 1, 0, 0, 0, 0, 0, 0, 1, 1, 0, 0, 0, 0, 0, 0, 1, 0, 0, 0, 0, 0, 0, 0, 0, 0, 0, 0, 0, 0, 0, 0, 0, 0, 0, 1, 1, 0, 0, 0, 0, 0, 1, 1, 1, 0, 0, 0, 1, 0, 0, 0, 0, 0, 0, 0, 1, 1, 0, 0, 0, 0, 0, 0, 0, 0, 0, 0, 0, 0, 0, 0, 0, 0, 0, 1, 0, 0, 0, 0, 1, 1, 0, 0, 1, 0, 0, 1, 0, 1, 0, 1, 0, 0, 1, 1, 1, 0, 0, 0, 0, 0, 0, 0, 0, 0, 0, 1, 0, 1, 0, 0, 0, 0, 0, 0, 0, 0, 0, 1, 0, 0, 0, 0, 0, 1, 0, 1, 0, 0, 0, 0, 1]

