# shuffled stratified split (indices referring to UCR database)
TESTINDEX=[29 33  5 18 47 45 50  9 37 44 41 30 48 58 27 31 53 23  7 54 38 24 17 57 35
  8 19 15 13  1]
TRAININDEX=[21 28 59 16 34 56 26 43 25 49 55  3 42 10  0 22 46  6 12 14  4 39 51 52 36
  2 40 11 20 32]

# learned parameters for cdtw and gem
# dtw ((error, size, error/size), (window, sqr))
# gem ((error, size, error/size), (St0, St1, E, sym, sqr))
BESTLEARNCONSDTW=((17, 30, 0.5666666666666667), (0.02, True))
LISTLEARNCONSDTW=[((17, 30, 0.5666666666666667), (0.01, True)), ((17, 30, 0.5666666666666667), (0.02, True)), ((17, 30, 0.5666666666666667), (0.13, True)), ((18, 30, 0.6), (0.0, True)), ((18, 30, 0.6), (0.029999999999999999, True)), ((18, 30, 0.6), (0.040000000000000001, True)), ((18, 30, 0.6), (0.059999999999999998, True)), ((18, 30, 0.6), (0.070000000000000007, True)), ((18, 30, 0.6), (0.089999999999999997, True)), ((18, 30, 0.6), (0.10000000000000001, True)), ((18, 30, 0.6), (0.11, True)), ((18, 30, 0.6), (0.12, True)), ((18, 30, 0.6), (0.14000000000000001, True)), ((18, 30, 0.6), (0.14999999999999999, True)), ((18, 30, 0.6), (0.16, True)), ((18, 30, 0.6), (0.17000000000000001, True)), ((18, 30, 0.6), (0.17999999999999999, True)), ((18, 30, 0.6), (0.19, True)), ((18, 30, 0.6), (0.20000000000000001, True)), ((19, 30, 0.6333333333333333), (0.050000000000000003, True)), ((19, 30, 0.6333333333333333), (0.080000000000000002, True))]

BESTLEARNGEM=((14, 30, 0.4666666666666667), (1, 2, 0, True, True))
LISTLEARNGEM=[((14, 30, 0.4666666666666667), (1, 1, 0, True, True)), ((14, 30, 0.4666666666666667), (1, 2, 0, True, True)), ((15, 30, 0.5), (1, 1, 0.03125, True, True)), ((15, 30, 0.5), (1, 2, 0.03125, True, True)), ((16, 30, 0.5333333333333333), (1, 1, 0.00390625, True, True)), ((16, 30, 0.5333333333333333), (1, 1, 0.0078125, True, True)), ((16, 30, 0.5333333333333333), (1, 1, 0.015625, True, True)), ((16, 30, 0.5333333333333333), (1, 1, 0.0625, True, True)), ((16, 30, 0.5333333333333333), (1, 1, 0.125, True, True)), ((16, 30, 0.5333333333333333), (1, 1, 0.25, True, True)), ((16, 30, 0.5333333333333333), (1, 2, 0.00390625, True, True)), ((16, 30, 0.5333333333333333), (1, 2, 0.0078125, True, True)), ((16, 30, 0.5333333333333333), (1, 2, 0.015625, True, True)), ((16, 30, 0.5333333333333333), (1, 2, 0.0625, True, True)), ((16, 30, 0.5333333333333333), (1, 2, 0.125, True, True)), ((16, 30, 0.5333333333333333), (1, 2, 0.25, True, True)), ((16, 30, 0.5333333333333333), (2, 1, 0.125, True, True)), ((16, 30, 0.5333333333333333), (2, 2, 0, True, True)), ((16, 30, 0.5333333333333333), (2, 2, 0.00390625, True, True)), ((16, 30, 0.5333333333333333), (2, 2, 0.0078125, True, True)), ((16, 30, 0.5333333333333333), (2, 2, 0.015625, True, True)), ((16, 30, 0.5333333333333333), (2, 2, 0.25, True, True)), ((17, 30, 0.5666666666666667), (2, 1, 0, True, True)), ((17, 30, 0.5666666666666667), (2, 1, 0.00390625, True, True)), ((17, 30, 0.5666666666666667), (2, 1, 0.0078125, True, True)), ((17, 30, 0.5666666666666667), (2, 1, 0.015625, True, True)), ((17, 30, 0.5666666666666667), (2, 1, 0.03125, True, True)), ((17, 30, 0.5666666666666667), (2, 1, 0.0625, True, True)), ((17, 30, 0.5666666666666667), (2, 1, 0.25, True, True)), ((17, 30, 0.5666666666666667), (2, 2, 0.03125, True, True)), ((17, 30, 0.5666666666666667), (2, 2, 0.0625, True, True)), ((17, 30, 0.5666666666666667), (2, 2, 0.125, True, True)), ((18, 30, 0.6), (1, 1, 0.5, True, True)), ((18, 30, 0.6), (1, 2, 0.5, True, True)), ((18, 30, 0.6), (2, 1, 0.5, True, True)), ((18, 30, 0.6), (2, 2, 0.5, True, True))]


# error rates for different distance measures
# (error, size, error/size) and binary mask
BESTLP=(14, 30, 0.4666666666666667)
LISTLP=[0, 0, 0, 1, 0, 1, 0, 1, 0, 0, 1, 0, 0, 1, 1, 0, 0, 1, 0, 1, 1, 1, 1, 0, 0, 1, 1, 0, 1, 0]

BESTFULLDTW=(16, 30, 0.5333333333333333)
LISTFULLDTW=[0, 0, 0, 1, 1, 1, 0, 1, 0, 0, 1, 0, 0, 1, 1, 0, 0, 1, 0, 1, 1, 1, 1, 0, 0, 1, 1, 1, 1, 0]

BESTCONSDTW=(13, 30, 0.43333333333333335)
LISTCONSDTW=[0, 0, 0, 1, 1, 1, 0, 1, 0, 0, 0, 0, 0, 1, 1, 0, 0, 1, 0, 1, 1, 1, 1, 0, 0, 1, 0, 0, 1, 0]

BESTGEM=(11, 30, 0.36666666666666664)
LISTGEM=[0, 0, 0, 1, 0, 0, 0, 1, 0, 1, 1, 0, 0, 0, 1, 0, 0, 1, 0, 1, 1, 1, 0, 0, 0, 1, 0, 1, 0, 0]

