# shuffled stratified split (indices referring to UCR database)
TESTINDEX=[ 54  52  95 116  50  18  90  68  81   6  59  55   7  10 117  65  78  96
  93  35  23   3  67  17  94  61  98  20  91  46 119 114  24  57  53  85
  27  32  56  99 105   2  42  13 113 107  88  74  62  12  60  40  29 102
  97  75  26  45  11 108  19]
TRAININDEX=[  9  86  34  41  48  43  33  28   4  38 110  22  63  76  36  80  77  66
 111  14  39  84 101  58  30  47 115  49   8  71  73  92  83  21  64 103
  69 120  87 104  89 100  72   5  16  37  31  15  70 118  82 106  25 112
   1   0  44  79 109  51]

# learned parameters for cdtw and gem
# dtw ((error, size, error/size), (window, sqr))
# gem ((error, size, error/size), (St0, St1, E, sym, sqr))
BESTLEARNCONSDTW=((5, 60, 0.083333333333333329), (0.11, True))
LISTLEARNCONSDTW=[((5, 60, 0.083333333333333329), (0.070000000000000007, True)), ((5, 60, 0.083333333333333329), (0.11, True)), ((5, 60, 0.083333333333333329), (0.12, True)), ((6, 60, 0.10000000000000001), (0.050000000000000003, True)), ((6, 60, 0.10000000000000001), (0.059999999999999998, True)), ((6, 60, 0.10000000000000001), (0.13, True)), ((7, 60, 0.11666666666666667), (0.089999999999999997, True)), ((7, 60, 0.11666666666666667), (0.10000000000000001, True)), ((7, 60, 0.11666666666666667), (0.14000000000000001, True)), ((8, 60, 0.13333333333333333), (0.040000000000000001, True)), ((8, 60, 0.13333333333333333), (0.080000000000000002, True)), ((8, 60, 0.13333333333333333), (0.17000000000000001, True)), ((9, 60, 0.14999999999999999), (0.14999999999999999, True)), ((9, 60, 0.14999999999999999), (0.16, True)), ((9, 60, 0.14999999999999999), (0.17999999999999999, True)), ((9, 60, 0.14999999999999999), (0.19, True)), ((9, 60, 0.14999999999999999), (0.20000000000000001, True)), ((10, 60, 0.16666666666666666), (0.029999999999999999, True)), ((11, 60, 0.18333333333333332), (0.0, True)), ((12, 60, 0.20000000000000001), (0.02, True)), ((14, 60, 0.23333333333333334), (0.01, True))]

BESTLEARNGEM=((5, 60, 0.083333333333333329), (2, 1, 0.00390625, True, True))
LISTLEARNGEM=[((5, 60, 0.083333333333333329), (2, 1, 0.00390625, True, True)), ((6, 60, 0.10000000000000001), (2, 1, 0, True, True)), ((6, 60, 0.10000000000000001), (2, 1, 0.0078125, True, True)), ((8, 60, 0.13333333333333333), (2, 2, 0.0078125, True, True)), ((9, 60, 0.14999999999999999), (2, 2, 0, True, True)), ((9, 60, 0.14999999999999999), (2, 2, 0.00390625, True, True)), ((9, 60, 0.14999999999999999), (2, 2, 0.015625, True, True)), ((10, 60, 0.16666666666666666), (1, 1, 0.00390625, True, True)), ((10, 60, 0.16666666666666666), (1, 2, 0.00390625, True, True)), ((10, 60, 0.16666666666666666), (2, 1, 0.015625, True, True)), ((11, 60, 0.18333333333333332), (1, 1, 0, True, True)), ((11, 60, 0.18333333333333332), (1, 2, 0, True, True)), ((11, 60, 0.18333333333333332), (2, 1, 0.03125, True, True)), ((13, 60, 0.21666666666666667), (1, 1, 0.0078125, True, True)), ((13, 60, 0.21666666666666667), (1, 2, 0.0078125, True, True)), ((13, 60, 0.21666666666666667), (2, 2, 0.03125, True, True)), ((14, 60, 0.23333333333333334), (2, 1, 0.0625, True, True)), ((14, 60, 0.23333333333333334), (2, 2, 0.125, True, True)), ((15, 60, 0.25), (2, 2, 0.0625, True, True)), ((15, 60, 0.25), (2, 2, 0.5, True, True)), ((16, 60, 0.26666666666666666), (1, 1, 0.0625, True, True)), ((16, 60, 0.26666666666666666), (1, 2, 0.0625, True, True)), ((16, 60, 0.26666666666666666), (2, 2, 0.25, True, True)), ((17, 60, 0.28333333333333333), (1, 1, 0.03125, True, True)), ((17, 60, 0.28333333333333333), (1, 2, 0.03125, True, True)), ((18, 60, 0.29999999999999999), (1, 1, 0.015625, True, True)), ((18, 60, 0.29999999999999999), (1, 1, 0.125, True, True)), ((18, 60, 0.29999999999999999), (1, 2, 0.015625, True, True)), ((18, 60, 0.29999999999999999), (1, 2, 0.125, True, True)), ((18, 60, 0.29999999999999999), (2, 1, 0.125, True, True)), ((20, 60, 0.33333333333333331), (1, 1, 0.25, True, True)), ((20, 60, 0.33333333333333331), (1, 2, 0.25, True, True)), ((21, 60, 0.34999999999999998), (1, 1, 0.5, True, True)), ((21, 60, 0.34999999999999998), (1, 2, 0.5, True, True)), ((21, 60, 0.34999999999999998), (2, 1, 0.25, True, True)), ((21, 60, 0.34999999999999998), (2, 1, 0.5, True, True))]


# error rates for different distance measures
# (error, size, error/size) and binary mask
BESTLP=(16, 61, 0.26229508196721313)
LISTLP=[0, 0, 0, 1, 1, 0, 0, 0, 0, 0, 0, 0, 1, 1, 0, 1, 1, 0, 0, 0, 0, 0, 0, 1, 0, 0, 0, 1, 1, 0, 1, 0, 0, 0, 0, 1, 0, 0, 0, 1, 0, 0, 0, 0, 0, 0, 1, 0, 0, 0, 0, 0, 1, 0, 1, 0, 0, 0, 0, 1, 0]

BESTFULLDTW=(8, 61, 0.13114754098360656)
LISTFULLDTW=[0, 0, 0, 0, 0, 0, 0, 1, 0, 0, 0, 0, 0, 0, 0, 0, 0, 0, 0, 0, 0, 0, 1, 0, 0, 0, 0, 1, 0, 0, 0, 0, 0, 0, 0, 1, 1, 0, 0, 0, 0, 0, 0, 0, 0, 0, 1, 0, 0, 0, 0, 0, 1, 0, 1, 0, 0, 0, 0, 0, 0]

BESTCONSDTW=(13, 61, 0.21311475409836064)
LISTCONSDTW=[0, 0, 0, 0, 0, 0, 0, 0, 0, 0, 0, 0, 0, 1, 0, 0, 0, 0, 1, 0, 1, 0, 1, 0, 0, 0, 0, 1, 0, 0, 1, 0, 0, 0, 0, 1, 1, 0, 0, 0, 0, 0, 0, 0, 0, 0, 1, 0, 0, 0, 1, 0, 1, 0, 1, 0, 0, 0, 0, 1, 0]

BESTGEM=(9, 61, 0.14754098360655737)
LISTGEM=[0, 0, 0, 0, 1, 0, 0, 0, 0, 0, 0, 0, 1, 1, 0, 0, 0, 0, 1, 0, 1, 0, 0, 0, 0, 0, 0, 0, 0, 0, 0, 0, 0, 1, 0, 1, 0, 0, 0, 0, 0, 0, 0, 0, 0, 0, 0, 0, 0, 0, 0, 1, 0, 0, 1, 0, 0, 0, 0, 0, 0]

