# shuffled stratified split (indices referring to UCR database)
TESTINDEX=[ 859  258  217 1082  834  223  637 1008   45 1066  251  263  495 1034  716
  106  215 1015  236 1067  271  414 1051  864  407  510 1114  514  769 1040
  810  366  125  913  177  418  122  373  902  285  886 1030 1010  494   71
  281  142  947  441   37  193  361   98  462   30  264  398  784  910  397
  897 1017  613  423  650  260  487  831  876 1005  185  508  606  759  915
  381  538  789  753  110 1062  706  208  525   57  119  504  987  641  954
  898  772 1096  717  960  442 1100   88  881  955   21 1016  671  339  466
  138  663  465  628  777  255  133  556  634  354  825  145  906  705  101
  745  449  370  994   35   70   58  403   83   64 1074  924 1135  718  662
  850  112  778  609  554  584  127  600  464  800 1070  691  527 1092  875
  501   54  860  523  939  822  790  625  472  282 1102  807  750  436  566
  685 1088  826 1063  346  413   49   12 1001  254 1068 1087  220  905  714
  722  629  904  196 1032   38    4   67  747  542  739   32  385  794  878
  627  246  871  737  305  267  827  532  696  980 1047  237  856  374   31
  651  573  617  249  791   36 1064  560  134 1138  463  109  653  907  832
  369  320  153  456  936  420  372  461  105 1083  938  667  131    2  227
  824  291 1020 1038   10  188  836  342 1003  516  477  522  158 1139  920
  224  530 1121  770  889  551  652  505  330 1077  164  247  701  803  687
  183 1058  568  819  216  676  351 1059 1097  357  719 1009  847   92  694
  175  294  364  943   43  911  659  148   76  312  961  270  830  184 1123
  191  709  672  458  444  633  792  483  424  363   34  159  331  496  923
  715  521   72   96   87  394  727  888  132  416  579  238  124  102  383
  365  165  684 1039   20  443  358   65  243  296  572 1136  858 1122  720
  485  908  732  695   62  482  552  259  129 1130 1049  481  389 1018  615
  457  901  341 1033  509  490  758  470  846  393   56 1013  578  710  189
  405  304  277  452  979  740  880  806  592  610  126  272   25  384 1048
 1132 1054    6  328  459  317  562  337 1109  529  953  922 1098  402  298
   77 1029  190  619 1044  257  998    3  303 1078   63  734 1107  757  686
  952 1027  648  869  966  293  683  658  340  975  104  151  983  433  478
  248  883  553  956  395  812  428 1035  783  401  632  765  855  211  292
  640  352  607  448  958  144  974  654  475  244  225 1021  531  787  559
    0  611  315  333  896  192  128  300  336  985  295  408  434  612  526
  332  166  314  786  467 1104  493    9  919  995 1080   50  377  870  795
   53  981  391 1071  965  698  941  200  239  235  837   86  460  409  427
  103 1053  299  636  181   82  318  567  157  474  356  231  204  977  240
  642  218 1004 1061  399  489  842 1041  512  622  378  688  951  699  646
 1110  546  726  828  986  748 1119  226 1090  574  287  355  130  548  890
 1137  156  916   68 1101  544  884  721 1042  547  801  862   51  969  935
  338  209   52  711  286  517  865  345 1081  797  814  376  893  533  113
  353   69   48  201  143  887  429  596  212 1112  297  219  147  593   28
   91  309  121  982   55  565  348 1025 1045  972  386    7  367  396  597
  422  666  590   39  933  845  647  343  946  669 1095  689  681  752  262
  963  232  741 1050  561  161  306  934  638  852  176  804  820  302  802
 1120  575  329  349  581  799  849  962  256  594  844 1056  730  120  891
  675  288   46  368  486  435    1   15  762  152  390  725  382  202 1024
  577  445  252  809  250  111 1031 1128  940   47  430   33  944   75  630
  550  545  205  415  273  301  598  746 1084  569  412 1116  649  601  614
  536  988  587   11  284  917  645  742  586  437  604  265  900  608  410
  697 1106  327  664  195   29 1103  278 1125 1091  602  502  984  674  571
 1028  712  763 1037   90  767  179   41  644  948 1129  829  841  631 1026
   27   59  313  661  115   42  863  425  655  513  603]
TRAININDEX=[ 735  760 1043  149  679  199 1133  347   61  751  840  168  173 1124  371
  729  620  743  621   79  973  713  323  400  964  968  197  203 1023  180
  172  942  117  930  432  912  178  276 1140  702  228  853   44 1117 1127
  656  308  163  728  419  335  921 1046  815  754  680  861  325  344  543
  497  882  310  785  214   18  451 1086  279  782  222  167  724  909  618
  362  999  639  733  682  438  541  660  174 1007  761  230  817  771  557
  198  499  500 1094  749  274  805  585  221  439  411  426  693  967  874
  114   14  707  322  708  665  854  311  492  135  931 1118  266   73  992
 1113  623  899   80   19   17  895 1075    5  768 1014  519  835  626  283
  446  233  616  673 1093  539  755   74  503  431  670   89  927  108  537
  914  877  242  818   24  989  321  643  319  518 1002  990  843 1060  155
  171  476 1055  380  937  484  473  838  471  350  731  926  781  388  833
  868  234  657  229  511  945  213  677 1085 1111  957  520  704   93  186
 1052  970  469   16  290  588  316  421  417  996  154   84  703  498   97
  997  903   99  116   60  440 1022  182  136  892  700  738  971   22   78
  387   13  404  515  141  488  873 1076  245 1011  925   66  624  324  576
  468  848  780   85  570  605  450  137  993  867  776 1057 1019  118  813
  540  976  170  268  241  736  635   23  788  808  690  775  524  591  253
  580  507  334  289  793 1134  851  929 1131  261  207  392  169  162  766
  599  360  326  774  678  692 1000 1079  563  564 1073  816  150 1108  582
  932  210  894 1012  549  885  555   95  857  307 1115  668   40  359  506
  455  928  139  866 1099  879  589  379  528 1069  811    8  491  949  839
  375 1105  454  406 1006  595  206  187  821  100  796 1072  269 1036  534
  991  918  823  140  535 1065  558  107  194  453   81   94  280  123  480
  872  479  764  583  779 1089  950  447  723   26  744 1126  756  978  959
  773  146  275  798  160]

# learned parameters for cdtw and gem
# dtw ((error, size, error/size), (window, sqr))
# gem ((error, size, error/size), (St0, St1, E, sym, sqr))
BESTLEARNCONSDTW=((82, 380, 0.21578947368421053), (0.13, True))
LISTLEARNCONSDTW=[((82, 380, 0.21578947368421053), (0.12, True)), ((82, 380, 0.21578947368421053), (0.13, True)), ((84, 380, 0.22105263157894736), (0.089999999999999997, True)), ((84, 380, 0.22105263157894736), (0.11, True)), ((85, 380, 0.22368421052631579), (0.10000000000000001, True)), ((85, 380, 0.22368421052631579), (0.14999999999999999, True)), ((85, 380, 0.22368421052631579), (0.16, True)), ((86, 380, 0.22631578947368422), (0.050000000000000003, True)), ((86, 380, 0.22631578947368422), (0.080000000000000002, True)), ((86, 380, 0.22631578947368422), (0.17000000000000001, True)), ((87, 380, 0.22894736842105262), (0.070000000000000007, True)), ((87, 380, 0.22894736842105262), (0.14000000000000001, True)), ((89, 380, 0.23421052631578948), (0.059999999999999998, True)), ((89, 380, 0.23421052631578948), (0.17999999999999999, True)), ((90, 380, 0.23684210526315788), (0.19, True)), ((91, 380, 0.23947368421052631), (0.20000000000000001, True)), ((93, 380, 0.24473684210526317), (0.040000000000000001, True)), ((98, 380, 0.25789473684210529), (0.02, True)), ((99, 380, 0.26052631578947366), (0.029999999999999999, True)), ((101, 380, 0.26578947368421052), (0.01, True)), ((109, 380, 0.2868421052631579), (0.0, True))]

BESTLEARNGEM=((88, 380, 0.23157894736842105), (2, 2, 0.015625, True, True))
LISTLEARNGEM=[((88, 380, 0.23157894736842105), (2, 2, 0.015625, True, True)), ((91, 380, 0.23947368421052631), (2, 2, 0.00390625, True, True)), ((92, 380, 0.24210526315789474), (2, 2, 0, True, True)), ((93, 380, 0.24473684210526317), (2, 2, 0.0078125, True, True)), ((94, 380, 0.24736842105263157), (2, 2, 0.03125, True, True)), ((101, 380, 0.26578947368421052), (2, 2, 0.0625, True, True)), ((104, 380, 0.27368421052631581), (1, 1, 0.015625, True, True)), ((104, 380, 0.27368421052631581), (1, 2, 0.015625, True, True)), ((105, 380, 0.27631578947368424), (1, 1, 0.0078125, True, True)), ((105, 380, 0.27631578947368424), (1, 2, 0.0078125, True, True)), ((106, 380, 0.27894736842105261), (1, 1, 0.03125, True, True)), ((106, 380, 0.27894736842105261), (1, 2, 0.03125, True, True)), ((106, 380, 0.27894736842105261), (2, 1, 0.03125, True, True)), ((107, 380, 0.28157894736842104), (1, 1, 0.00390625, True, True)), ((107, 380, 0.28157894736842104), (1, 2, 0.00390625, True, True)), ((108, 380, 0.28421052631578947), (2, 1, 0.0078125, True, True)), ((109, 380, 0.2868421052631579), (1, 1, 0, True, True)), ((109, 380, 0.2868421052631579), (1, 2, 0, True, True)), ((109, 380, 0.2868421052631579), (2, 1, 0.015625, True, True)), ((110, 380, 0.28947368421052633), (2, 1, 0.0625, True, True)), ((113, 380, 0.29736842105263156), (2, 1, 0, True, True)), ((113, 380, 0.29736842105263156), (2, 1, 0.00390625, True, True)), ((118, 380, 0.31052631578947371), (1, 1, 0.0625, True, True)), ((118, 380, 0.31052631578947371), (1, 2, 0.0625, True, True)), ((121, 380, 0.31842105263157894), (2, 1, 0.125, True, True)), ((122, 380, 0.32105263157894737), (2, 2, 0.125, True, True)), ((124, 380, 0.32631578947368423), (1, 1, 0.125, True, True)), ((124, 380, 0.32631578947368423), (1, 2, 0.125, True, True)), ((131, 380, 0.34473684210526317), (2, 2, 0.25, True, True)), ((134, 380, 0.35263157894736841), (2, 1, 0.25, True, True)), ((135, 380, 0.35526315789473684), (1, 1, 0.25, True, True)), ((135, 380, 0.35526315789473684), (1, 2, 0.25, True, True)), ((145, 380, 0.38157894736842107), (1, 1, 0.5, True, True)), ((145, 380, 0.38157894736842107), (1, 2, 0.5, True, True)), ((149, 380, 0.39210526315789473), (2, 2, 0.5, True, True)), ((152, 380, 0.40000000000000002), (2, 1, 0.5, True, True))]


# error rates for different distance measures
# (error, size, error/size) and binary mask
BESTLP=(219, 761, 0.28777923784494086)
LISTLP=[0, 0, 1, 0, 0, 0, 0, 0, 0, 0, 1, 0, 0, 0, 0, 1, 1, 0, 1, 0, 0, 1, 0, 1, 1, 0, 0, 0, 1, 0, 0, 0, 0, 0, 0, 0, 0, 0, 0, 0, 0, 0, 0, 0, 1, 0, 0, 0, 0, 0, 0, 0, 0, 1, 0, 1, 0, 0, 1, 0, 0, 0, 1, 0, 1, 1, 0, 0, 0, 0, 0, 0, 0, 0, 1, 1, 0, 1, 0, 1, 0, 0, 0, 0, 0, 0, 1, 0, 0, 0, 1, 0, 1, 1, 1, 1, 0, 1, 0, 1, 0, 0, 1, 0, 0, 0, 0, 0, 0, 0, 1, 1, 0, 0, 0, 0, 1, 0, 0, 0, 0, 1, 0, 1, 1, 0, 1, 0, 1, 0, 0, 0, 0, 0, 1, 0, 0, 0, 0, 0, 0, 0, 1, 0, 0, 0, 1, 0, 1, 0, 0, 0, 0, 0, 0, 0, 1, 0, 0, 1, 1, 1, 0, 0, 0, 0, 0, 1, 1, 1, 0, 0, 1, 1, 1, 0, 0, 0, 1, 0, 0, 0, 0, 0, 1, 1, 0, 0, 1, 1, 0, 0, 1, 1, 0, 0, 0, 0, 0, 0, 0, 0, 0, 0, 1, 1, 0, 1, 0, 0, 0, 0, 0, 0, 1, 0, 1, 0, 0, 1, 0, 1, 0, 0, 0, 0, 0, 1, 0, 0, 0, 0, 0, 0, 1, 0, 0, 0, 1, 0, 0, 0, 0, 0, 0, 0, 1, 0, 0, 0, 0, 0, 0, 0, 0, 0, 0, 0, 0, 1, 0, 1, 0, 0, 0, 0, 0, 0, 0, 1, 1, 0, 0, 0, 0, 0, 1, 0, 1, 0, 1, 0, 1, 0, 0, 0, 0, 0, 0, 0, 0, 1, 1, 0, 0, 0, 1, 0, 1, 1, 1, 1, 1, 0, 0, 1, 1, 1, 0, 0, 0, 1, 0, 0, 0, 0, 0, 1, 0, 0, 0, 1, 1, 1, 0, 0, 0, 0, 1, 0, 0, 0, 0, 1, 1, 0, 0, 1, 0, 0, 0, 1, 1, 0, 0, 0, 0, 0, 1, 0, 0, 1, 0, 1, 0, 0, 0, 1, 0, 0, 0, 0, 0, 1, 0, 0, 0, 0, 0, 0, 0, 0, 0, 1, 1, 1, 0, 0, 0, 1, 0, 1, 0, 0, 1, 0, 1, 0, 0, 0, 0, 1, 0, 0, 0, 0, 0, 1, 1, 0, 0, 1, 0, 1, 0, 0, 1, 0, 0, 0, 0, 0, 1, 1, 0, 0, 0, 1, 0, 0, 0, 1, 0, 0, 1, 0, 1, 0, 0, 0, 1, 0, 1, 0, 1, 0, 0, 0, 1, 1, 1, 0, 0, 1, 0, 0, 0, 0, 1, 1, 0, 0, 0, 1, 0, 1, 0, 0, 0, 0, 0, 1, 0, 0, 0, 1, 0, 0, 1, 0, 1, 1, 0, 1, 0, 0, 0, 0, 0, 0, 0, 0, 0, 1, 0, 0, 0, 0, 0, 1, 0, 1, 0, 1, 0, 0, 0, 0, 0, 0, 1, 0, 0, 1, 0, 1, 0, 0, 0, 1, 1, 0, 0, 0, 0, 0, 0, 1, 0, 0, 0, 0, 0, 0, 1, 0, 0, 1, 0, 1, 0, 0, 1, 1, 0, 1, 1, 1, 0, 0, 0, 0, 1, 0, 0, 0, 1, 0, 0, 1, 0, 1, 0, 1, 1, 0, 0, 0, 1, 0, 1, 1, 1, 0, 1, 0, 1, 1, 0, 0, 0, 0, 1, 0, 0, 0, 1, 1, 0, 0, 1, 0, 1, 0, 0, 0, 0, 1, 1, 1, 0, 1, 0, 0, 0, 0, 1, 0, 0, 0, 0, 0, 0, 1, 1, 0, 0, 1, 0, 0, 0, 1, 0, 0, 0, 0, 0, 0, 0, 0, 0, 0, 0, 0, 1, 1, 0, 1, 1, 1, 1, 0, 0, 0, 0, 1, 1, 0, 1, 0, 0, 0, 1, 0, 0, 0, 1, 1, 0, 0, 0, 0, 0, 1, 0, 0, 0, 1, 0, 0, 0, 0, 1, 0, 0, 0, 1, 1, 0, 0, 0, 1, 0, 0, 0, 0, 0, 0, 0, 0, 0, 0, 0, 0, 0, 0, 0, 0, 0, 0, 0, 0, 0, 0, 0, 0, 1, 0, 0, 0, 0, 0, 0, 0, 0, 1, 0, 0, 0, 0, 0, 1, 0, 0, 0, 0, 0, 0, 0, 0, 0, 1, 0, 0, 0, 0, 0, 0, 0, 0, 1, 0, 0, 0, 1, 0, 1, 0, 1, 0, 1, 1, 0, 1, 0, 1, 1, 0, 1, 0, 0, 0, 0, 0, 1, 0, 0, 1, 0, 0, 0]

BESTFULLDTW=(201, 761, 0.26412614980289095)
LISTFULLDTW=[0, 0, 1, 0, 0, 0, 0, 0, 1, 0, 1, 0, 0, 0, 0, 1, 0, 0, 1, 0, 1, 1, 0, 1, 0, 0, 0, 0, 1, 0, 0, 0, 0, 0, 0, 0, 0, 0, 0, 0, 0, 0, 0, 0, 1, 0, 0, 0, 0, 1, 0, 0, 0, 0, 0, 1, 0, 0, 1, 0, 1, 0, 1, 1, 1, 1, 1, 0, 0, 1, 0, 0, 0, 0, 0, 0, 0, 0, 0, 1, 0, 0, 0, 0, 0, 0, 1, 0, 0, 0, 0, 0, 0, 0, 1, 1, 0, 0, 0, 1, 0, 0, 1, 0, 0, 0, 0, 0, 0, 0, 1, 1, 0, 0, 0, 0, 1, 0, 0, 0, 0, 1, 0, 1, 1, 0, 1, 0, 1, 0, 0, 0, 0, 0, 0, 0, 0, 0, 0, 0, 0, 0, 1, 0, 0, 0, 1, 0, 1, 0, 0, 0, 0, 0, 0, 0, 0, 0, 0, 1, 1, 1, 0, 0, 0, 0, 0, 1, 1, 1, 0, 0, 1, 1, 0, 0, 0, 0, 0, 0, 1, 0, 0, 0, 1, 0, 1, 0, 0, 1, 0, 0, 0, 0, 0, 1, 1, 0, 0, 0, 0, 0, 0, 0, 0, 1, 0, 1, 0, 0, 1, 0, 0, 0, 0, 0, 1, 0, 0, 0, 0, 0, 0, 0, 0, 0, 0, 1, 0, 0, 0, 0, 0, 0, 0, 0, 0, 0, 1, 0, 0, 0, 0, 0, 0, 0, 0, 0, 0, 0, 0, 0, 1, 0, 0, 0, 0, 1, 0, 1, 0, 0, 0, 0, 0, 0, 0, 0, 0, 1, 1, 1, 0, 0, 0, 1, 0, 1, 0, 0, 1, 1, 1, 0, 0, 0, 1, 0, 1, 0, 0, 1, 1, 0, 1, 1, 1, 0, 1, 1, 0, 0, 0, 0, 1, 1, 1, 0, 0, 0, 0, 1, 1, 0, 0, 0, 0, 1, 0, 0, 0, 1, 1, 1, 0, 1, 0, 0, 0, 0, 0, 0, 0, 1, 0, 1, 0, 1, 0, 0, 0, 1, 1, 0, 1, 0, 0, 0, 0, 0, 0, 0, 0, 1, 0, 0, 0, 1, 0, 0, 0, 0, 0, 0, 0, 0, 0, 0, 0, 0, 0, 0, 0, 1, 1, 1, 0, 0, 0, 1, 0, 1, 0, 0, 1, 1, 1, 0, 0, 0, 0, 1, 0, 0, 0, 0, 0, 1, 1, 0, 0, 0, 0, 0, 0, 0, 1, 0, 0, 0, 0, 0, 1, 1, 0, 0, 0, 0, 0, 0, 0, 0, 0, 0, 0, 0, 0, 0, 1, 0, 0, 0, 0, 0, 1, 0, 0, 0, 0, 0, 0, 0, 0, 1, 1, 1, 0, 0, 1, 1, 0, 0, 0, 1, 0, 1, 0, 0, 0, 0, 1, 1, 0, 0, 0, 1, 0, 0, 1, 1, 0, 1, 0, 1, 0, 0, 0, 1, 0, 0, 0, 0, 0, 1, 0, 0, 0, 0, 0, 1, 0, 1, 0, 1, 0, 0, 0, 1, 0, 0, 1, 1, 0, 1, 0, 1, 0, 0, 0, 0, 1, 0, 0, 0, 0, 0, 0, 0, 0, 0, 0, 0, 0, 0, 1, 0, 0, 0, 0, 1, 0, 0, 0, 0, 0, 1, 1, 1, 0, 0, 0, 1, 1, 0, 0, 0, 1, 0, 0, 0, 0, 1, 0, 0, 1, 0, 0, 0, 0, 1, 1, 1, 1, 0, 1, 0, 0, 1, 0, 0, 0, 0, 1, 0, 0, 0, 0, 1, 0, 0, 0, 0, 1, 0, 0, 0, 0, 1, 1, 1, 0, 1, 0, 1, 0, 0, 0, 0, 1, 0, 1, 1, 0, 1, 1, 0, 0, 0, 0, 0, 0, 1, 0, 0, 0, 0, 0, 0, 0, 0, 1, 1, 0, 0, 1, 1, 0, 1, 1, 1, 0, 0, 0, 0, 0, 1, 1, 0, 1, 0, 1, 0, 0, 0, 0, 0, 0, 0, 0, 0, 0, 0, 0, 0, 0, 0, 0, 1, 0, 0, 1, 0, 1, 0, 0, 0, 1, 1, 0, 1, 0, 0, 0, 0, 0, 0, 1, 0, 0, 0, 0, 0, 0, 0, 0, 0, 0, 0, 0, 0, 0, 0, 0, 1, 0, 0, 1, 0, 0, 1, 0, 0, 0, 0, 0, 1, 0, 1, 0, 0, 0, 1, 0, 0, 0, 0, 0, 0, 0, 0, 0, 1, 0, 0, 0, 1, 0, 0, 0, 0, 1, 0, 0, 1, 1, 0, 0, 0, 0, 0, 1, 0, 0, 1, 0, 1, 1, 0, 0, 0, 0, 0, 0, 0, 1, 0, 0, 1, 0, 0, 0]

BESTCONSDTW=(199, 761, 0.26149802890932983)
LISTCONSDTW=[0, 0, 1, 0, 0, 0, 0, 0, 1, 0, 1, 0, 0, 0, 0, 1, 0, 0, 1, 0, 1, 1, 0, 1, 0, 0, 0, 0, 1, 0, 0, 0, 0, 0, 0, 0, 0, 0, 0, 0, 0, 0, 0, 0, 1, 0, 0, 0, 0, 1, 0, 0, 0, 0, 0, 1, 0, 0, 1, 0, 1, 0, 0, 1, 1, 0, 1, 0, 0, 1, 0, 0, 0, 0, 0, 1, 0, 0, 0, 1, 0, 0, 0, 0, 0, 0, 1, 0, 0, 0, 0, 0, 0, 1, 1, 1, 0, 0, 0, 1, 0, 0, 1, 0, 0, 0, 0, 0, 0, 0, 1, 1, 0, 0, 0, 0, 0, 0, 0, 0, 0, 1, 0, 1, 1, 0, 1, 0, 1, 0, 0, 0, 0, 0, 0, 0, 0, 0, 0, 0, 0, 0, 1, 0, 0, 0, 1, 0, 1, 0, 0, 0, 0, 0, 0, 0, 0, 1, 0, 1, 1, 1, 0, 0, 0, 0, 0, 1, 1, 1, 0, 0, 1, 1, 0, 0, 0, 0, 0, 0, 1, 0, 0, 0, 1, 0, 1, 0, 0, 1, 0, 0, 0, 0, 0, 1, 1, 0, 0, 0, 0, 0, 0, 0, 0, 1, 0, 1, 0, 0, 1, 1, 0, 0, 0, 0, 1, 0, 0, 0, 0, 0, 0, 0, 0, 0, 0, 1, 0, 0, 0, 0, 0, 0, 0, 0, 0, 0, 1, 0, 0, 0, 1, 0, 0, 0, 0, 0, 0, 0, 0, 0, 0, 0, 0, 0, 0, 1, 0, 1, 0, 1, 0, 0, 0, 0, 0, 0, 0, 1, 1, 1, 0, 0, 0, 1, 0, 1, 0, 0, 1, 1, 1, 0, 0, 0, 1, 1, 1, 0, 0, 1, 1, 0, 1, 1, 0, 0, 0, 1, 1, 0, 0, 0, 1, 1, 1, 0, 0, 0, 0, 1, 0, 0, 0, 0, 0, 1, 0, 0, 0, 1, 1, 0, 0, 1, 0, 0, 0, 0, 0, 0, 0, 1, 0, 1, 0, 1, 0, 0, 0, 1, 1, 0, 0, 0, 0, 0, 0, 0, 0, 0, 0, 1, 0, 0, 0, 1, 0, 0, 0, 0, 0, 0, 0, 0, 0, 0, 0, 0, 0, 0, 0, 1, 1, 1, 0, 0, 0, 1, 0, 1, 0, 1, 1, 1, 1, 0, 0, 0, 0, 1, 0, 0, 0, 0, 0, 1, 1, 0, 0, 0, 0, 0, 0, 0, 1, 0, 0, 0, 0, 0, 1, 1, 0, 0, 0, 0, 0, 1, 0, 0, 0, 0, 0, 0, 0, 0, 1, 0, 0, 0, 0, 0, 1, 0, 0, 0, 0, 0, 1, 0, 0, 1, 1, 1, 0, 0, 0, 1, 0, 0, 0, 0, 0, 0, 0, 0, 0, 0, 0, 1, 0, 0, 0, 1, 0, 0, 1, 1, 0, 1, 0, 1, 0, 0, 0, 1, 0, 0, 0, 0, 0, 1, 0, 0, 0, 0, 0, 1, 0, 1, 0, 1, 0, 0, 0, 0, 0, 0, 1, 1, 0, 1, 0, 1, 0, 0, 0, 0, 1, 0, 0, 0, 0, 0, 0, 0, 0, 0, 0, 0, 0, 0, 1, 0, 0, 1, 0, 1, 0, 0, 0, 0, 0, 1, 1, 1, 0, 0, 0, 1, 1, 0, 0, 0, 1, 0, 0, 0, 0, 1, 0, 1, 1, 0, 0, 0, 0, 0, 1, 1, 1, 0, 1, 0, 1, 1, 0, 0, 0, 0, 1, 0, 0, 0, 0, 1, 0, 0, 0, 0, 1, 0, 0, 1, 0, 1, 1, 1, 0, 1, 0, 0, 0, 0, 0, 0, 1, 0, 1, 1, 0, 1, 1, 0, 0, 0, 0, 0, 0, 1, 0, 0, 0, 0, 0, 0, 0, 0, 1, 1, 0, 0, 1, 1, 0, 1, 1, 1, 0, 0, 0, 0, 0, 1, 1, 0, 1, 0, 1, 0, 1, 0, 0, 0, 0, 0, 0, 0, 0, 0, 1, 0, 0, 0, 0, 1, 0, 0, 1, 0, 1, 0, 0, 0, 1, 1, 0, 1, 0, 0, 0, 0, 0, 0, 1, 0, 0, 0, 0, 0, 0, 0, 0, 0, 0, 0, 0, 0, 0, 0, 0, 0, 0, 0, 1, 0, 0, 0, 0, 0, 0, 0, 0, 1, 0, 1, 0, 0, 0, 1, 0, 0, 0, 0, 0, 0, 0, 0, 0, 1, 0, 0, 0, 1, 0, 0, 0, 0, 1, 0, 0, 0, 1, 0, 0, 0, 0, 0, 1, 0, 0, 1, 0, 1, 1, 0, 0, 0, 0, 0, 0, 0, 1, 0, 0, 1, 0, 0, 0]

BESTGEM=(220, 761, 0.28909329829172142)
LISTGEM=[0, 1, 1, 0, 0, 1, 0, 0, 0, 0, 1, 0, 0, 0, 0, 0, 0, 0, 0, 0, 0, 0, 0, 0, 0, 0, 0, 0, 1, 0, 0, 0, 0, 0, 0, 0, 0, 1, 1, 1, 0, 0, 0, 0, 0, 0, 0, 0, 0, 1, 0, 0, 0, 1, 1, 1, 0, 1, 1, 0, 0, 0, 0, 1, 1, 0, 1, 0, 0, 1, 0, 0, 0, 0, 0, 1, 0, 0, 1, 1, 0, 0, 0, 0, 0, 0, 1, 0, 0, 0, 1, 0, 0, 1, 1, 1, 0, 0, 0, 0, 1, 0, 0, 0, 0, 0, 0, 1, 0, 0, 0, 0, 0, 1, 0, 0, 1, 1, 0, 1, 0, 1, 1, 1, 1, 0, 0, 0, 1, 1, 0, 0, 0, 0, 1, 1, 0, 0, 0, 0, 0, 0, 1, 1, 0, 0, 1, 0, 0, 0, 0, 1, 0, 0, 1, 0, 1, 1, 0, 1, 1, 1, 0, 1, 0, 0, 0, 1, 0, 1, 0, 0, 0, 1, 0, 0, 0, 0, 0, 0, 1, 0, 1, 0, 1, 0, 0, 0, 0, 0, 0, 0, 0, 1, 0, 1, 0, 0, 0, 0, 0, 0, 0, 1, 0, 1, 0, 1, 0, 1, 0, 0, 0, 1, 0, 0, 0, 0, 0, 1, 0, 0, 1, 0, 0, 0, 1, 1, 0, 0, 0, 0, 0, 0, 0, 0, 0, 0, 0, 0, 0, 0, 1, 0, 0, 0, 1, 0, 0, 0, 0, 0, 0, 0, 0, 1, 0, 1, 0, 1, 1, 1, 0, 0, 1, 0, 0, 0, 1, 1, 0, 1, 1, 0, 0, 0, 0, 0, 0, 0, 0, 1, 1, 0, 0, 0, 0, 1, 0, 0, 0, 1, 1, 1, 0, 1, 1, 0, 1, 0, 0, 0, 0, 0, 0, 0, 0, 0, 0, 0, 0, 0, 1, 0, 0, 0, 0, 1, 0, 0, 0, 1, 1, 0, 0, 1, 0, 0, 0, 1, 0, 0, 0, 1, 0, 1, 0, 1, 1, 0, 0, 0, 1, 0, 1, 0, 0, 0, 1, 0, 0, 0, 0, 0, 0, 0, 0, 1, 0, 1, 0, 1, 0, 0, 0, 0, 0, 0, 0, 1, 0, 0, 0, 1, 1, 1, 0, 0, 0, 1, 1, 1, 0, 1, 0, 1, 1, 0, 0, 0, 0, 0, 1, 1, 1, 0, 0, 1, 1, 1, 1, 0, 0, 1, 0, 0, 1, 0, 0, 0, 0, 0, 1, 1, 0, 0, 0, 0, 0, 0, 0, 0, 0, 0, 0, 0, 1, 0, 1, 0, 0, 0, 0, 0, 1, 0, 1, 0, 0, 0, 1, 0, 0, 0, 0, 0, 0, 0, 0, 1, 0, 0, 0, 1, 0, 1, 0, 0, 0, 0, 0, 1, 0, 1, 0, 1, 0, 0, 1, 1, 0, 1, 0, 0, 0, 0, 0, 0, 0, 0, 0, 0, 0, 0, 0, 0, 0, 1, 0, 1, 1, 1, 0, 1, 0, 0, 0, 0, 0, 1, 1, 0, 1, 0, 0, 1, 0, 0, 0, 0, 1, 1, 0, 0, 0, 0, 0, 0, 0, 0, 0, 0, 1, 0, 0, 0, 0, 0, 0, 1, 0, 1, 1, 0, 0, 0, 1, 1, 0, 0, 1, 0, 1, 0, 0, 0, 1, 0, 0, 0, 0, 0, 0, 1, 0, 0, 0, 0, 0, 0, 1, 1, 1, 0, 1, 0, 1, 0, 0, 0, 0, 1, 0, 0, 0, 0, 1, 1, 0, 0, 0, 0, 1, 0, 0, 1, 0, 1, 1, 1, 0, 1, 0, 0, 0, 0, 0, 1, 0, 0, 1, 0, 0, 1, 1, 0, 0, 1, 0, 1, 0, 1, 0, 0, 0, 0, 0, 0, 0, 0, 0, 0, 0, 0, 0, 0, 0, 0, 1, 1, 0, 0, 0, 1, 0, 1, 1, 0, 1, 0, 1, 0, 0, 1, 0, 0, 0, 0, 0, 0, 0, 0, 1, 0, 0, 1, 0, 1, 0, 0, 0, 1, 1, 0, 0, 0, 1, 1, 0, 1, 0, 0, 0, 0, 0, 0, 0, 1, 1, 0, 0, 0, 0, 0, 0, 1, 0, 0, 0, 0, 0, 0, 0, 0, 0, 0, 0, 0, 0, 1, 0, 0, 0, 0, 0, 1, 0, 1, 0, 0, 1, 1, 0, 0, 0, 0, 0, 0, 0, 0, 0, 1, 0, 0, 1, 0, 0, 0, 0, 0, 0, 1, 0, 1, 0, 0, 1, 0, 0, 0, 1, 0, 0, 1, 0, 1, 0, 0, 1, 0, 1, 1, 0, 1, 0, 0, 1, 1, 0, 0, 0]

