# shuffled stratified split (indices referring to UCR database)
TESTINDEX=[ 45 391 138 400 271 317 249  36 266 312  14  73 212 202 440  16 101 381
  39 135 408 232 417  91 414 294 207 435 345 222 171 141 236 288  37 155
 146 206 132 436 420 248  23 273  72 383  25 326 160  60   9 102 332  32
   6 237 261 253 367  86 242 424 235 320   4 167 239 115 336 169  30 133
 108 120 305  12 119  56 190 395 227  38 158 200 187 280 258 116  63 432
 163  94  83 181 225 388 344 403 114 103 351 194  66 137 159 106 226 252
 425 142 338 333 188 186 275 299  29 434 256 259 392  67 215 374 143 378
 148  79 122 337 286 433 250 349 111  10 429 230 130 384 289 205  97 184
 311   8 268 213 244 221 162  88  98 209  95 439 243 327  96 134 331 179
  21 177 175 346 214 144 264 121 373 406 124 397 204 208 203  46 350 303
  42 430 251  80 431  28 117 316 128 411 314 220  47 216 296 348  43 405
 129 307 195 234 290  68 292 421 355  17 109 274 182 107  74 387   5 201
 342 257 341 178 334 418 359 193  64 255 196 318   3 219 379  84 364 343
 238 301 298 385 229  81 382  44]
TRAININDEX=[ 55 154  51 185  90   7 362 173  62 223 127 402 189 366  24  58 279 112
 410  61 125 100  49 199  27 375 231 369 272 166  26 150  18 174 306 423
  99  76  31 285 360 310 172 269 276 277 399 254  13 110 352 123 282  40
 191 246 413 390  70 368 389  78   0 415  92  69 211 304 426 376 126 104
 145 284 192  59 281 419 295 224 302 156  77 422  33 372 407 398  34 377
 197 438 210  48 315 354  82 293 401 265 357  15  35 412 416 356 228  85
 240 247 140 245  52 297 437  19 339 319 164  22  20 365 321 428  50 131
 363  71 270  93 328 393 136 149 118 263 183 260 176 394 283 329 353 386
  89  54   1 113 157 198 165 300 267 313  75 325 380 291 139 218  87  65
 262 323 335 161 358 427 309  11 105 361 151 278  53 233 241 371 409 153
 340  41 322 324  57 170 347   2 180 308 370 168 404 152 287 330 441 147
 396 217]

# learned parameters for cdtw and gem
# dtw ((error, size, error/size), (window, sqr))
# gem ((error, size, error/size), (St0, St1, E, sym, sqr))
BESTLEARNCONSDTW=((64, 200, 0.32000000000000001), (0.050000000000000003, True))
LISTLEARNCONSDTW=[((64, 200, 0.32000000000000001), (0.050000000000000003, True)), ((68, 200, 0.34000000000000002), (0.059999999999999998, True)), ((68, 200, 0.34000000000000002), (0.14000000000000001, True)), ((68, 200, 0.34000000000000002), (0.17999999999999999, True)), ((69, 200, 0.34499999999999997), (0.040000000000000001, True)), ((69, 200, 0.34499999999999997), (0.10000000000000001, True)), ((69, 200, 0.34499999999999997), (0.11, True)), ((69, 200, 0.34499999999999997), (0.12, True)), ((69, 200, 0.34499999999999997), (0.13, True)), ((69, 200, 0.34499999999999997), (0.14999999999999999, True)), ((69, 200, 0.34499999999999997), (0.16, True)), ((69, 200, 0.34499999999999997), (0.17000000000000001, True)), ((69, 200, 0.34499999999999997), (0.19, True)), ((69, 200, 0.34499999999999997), (0.20000000000000001, True)), ((70, 200, 0.34999999999999998), (0.070000000000000007, True)), ((71, 200, 0.35499999999999998), (0.080000000000000002, True)), ((73, 200, 0.36499999999999999), (0.089999999999999997, True)), ((75, 200, 0.375), (0.029999999999999999, True)), ((78, 200, 0.39000000000000001), (0.02, True)), ((84, 200, 0.41999999999999998), (0.01, True)), ((89, 200, 0.44500000000000001), (0.0, True))]

BESTLEARNGEM=((45, 200, 0.22500000000000001), (2, 2, 0.0625, True, True))
LISTLEARNGEM=[((45, 200, 0.22500000000000001), (2, 2, 0.0625, True, True)), ((48, 200, 0.23999999999999999), (2, 2, 0.125, True, True)), ((49, 200, 0.245), (2, 2, 0.015625, True, True)), ((49, 200, 0.245), (2, 2, 0.03125, True, True)), ((50, 200, 0.25), (2, 2, 0.0078125, True, True)), ((51, 200, 0.255), (2, 2, 0.25, True, True)), ((51, 200, 0.255), (2, 2, 0.5, True, True)), ((52, 200, 0.26000000000000001), (2, 2, 0, True, True)), ((54, 200, 0.27000000000000002), (2, 2, 0.00390625, True, True)), ((64, 200, 0.32000000000000001), (2, 1, 0.5, True, True)), ((72, 200, 0.35999999999999999), (2, 1, 0.0625, True, True)), ((72, 200, 0.35999999999999999), (2, 1, 0.125, True, True)), ((72, 200, 0.35999999999999999), (2, 1, 0.25, True, True)), ((75, 200, 0.375), (1, 1, 0.00390625, True, True)), ((75, 200, 0.375), (1, 2, 0.00390625, True, True)), ((77, 200, 0.38500000000000001), (1, 1, 0.0078125, True, True)), ((77, 200, 0.38500000000000001), (1, 2, 0.0078125, True, True)), ((79, 200, 0.39500000000000002), (1, 1, 0, True, True)), ((79, 200, 0.39500000000000002), (1, 1, 0.0625, True, True)), ((79, 200, 0.39500000000000002), (1, 2, 0, True, True)), ((79, 200, 0.39500000000000002), (1, 2, 0.0625, True, True)), ((80, 200, 0.40000000000000002), (1, 1, 0.03125, True, True)), ((80, 200, 0.40000000000000002), (1, 2, 0.03125, True, True)), ((82, 200, 0.40999999999999998), (1, 1, 0.015625, True, True)), ((82, 200, 0.40999999999999998), (1, 2, 0.015625, True, True)), ((84, 200, 0.41999999999999998), (1, 1, 0.125, True, True)), ((84, 200, 0.41999999999999998), (1, 2, 0.125, True, True)), ((85, 200, 0.42499999999999999), (2, 1, 0.03125, True, True)), ((86, 200, 0.42999999999999999), (2, 1, 0.015625, True, True)), ((90, 200, 0.45000000000000001), (2, 1, 0.0078125, True, True)), ((96, 200, 0.47999999999999998), (2, 1, 0.00390625, True, True)), ((97, 200, 0.48499999999999999), (2, 1, 0, True, True)), ((98, 200, 0.48999999999999999), (1, 1, 0.25, True, True)), ((98, 200, 0.48999999999999999), (1, 2, 0.25, True, True)), ((111, 200, 0.55500000000000005), (1, 1, 0.5, True, True)), ((111, 200, 0.55500000000000005), (1, 2, 0.5, True, True))]


# error rates for different distance measures
# (error, size, error/size) and binary mask
BESTLP=(109, 242, 0.45041322314049587)
LISTLP=[0, 0, 0, 0, 1, 0, 0, 0, 1, 0, 0, 0, 1, 0, 1, 0, 1, 1, 1, 0, 0, 1, 0, 1, 0, 0, 0, 1, 0, 1, 1, 1, 0, 0, 0, 1, 0, 0, 1, 1, 1, 1, 0, 0, 1, 0, 1, 1, 1, 0, 1, 0, 0, 1, 1, 0, 1, 1, 1, 0, 1, 0, 0, 0, 0, 0, 0, 0, 0, 0, 0, 0, 1, 0, 0, 0, 0, 0, 0, 0, 1, 0, 1, 0, 0, 0, 1, 0, 0, 1, 1, 0, 0, 1, 1, 0, 1, 0, 1, 1, 1, 0, 0, 0, 1, 1, 0, 0, 0, 1, 0, 0, 1, 1, 0, 0, 1, 1, 0, 0, 1, 1, 0, 0, 0, 0, 1, 1, 1, 1, 0, 0, 1, 1, 1, 0, 1, 1, 0, 0, 1, 1, 1, 1, 0, 1, 0, 1, 1, 1, 1, 0, 1, 0, 1, 0, 1, 1, 0, 1, 0, 0, 0, 0, 0, 1, 0, 0, 0, 1, 0, 0, 1, 0, 0, 1, 1, 1, 0, 0, 0, 1, 0, 1, 0, 1, 0, 0, 0, 0, 1, 0, 0, 1, 0, 0, 1, 1, 0, 0, 0, 1, 0, 1, 1, 0, 0, 1, 0, 0, 1, 1, 0, 0, 1, 1, 1, 1, 1, 0, 1, 1, 1, 1, 0, 0, 1, 1, 1, 0, 1, 0, 1, 0, 1, 0, 1, 0, 0, 0, 1, 0]

BESTFULLDTW=(95, 242, 0.3925619834710744)
LISTFULLDTW=[0, 0, 0, 0, 1, 1, 0, 1, 1, 0, 0, 1, 1, 0, 0, 0, 1, 1, 0, 0, 0, 1, 0, 1, 0, 0, 0, 1, 0, 1, 1, 0, 0, 1, 0, 1, 0, 0, 0, 1, 1, 1, 1, 0, 1, 0, 0, 1, 0, 0, 1, 0, 0, 1, 1, 0, 1, 1, 0, 0, 1, 0, 0, 0, 1, 0, 1, 0, 1, 0, 0, 1, 1, 0, 0, 1, 0, 0, 0, 0, 1, 0, 0, 0, 1, 0, 1, 0, 0, 0, 1, 0, 0, 1, 1, 0, 0, 0, 1, 0, 0, 0, 1, 0, 0, 0, 0, 0, 1, 0, 0, 0, 1, 0, 0, 0, 0, 1, 0, 0, 1, 0, 0, 0, 1, 0, 0, 0, 1, 0, 0, 1, 0, 1, 0, 0, 1, 0, 1, 0, 1, 1, 0, 1, 0, 1, 0, 1, 0, 0, 1, 0, 0, 0, 0, 0, 1, 0, 0, 1, 0, 0, 1, 1, 0, 1, 0, 0, 0, 0, 0, 0, 1, 1, 0, 0, 1, 1, 1, 0, 0, 1, 0, 1, 0, 1, 0, 0, 0, 1, 0, 0, 1, 1, 0, 0, 0, 0, 1, 0, 0, 0, 1, 1, 0, 0, 0, 1, 0, 1, 1, 1, 0, 0, 1, 1, 1, 0, 1, 1, 0, 0, 0, 1, 1, 0, 1, 1, 1, 0, 0, 0, 1, 0, 1, 0, 1, 0, 0, 0, 1, 1]

BESTCONSDTW=(90, 242, 0.37190082644628097)
LISTCONSDTW=[0, 0, 0, 0, 1, 0, 0, 0, 1, 0, 0, 1, 1, 0, 0, 0, 1, 1, 1, 0, 0, 1, 0, 1, 1, 0, 0, 1, 0, 1, 1, 0, 0, 0, 0, 1, 0, 0, 1, 0, 1, 1, 0, 0, 1, 0, 1, 0, 0, 0, 1, 0, 0, 1, 1, 0, 1, 1, 0, 0, 1, 0, 0, 0, 0, 0, 0, 0, 1, 0, 0, 1, 1, 0, 0, 0, 0, 1, 0, 1, 1, 0, 0, 0, 1, 1, 1, 0, 0, 1, 1, 0, 0, 0, 1, 0, 0, 0, 1, 0, 0, 0, 0, 0, 0, 0, 0, 0, 0, 0, 1, 0, 1, 1, 0, 0, 0, 0, 0, 0, 1, 0, 0, 0, 0, 0, 0, 1, 1, 0, 0, 0, 0, 1, 1, 0, 1, 1, 1, 0, 0, 1, 0, 0, 0, 1, 0, 1, 1, 0, 0, 0, 1, 0, 1, 0, 1, 1, 0, 1, 0, 0, 1, 1, 0, 0, 0, 0, 0, 0, 0, 0, 1, 0, 0, 0, 1, 1, 1, 0, 0, 0, 0, 1, 0, 0, 0, 0, 0, 0, 0, 0, 1, 1, 0, 0, 0, 1, 0, 0, 0, 0, 0, 1, 0, 1, 0, 1, 0, 0, 1, 1, 0, 0, 1, 1, 1, 1, 1, 1, 0, 1, 1, 1, 1, 0, 1, 1, 0, 0, 0, 0, 1, 0, 1, 0, 1, 0, 1, 0, 1, 0]

BESTGEM=(75, 242, 0.30991735537190085)
LISTGEM=[0, 0, 1, 0, 0, 1, 0, 0, 1, 0, 0, 1, 1, 0, 0, 0, 0, 0, 0, 0, 0, 1, 0, 1, 0, 0, 0, 0, 0, 0, 1, 0, 0, 0, 0, 1, 0, 0, 0, 0, 1, 1, 0, 0, 1, 0, 0, 0, 0, 0, 1, 0, 1, 1, 1, 0, 1, 1, 0, 0, 1, 0, 0, 0, 0, 0, 1, 0, 1, 0, 0, 1, 1, 0, 0, 0, 0, 1, 0, 0, 1, 0, 0, 0, 0, 1, 1, 0, 0, 0, 1, 0, 0, 0, 1, 0, 0, 0, 1, 0, 0, 0, 1, 0, 1, 1, 0, 0, 0, 0, 0, 0, 1, 0, 0, 0, 0, 1, 0, 0, 1, 0, 0, 0, 0, 0, 0, 0, 1, 0, 0, 0, 0, 0, 0, 1, 0, 0, 0, 0, 1, 1, 0, 0, 0, 1, 0, 1, 1, 0, 1, 0, 0, 0, 0, 0, 1, 0, 0, 1, 0, 0, 1, 0, 0, 0, 0, 0, 0, 1, 0, 0, 1, 0, 0, 0, 1, 0, 0, 0, 0, 0, 0, 1, 0, 1, 0, 0, 0, 0, 0, 0, 1, 1, 0, 0, 0, 0, 0, 0, 0, 0, 0, 1, 0, 1, 0, 1, 0, 1, 1, 1, 0, 0, 1, 1, 1, 1, 1, 0, 0, 0, 1, 1, 1, 0, 1, 0, 1, 0, 0, 0, 1, 0, 1, 0, 1, 0, 1, 0, 1, 0]

