# shuffled stratified split (indices referring to UCR database)
TESTINDEX=[34 15 19 36 11 25 52 29 12 31 20 40 26 58 32 14 57 46  8 24 41 45 30 23 22
 47 50  0 38  3]
TRAININDEX=[16  4 10 17 49 56 48  7 44  5 55 51 59 42  2 28 13 18  1 54 21  6  9 27 43
 33 37 39 53 35]

# learned parameters for cdtw and gem
# dtw ((error, size, error/size), (window, sqr))
# gem ((error, size, error/size), (St0, St1, E, sym, sqr))
BESTLEARNCONSDTW=((14, 30, 0.4666666666666667), (0.11, True))
LISTLEARNCONSDTW=[((14, 30, 0.4666666666666667), (0.0, True)), ((14, 30, 0.4666666666666667), (0.01, True)), ((14, 30, 0.4666666666666667), (0.02, True)), ((14, 30, 0.4666666666666667), (0.029999999999999999, True)), ((14, 30, 0.4666666666666667), (0.040000000000000001, True)), ((14, 30, 0.4666666666666667), (0.059999999999999998, True)), ((14, 30, 0.4666666666666667), (0.070000000000000007, True)), ((14, 30, 0.4666666666666667), (0.080000000000000002, True)), ((14, 30, 0.4666666666666667), (0.089999999999999997, True)), ((14, 30, 0.4666666666666667), (0.10000000000000001, True)), ((14, 30, 0.4666666666666667), (0.11, True)), ((14, 30, 0.4666666666666667), (0.12, True)), ((14, 30, 0.4666666666666667), (0.13, True)), ((14, 30, 0.4666666666666667), (0.14000000000000001, True)), ((14, 30, 0.4666666666666667), (0.14999999999999999, True)), ((14, 30, 0.4666666666666667), (0.16, True)), ((14, 30, 0.4666666666666667), (0.17000000000000001, True)), ((14, 30, 0.4666666666666667), (0.17999999999999999, True)), ((14, 30, 0.4666666666666667), (0.19, True)), ((14, 30, 0.4666666666666667), (0.20000000000000001, True)), ((15, 30, 0.5), (0.050000000000000003, True))]

BESTLEARNGEM=((12, 30, 0.4), (2, 2, 0, True, True))
LISTLEARNGEM=[((12, 30, 0.4), (2, 2, 0, True, True)), ((13, 30, 0.43333333333333335), (1, 1, 0, True, True)), ((13, 30, 0.43333333333333335), (1, 1, 0.00390625, True, True)), ((13, 30, 0.43333333333333335), (1, 1, 0.03125, True, True)), ((13, 30, 0.43333333333333335), (1, 1, 0.0625, True, True)), ((13, 30, 0.43333333333333335), (1, 1, 0.125, True, True)), ((13, 30, 0.43333333333333335), (1, 2, 0, True, True)), ((13, 30, 0.43333333333333335), (1, 2, 0.00390625, True, True)), ((13, 30, 0.43333333333333335), (1, 2, 0.03125, True, True)), ((13, 30, 0.43333333333333335), (1, 2, 0.0625, True, True)), ((13, 30, 0.43333333333333335), (1, 2, 0.125, True, True)), ((13, 30, 0.43333333333333335), (2, 1, 0, True, True)), ((13, 30, 0.43333333333333335), (2, 1, 0.03125, True, True)), ((13, 30, 0.43333333333333335), (2, 1, 0.0625, True, True)), ((13, 30, 0.43333333333333335), (2, 1, 0.125, True, True)), ((13, 30, 0.43333333333333335), (2, 2, 0.00390625, True, True)), ((14, 30, 0.4666666666666667), (1, 1, 0.0078125, True, True)), ((14, 30, 0.4666666666666667), (1, 1, 0.015625, True, True)), ((14, 30, 0.4666666666666667), (1, 1, 0.25, True, True)), ((14, 30, 0.4666666666666667), (1, 2, 0.0078125, True, True)), ((14, 30, 0.4666666666666667), (1, 2, 0.015625, True, True)), ((14, 30, 0.4666666666666667), (1, 2, 0.25, True, True)), ((14, 30, 0.4666666666666667), (2, 1, 0.00390625, True, True)), ((14, 30, 0.4666666666666667), (2, 1, 0.0078125, True, True)), ((14, 30, 0.4666666666666667), (2, 1, 0.015625, True, True)), ((14, 30, 0.4666666666666667), (2, 2, 0.0078125, True, True)), ((14, 30, 0.4666666666666667), (2, 2, 0.015625, True, True)), ((14, 30, 0.4666666666666667), (2, 2, 0.03125, True, True)), ((14, 30, 0.4666666666666667), (2, 2, 0.0625, True, True)), ((14, 30, 0.4666666666666667), (2, 2, 0.125, True, True)), ((14, 30, 0.4666666666666667), (2, 2, 0.25, True, True)), ((15, 30, 0.5), (2, 1, 0.25, True, True)), ((15, 30, 0.5), (2, 2, 0.5, True, True)), ((17, 30, 0.5666666666666667), (1, 1, 0.5, True, True)), ((17, 30, 0.5666666666666667), (1, 2, 0.5, True, True)), ((17, 30, 0.5666666666666667), (2, 1, 0.5, True, True))]


# error rates for different distance measures
# (error, size, error/size) and binary mask
BESTLP=(19, 30, 0.6333333333333333)
LISTLP=[1, 0, 0, 0, 0, 1, 1, 0, 1, 0, 1, 1, 1, 1, 1, 0, 1, 1, 1, 1, 1, 1, 0, 0, 1, 0, 1, 1, 1, 0]

BESTFULLDTW=(19, 30, 0.6333333333333333)
LISTFULLDTW=[1, 0, 0, 0, 0, 1, 1, 0, 1, 0, 1, 1, 1, 1, 1, 0, 1, 1, 1, 1, 1, 1, 0, 0, 1, 0, 1, 1, 1, 0]

BESTCONSDTW=(19, 30, 0.6333333333333333)
LISTCONSDTW=[1, 0, 0, 0, 0, 1, 1, 0, 1, 0, 1, 1, 1, 1, 1, 0, 1, 1, 1, 1, 1, 1, 0, 0, 1, 0, 1, 1, 1, 0]

BESTGEM=(19, 30, 0.6333333333333333)
LISTGEM=[1, 1, 0, 0, 1, 1, 0, 0, 1, 0, 1, 1, 1, 1, 0, 1, 1, 1, 1, 1, 1, 1, 0, 0, 1, 0, 0, 1, 1, 0]

