# shuffled stratified split (indices referring to UCR database)
TESTINDEX=[113  48  11   2  80   0  12  98   7  46  54 109 118   6 120  92 107 110
 112  97  36  56  65  10  64  27 116  53  60  19  18  75 100 117  88  23
  81  50  16  79  76  22  29 105   1  67  33 103  49   8  99  34 106  69
  84  24   9   4  94 115  57]
TRAININDEX=[ 51  25   3  61  95  87  83  58  43  47  85  91 104  78  70  59  89 101
  28  74  66  73  82  20  42  68  30  77  93  38 108  45  21  14  41 111
  52  15  37  13   5  96  17 102 114  71  90  32  63  39  40  35  72 119
  86  55  31  26  44  62]

# learned parameters for cdtw and gem
# dtw ((error, size, error/size), (window, sqr))
# gem ((error, size, error/size), (St0, St1, E, sym, sqr))
BESTLEARNCONSDTW=((7, 60, 0.11666666666666667), (0.070000000000000007, True))
LISTLEARNCONSDTW=[((7, 60, 0.11666666666666667), (0.050000000000000003, True)), ((7, 60, 0.11666666666666667), (0.059999999999999998, True)), ((7, 60, 0.11666666666666667), (0.070000000000000007, True)), ((7, 60, 0.11666666666666667), (0.11, True)), ((8, 60, 0.13333333333333333), (0.10000000000000001, True)), ((9, 60, 0.14999999999999999), (0.040000000000000001, True)), ((9, 60, 0.14999999999999999), (0.089999999999999997, True)), ((9, 60, 0.14999999999999999), (0.12, True)), ((9, 60, 0.14999999999999999), (0.13, True)), ((9, 60, 0.14999999999999999), (0.20000000000000001, True)), ((10, 60, 0.16666666666666666), (0.02, True)), ((10, 60, 0.16666666666666666), (0.029999999999999999, True)), ((10, 60, 0.16666666666666666), (0.080000000000000002, True)), ((10, 60, 0.16666666666666666), (0.14000000000000001, True)), ((10, 60, 0.16666666666666666), (0.14999999999999999, True)), ((10, 60, 0.16666666666666666), (0.17999999999999999, True)), ((10, 60, 0.16666666666666666), (0.19, True)), ((11, 60, 0.18333333333333332), (0.16, True)), ((11, 60, 0.18333333333333332), (0.17000000000000001, True)), ((15, 60, 0.25), (0.01, True)), ((17, 60, 0.28333333333333333), (0.0, True))]

BESTLEARNGEM=((3, 60, 0.050000000000000003), (2, 2, 0.0078125, True, True))
LISTLEARNGEM=[((3, 60, 0.050000000000000003), (2, 2, 0.00390625, True, True)), ((3, 60, 0.050000000000000003), (2, 2, 0.0078125, True, True)), ((4, 60, 0.066666666666666666), (2, 2, 0.015625, True, True)), ((5, 60, 0.083333333333333329), (2, 2, 0, True, True)), ((5, 60, 0.083333333333333329), (2, 2, 0.0625, True, True)), ((7, 60, 0.11666666666666667), (2, 1, 0.00390625, True, True)), ((7, 60, 0.11666666666666667), (2, 1, 0.0078125, True, True)), ((7, 60, 0.11666666666666667), (2, 2, 0.03125, True, True)), ((8, 60, 0.13333333333333333), (2, 1, 0.015625, True, True)), ((9, 60, 0.14999999999999999), (2, 1, 0, True, True)), ((10, 60, 0.16666666666666666), (2, 1, 0.03125, True, True)), ((10, 60, 0.16666666666666666), (2, 2, 0.125, True, True)), ((11, 60, 0.18333333333333332), (2, 2, 0.25, True, True)), ((12, 60, 0.20000000000000001), (1, 1, 0, True, True)), ((12, 60, 0.20000000000000001), (1, 2, 0, True, True)), ((12, 60, 0.20000000000000001), (2, 1, 0.0625, True, True)), ((15, 60, 0.25), (2, 1, 0.125, True, True)), ((16, 60, 0.26666666666666666), (1, 1, 0.00390625, True, True)), ((16, 60, 0.26666666666666666), (1, 2, 0.00390625, True, True)), ((18, 60, 0.29999999999999999), (1, 1, 0.0078125, True, True)), ((18, 60, 0.29999999999999999), (1, 2, 0.0078125, True, True)), ((18, 60, 0.29999999999999999), (2, 2, 0.5, True, True)), ((19, 60, 0.31666666666666665), (1, 1, 0.015625, True, True)), ((19, 60, 0.31666666666666665), (1, 2, 0.015625, True, True)), ((20, 60, 0.33333333333333331), (2, 1, 0.25, True, True)), ((20, 60, 0.33333333333333331), (2, 1, 0.5, True, True)), ((22, 60, 0.36666666666666664), (1, 1, 0.03125, True, True)), ((22, 60, 0.36666666666666664), (1, 2, 0.03125, True, True)), ((24, 60, 0.40000000000000002), (1, 1, 0.0625, True, True)), ((24, 60, 0.40000000000000002), (1, 2, 0.0625, True, True)), ((28, 60, 0.46666666666666667), (1, 1, 0.125, True, True)), ((28, 60, 0.46666666666666667), (1, 2, 0.125, True, True)), ((29, 60, 0.48333333333333334), (1, 1, 0.25, True, True)), ((29, 60, 0.48333333333333334), (1, 2, 0.25, True, True)), ((32, 60, 0.53333333333333333), (1, 1, 0.5, True, True)), ((32, 60, 0.53333333333333333), (1, 2, 0.5, True, True))]


# error rates for different distance measures
# (error, size, error/size) and binary mask
BESTLP=(17, 61, 0.27868852459016391)
LISTLP=[0, 0, 0, 1, 0, 1, 1, 0, 1, 0, 0, 0, 0, 0, 0, 0, 0, 0, 0, 1, 0, 1, 1, 1, 0, 0, 1, 0, 1, 0, 0, 0, 0, 1, 1, 0, 0, 1, 1, 1, 0, 0, 0, 0, 0, 0, 0, 0, 0, 1, 0, 0, 0, 0, 0, 0, 1, 0, 0, 0, 0]

BESTFULLDTW=(17, 61, 0.27868852459016391)
LISTFULLDTW=[0, 1, 0, 0, 0, 1, 0, 0, 0, 0, 0, 0, 0, 0, 0, 0, 0, 0, 0, 1, 0, 1, 0, 1, 1, 1, 0, 1, 0, 0, 0, 1, 0, 0, 1, 0, 0, 0, 1, 0, 0, 0, 0, 0, 0, 1, 1, 0, 1, 0, 0, 1, 1, 0, 0, 0, 1, 0, 0, 0, 0]

BESTCONSDTW=(10, 61, 0.16393442622950818)
LISTCONSDTW=[0, 1, 0, 0, 0, 1, 0, 0, 0, 0, 0, 0, 0, 0, 0, 0, 0, 0, 0, 1, 0, 1, 0, 1, 0, 1, 0, 0, 0, 0, 0, 1, 0, 0, 1, 0, 0, 0, 0, 0, 0, 0, 0, 0, 0, 1, 0, 0, 0, 0, 0, 0, 0, 0, 0, 0, 1, 0, 0, 0, 0]

BESTGEM=(10, 61, 0.16393442622950818)
LISTGEM=[0, 1, 0, 0, 0, 1, 0, 0, 0, 0, 0, 0, 0, 0, 0, 0, 0, 0, 0, 0, 0, 1, 0, 0, 0, 1, 0, 1, 0, 0, 0, 0, 0, 0, 1, 1, 0, 0, 0, 0, 0, 0, 0, 0, 0, 0, 1, 0, 0, 0, 0, 0, 1, 0, 0, 0, 1, 0, 0, 0, 0]

