# shuffled stratified split (indices referring to UCR database)
TESTINDEX=[25 34  4 37 17 57 54 21 42  2 48 18 14 45 36 22 59 46 11 20  7  9 15 29 56
 39  0 35 19  1]
TRAININDEX=[28 24 10 58 52 49 41 13 43 44 53  3 38  8 33 16 40  5  6 27 32 50 30 26 55
 12 23 51 47 31]

# learned parameters for cdtw and gem
# dtw ((error, size, error/size), (window, sqr))
# gem ((error, size, error/size), (St0, St1, E, sym, sqr))
BESTLEARNCONSDTW=((18, 30, 0.6), (0.17999999999999999, True))
LISTLEARNCONSDTW=[((18, 30, 0.6), (0.0, True)), ((18, 30, 0.6), (0.17000000000000001, True)), ((18, 30, 0.6), (0.17999999999999999, True)), ((18, 30, 0.6), (0.19, True)), ((18, 30, 0.6), (0.20000000000000001, True)), ((19, 30, 0.6333333333333333), (0.01, True)), ((19, 30, 0.6333333333333333), (0.02, True)), ((19, 30, 0.6333333333333333), (0.029999999999999999, True)), ((19, 30, 0.6333333333333333), (0.040000000000000001, True)), ((19, 30, 0.6333333333333333), (0.050000000000000003, True)), ((19, 30, 0.6333333333333333), (0.059999999999999998, True)), ((19, 30, 0.6333333333333333), (0.070000000000000007, True)), ((19, 30, 0.6333333333333333), (0.080000000000000002, True)), ((19, 30, 0.6333333333333333), (0.089999999999999997, True)), ((19, 30, 0.6333333333333333), (0.10000000000000001, True)), ((19, 30, 0.6333333333333333), (0.11, True)), ((19, 30, 0.6333333333333333), (0.12, True)), ((19, 30, 0.6333333333333333), (0.13, True)), ((19, 30, 0.6333333333333333), (0.14000000000000001, True)), ((19, 30, 0.6333333333333333), (0.14999999999999999, True)), ((19, 30, 0.6333333333333333), (0.16, True))]

BESTLEARNGEM=((15, 30, 0.5), (1, 2, 0.015625, True, True))
LISTLEARNGEM=[((15, 30, 0.5), (1, 1, 0, True, True)), ((15, 30, 0.5), (1, 1, 0.00390625, True, True)), ((15, 30, 0.5), (1, 1, 0.0078125, True, True)), ((15, 30, 0.5), (1, 1, 0.015625, True, True)), ((15, 30, 0.5), (1, 1, 0.03125, True, True)), ((15, 30, 0.5), (1, 1, 0.0625, True, True)), ((15, 30, 0.5), (1, 1, 0.5, True, True)), ((15, 30, 0.5), (1, 2, 0, True, True)), ((15, 30, 0.5), (1, 2, 0.00390625, True, True)), ((15, 30, 0.5), (1, 2, 0.0078125, True, True)), ((15, 30, 0.5), (1, 2, 0.015625, True, True)), ((15, 30, 0.5), (1, 2, 0.03125, True, True)), ((15, 30, 0.5), (1, 2, 0.0625, True, True)), ((15, 30, 0.5), (1, 2, 0.5, True, True)), ((15, 30, 0.5), (2, 1, 0, True, True)), ((15, 30, 0.5), (2, 1, 0.00390625, True, True)), ((15, 30, 0.5), (2, 1, 0.0625, True, True)), ((15, 30, 0.5), (2, 1, 0.5, True, True)), ((15, 30, 0.5), (2, 2, 0, True, True)), ((15, 30, 0.5), (2, 2, 0.00390625, True, True)), ((15, 30, 0.5), (2, 2, 0.0625, True, True)), ((15, 30, 0.5), (2, 2, 0.125, True, True)), ((16, 30, 0.5333333333333333), (1, 1, 0.125, True, True)), ((16, 30, 0.5333333333333333), (1, 1, 0.25, True, True)), ((16, 30, 0.5333333333333333), (1, 2, 0.125, True, True)), ((16, 30, 0.5333333333333333), (1, 2, 0.25, True, True)), ((16, 30, 0.5333333333333333), (2, 1, 0.0078125, True, True)), ((16, 30, 0.5333333333333333), (2, 1, 0.015625, True, True)), ((16, 30, 0.5333333333333333), (2, 1, 0.03125, True, True)), ((16, 30, 0.5333333333333333), (2, 1, 0.125, True, True)), ((16, 30, 0.5333333333333333), (2, 1, 0.25, True, True)), ((16, 30, 0.5333333333333333), (2, 2, 0.0078125, True, True)), ((16, 30, 0.5333333333333333), (2, 2, 0.015625, True, True)), ((16, 30, 0.5333333333333333), (2, 2, 0.03125, True, True)), ((16, 30, 0.5333333333333333), (2, 2, 0.5, True, True)), ((17, 30, 0.5666666666666667), (2, 2, 0.25, True, True))]


# error rates for different distance measures
# (error, size, error/size) and binary mask
BESTLP=(15, 30, 0.5)
LISTLP=[1, 0, 0, 0, 0, 0, 1, 0, 0, 0, 1, 1, 0, 1, 0, 1, 0, 1, 1, 1, 1, 1, 1, 0, 1, 1, 0, 0, 1, 0]

BESTFULLDTW=(16, 30, 0.5333333333333333)
LISTFULLDTW=[1, 1, 0, 0, 0, 0, 1, 0, 0, 0, 1, 1, 0, 1, 0, 1, 0, 1, 1, 1, 1, 1, 1, 0, 1, 1, 0, 0, 1, 0]

BESTCONSDTW=(16, 30, 0.5333333333333333)
LISTCONSDTW=[1, 1, 0, 0, 0, 0, 1, 0, 0, 0, 1, 1, 0, 1, 0, 1, 0, 1, 1, 1, 1, 1, 1, 0, 1, 1, 0, 0, 1, 0]

BESTGEM=(15, 30, 0.5)
LISTGEM=[1, 0, 0, 0, 0, 0, 1, 0, 0, 0, 1, 1, 0, 1, 0, 1, 0, 1, 1, 1, 1, 1, 1, 0, 1, 1, 0, 0, 1, 0]

