# shuffled stratified split (indices referring to UCR database)
TESTINDEX=[34 24 31 42 51 59  7  5 50 15 37 55 56 54 36 18 16 53  4  1 33  6 48 45 11
 22 26 14 38 43]
TRAININDEX=[17 58 49 32  2  9 57 52 44 30 12  3  8 13 23 10 20 40  0 27 35 41 29 25 28
 19 21 39 46 47]

# learned parameters for cdtw and gem
# dtw ((error, size, error/size), (window, sqr))
# gem ((error, size, error/size), (St0, St1, E, sym, sqr))
BESTLEARNCONSDTW=((20, 30, 0.6666666666666666), (0.14000000000000001, True))
LISTLEARNCONSDTW=[((20, 30, 0.6666666666666666), (0.080000000000000002, True)), ((20, 30, 0.6666666666666666), (0.089999999999999997, True)), ((20, 30, 0.6666666666666666), (0.10000000000000001, True)), ((20, 30, 0.6666666666666666), (0.11, True)), ((20, 30, 0.6666666666666666), (0.12, True)), ((20, 30, 0.6666666666666666), (0.13, True)), ((20, 30, 0.6666666666666666), (0.14000000000000001, True)), ((20, 30, 0.6666666666666666), (0.14999999999999999, True)), ((20, 30, 0.6666666666666666), (0.16, True)), ((20, 30, 0.6666666666666666), (0.17000000000000001, True)), ((20, 30, 0.6666666666666666), (0.17999999999999999, True)), ((20, 30, 0.6666666666666666), (0.19, True)), ((20, 30, 0.6666666666666666), (0.20000000000000001, True)), ((21, 30, 0.7), (0.0, True)), ((21, 30, 0.7), (0.01, True)), ((21, 30, 0.7), (0.02, True)), ((21, 30, 0.7), (0.029999999999999999, True)), ((21, 30, 0.7), (0.040000000000000001, True)), ((21, 30, 0.7), (0.050000000000000003, True)), ((21, 30, 0.7), (0.059999999999999998, True)), ((21, 30, 0.7), (0.070000000000000007, True))]

BESTLEARNGEM=((13, 30, 0.43333333333333335), (2, 1, 0.5, True, True))
LISTLEARNGEM=[((13, 30, 0.43333333333333335), (2, 1, 0.5, True, True)), ((14, 30, 0.4666666666666667), (1, 1, 0.5, True, True)), ((14, 30, 0.4666666666666667), (1, 2, 0.5, True, True)), ((16, 30, 0.5333333333333333), (1, 1, 0.125, True, True)), ((16, 30, 0.5333333333333333), (1, 1, 0.25, True, True)), ((16, 30, 0.5333333333333333), (1, 2, 0.125, True, True)), ((16, 30, 0.5333333333333333), (1, 2, 0.25, True, True)), ((16, 30, 0.5333333333333333), (2, 2, 0.5, True, True)), ((17, 30, 0.5666666666666667), (1, 1, 0, True, True)), ((17, 30, 0.5666666666666667), (1, 2, 0, True, True)), ((17, 30, 0.5666666666666667), (2, 1, 0, True, True)), ((17, 30, 0.5666666666666667), (2, 1, 0.25, True, True)), ((17, 30, 0.5666666666666667), (2, 2, 0, True, True)), ((17, 30, 0.5666666666666667), (2, 2, 0.00390625, True, True)), ((17, 30, 0.5666666666666667), (2, 2, 0.0078125, True, True)), ((17, 30, 0.5666666666666667), (2, 2, 0.25, True, True)), ((18, 30, 0.6), (1, 1, 0.0625, True, True)), ((18, 30, 0.6), (1, 2, 0.0625, True, True)), ((18, 30, 0.6), (2, 1, 0.125, True, True)), ((19, 30, 0.6333333333333333), (1, 1, 0.00390625, True, True)), ((19, 30, 0.6333333333333333), (1, 1, 0.03125, True, True)), ((19, 30, 0.6333333333333333), (1, 2, 0.00390625, True, True)), ((19, 30, 0.6333333333333333), (1, 2, 0.03125, True, True)), ((19, 30, 0.6333333333333333), (2, 1, 0.00390625, True, True)), ((19, 30, 0.6333333333333333), (2, 1, 0.0625, True, True)), ((20, 30, 0.6666666666666666), (1, 1, 0.0078125, True, True)), ((20, 30, 0.6666666666666666), (1, 1, 0.015625, True, True)), ((20, 30, 0.6666666666666666), (1, 2, 0.0078125, True, True)), ((20, 30, 0.6666666666666666), (1, 2, 0.015625, True, True)), ((20, 30, 0.6666666666666666), (2, 1, 0.0078125, True, True)), ((20, 30, 0.6666666666666666), (2, 1, 0.015625, True, True)), ((20, 30, 0.6666666666666666), (2, 1, 0.03125, True, True)), ((20, 30, 0.6666666666666666), (2, 2, 0.015625, True, True)), ((20, 30, 0.6666666666666666), (2, 2, 0.03125, True, True)), ((20, 30, 0.6666666666666666), (2, 2, 0.0625, True, True)), ((20, 30, 0.6666666666666666), (2, 2, 0.125, True, True))]


# error rates for different distance measures
# (error, size, error/size) and binary mask
BESTLP=(16, 30, 0.5333333333333333)
LISTLP=[0, 1, 0, 0, 1, 0, 1, 0, 1, 1, 0, 1, 1, 1, 0, 1, 1, 0, 0, 0, 0, 0, 1, 1, 1, 1, 0, 0, 1, 1]

BESTFULLDTW=(17, 30, 0.5666666666666667)
LISTFULLDTW=[1, 1, 0, 0, 1, 0, 1, 0, 1, 1, 0, 1, 1, 1, 0, 1, 1, 0, 0, 0, 0, 0, 1, 1, 1, 1, 0, 0, 1, 1]

BESTCONSDTW=(17, 30, 0.5666666666666667)
LISTCONSDTW=[1, 1, 0, 0, 1, 0, 1, 0, 1, 1, 0, 1, 1, 1, 0, 1, 1, 0, 0, 0, 0, 0, 1, 1, 1, 1, 0, 0, 1, 1]

BESTGEM=(16, 30, 0.5333333333333333)
LISTGEM=[1, 1, 0, 0, 1, 0, 1, 0, 1, 1, 0, 0, 1, 1, 0, 1, 1, 0, 0, 0, 0, 0, 1, 1, 1, 1, 0, 0, 1, 1]

