# shuffled stratified split (indices referring to UCR database)
TESTINDEX=[0, 1, 2, 3, 4, 5, 6, 7, 8, 9, 10, 11, 12, 13, 14, 15, 16, 17, 18, 19, 20, 21, 22, 23, 24, 25, 26, 27, 28, 29]
TRAININDEX=[30, 31, 32, 33, 34, 35, 36, 37, 38, 39, 40, 41, 42, 43, 44, 45, 46, 47, 48, 49, 50, 51, 52, 53, 54, 55, 56, 57, 58, 59]

# learned parameters for cdtw and gem
# dtw ((error, size, error/size), (window, sqr))
# gem ((error, size, error/size), (St0, St1, E, sym, sqr))
BESTLEARNCONSDTW=((3, 30, 0.1), (0.01, True))
LISTLEARNCONSDTW=[((3, 30, 0.1), (0.01, True)), ((4, 30, 0.13333333333333333), (0.0, True)), ((4, 30, 0.13333333333333333), (0.02, True)), ((4, 30, 0.13333333333333333), (0.029999999999999999, True)), ((4, 30, 0.13333333333333333), (0.040000000000000001, True)), ((4, 30, 0.13333333333333333), (0.050000000000000003, True)), ((4, 30, 0.13333333333333333), (0.059999999999999998, True)), ((4, 30, 0.13333333333333333), (0.070000000000000007, True)), ((4, 30, 0.13333333333333333), (0.080000000000000002, True)), ((4, 30, 0.13333333333333333), (0.089999999999999997, True)), ((4, 30, 0.13333333333333333), (0.10000000000000001, True)), ((4, 30, 0.13333333333333333), (0.11, True)), ((4, 30, 0.13333333333333333), (0.12, True)), ((4, 30, 0.13333333333333333), (0.13, True)), ((4, 30, 0.13333333333333333), (0.14000000000000001, True)), ((4, 30, 0.13333333333333333), (0.14999999999999999, True)), ((4, 30, 0.13333333333333333), (0.16, True)), ((4, 30, 0.13333333333333333), (0.17000000000000001, True)), ((4, 30, 0.13333333333333333), (0.17999999999999999, True)), ((4, 30, 0.13333333333333333), (0.19, True)), ((4, 30, 0.13333333333333333), (0.20000000000000001, True))]

BESTLEARNGEM=((4, 30, 0.13333333333333333), (2, 1, 0, True, True))
LISTLEARNGEM=[((4, 30, 0.13333333333333333), (1, 1, 0, True, True)), ((4, 30, 0.13333333333333333), (1, 2, 0, True, True)), ((4, 30, 0.13333333333333333), (2, 1, 0, True, True)), ((4, 30, 0.13333333333333333), (2, 1, 0.0078125, True, True)), ((4, 30, 0.13333333333333333), (2, 1, 0.015625, True, True)), ((5, 30, 0.16666666666666666), (1, 1, 0.00390625, True, True)), ((5, 30, 0.16666666666666666), (1, 1, 0.0078125, True, True)), ((5, 30, 0.16666666666666666), (1, 1, 0.015625, True, True)), ((5, 30, 0.16666666666666666), (1, 2, 0.00390625, True, True)), ((5, 30, 0.16666666666666666), (1, 2, 0.0078125, True, True)), ((5, 30, 0.16666666666666666), (1, 2, 0.015625, True, True)), ((5, 30, 0.16666666666666666), (2, 1, 0.00390625, True, True)), ((5, 30, 0.16666666666666666), (2, 1, 0.03125, True, True)), ((5, 30, 0.16666666666666666), (2, 2, 0.0078125, True, True)), ((5, 30, 0.16666666666666666), (2, 2, 0.015625, True, True)), ((5, 30, 0.16666666666666666), (2, 2, 0.03125, True, True)), ((5, 30, 0.16666666666666666), (2, 2, 0.0625, True, True)), ((5, 30, 0.16666666666666666), (2, 2, 0.125, True, True)), ((6, 30, 0.2), (1, 1, 0.03125, True, True)), ((6, 30, 0.2), (1, 1, 0.0625, True, True)), ((6, 30, 0.2), (1, 1, 0.125, True, True)), ((6, 30, 0.2), (1, 2, 0.03125, True, True)), ((6, 30, 0.2), (1, 2, 0.0625, True, True)), ((6, 30, 0.2), (1, 2, 0.125, True, True)), ((6, 30, 0.2), (2, 1, 0.0625, True, True)), ((6, 30, 0.2), (2, 1, 0.125, True, True)), ((6, 30, 0.2), (2, 2, 0, True, True)), ((6, 30, 0.2), (2, 2, 0.00390625, True, True)), ((6, 30, 0.2), (2, 2, 0.25, True, True)), ((7, 30, 0.23333333333333334), (1, 1, 0.25, True, True)), ((7, 30, 0.23333333333333334), (1, 2, 0.25, True, True)), ((7, 30, 0.23333333333333334), (2, 1, 0.25, True, True)), ((9, 30, 0.3), (1, 1, 0.5, True, True)), ((9, 30, 0.3), (1, 2, 0.5, True, True)), ((9, 30, 0.3), (2, 1, 0.5, True, True)), ((9, 30, 0.3), (2, 2, 0.5, True, True))]


# error rates for different distance measures
# (error, size, error/size) and binary mask
BESTLP=(4, 30, 0.13333333333333333)
LISTLP=[0, 0, 0, 0, 0, 0, 0, 0, 0, 0, 0, 0, 0, 0, 1, 0, 1, 1, 0, 0, 0, 0, 0, 0, 0, 0, 0, 0, 0, 1]

BESTFULLDTW=(4, 30, 0.13333333333333333)
LISTFULLDTW=[1, 0, 0, 0, 0, 0, 0, 0, 0, 0, 0, 0, 0, 0, 0, 0, 1, 1, 0, 0, 0, 0, 0, 0, 0, 0, 0, 0, 0, 1]

BESTCONSDTW=(5, 30, 0.16666666666666666)
LISTCONSDTW=[1, 0, 0, 0, 0, 0, 0, 0, 0, 0, 0, 0, 0, 0, 1, 0, 1, 1, 0, 0, 0, 0, 0, 0, 0, 0, 0, 0, 0, 1]

BESTGEM=(4, 30, 0.13333333333333333)
LISTGEM=[0, 0, 0, 0, 0, 0, 0, 0, 0, 0, 0, 0, 0, 0, 1, 0, 1, 1, 0, 0, 0, 0, 0, 0, 0, 0, 0, 0, 0, 1]

