# shuffled stratified split (indices referring to UCR database)
TESTINDEX=[22 29 41 11 52  8 27 19 35 14 44 17 40 46 37  2 39  4 57 26 56 20 47 48 54
  6 33  0 31]
TRAININDEX=[16 53 51 10 58  3  5 32 24 30 21 43 36 45 50 34 12 49 28 55  7 38 13 25  9
  1 15 23 18]

# learned parameters for cdtw and gem
# dtw ((error, size, error/size), (window, sqr))
# gem ((error, size, error/size), (St0, St1, E, sym, sqr))
BESTLEARNCONSDTW=((2, 29, 0.06896551724137931), (0.11, True))
LISTLEARNCONSDTW=[((2, 29, 0.06896551724137931), (0.01, True)), ((2, 29, 0.06896551724137931), (0.02, True)), ((2, 29, 0.06896551724137931), (0.029999999999999999, True)), ((2, 29, 0.06896551724137931), (0.040000000000000001, True)), ((2, 29, 0.06896551724137931), (0.050000000000000003, True)), ((2, 29, 0.06896551724137931), (0.059999999999999998, True)), ((2, 29, 0.06896551724137931), (0.070000000000000007, True)), ((2, 29, 0.06896551724137931), (0.080000000000000002, True)), ((2, 29, 0.06896551724137931), (0.089999999999999997, True)), ((2, 29, 0.06896551724137931), (0.10000000000000001, True)), ((2, 29, 0.06896551724137931), (0.11, True)), ((2, 29, 0.06896551724137931), (0.12, True)), ((2, 29, 0.06896551724137931), (0.13, True)), ((2, 29, 0.06896551724137931), (0.14000000000000001, True)), ((2, 29, 0.06896551724137931), (0.14999999999999999, True)), ((2, 29, 0.06896551724137931), (0.16, True)), ((2, 29, 0.06896551724137931), (0.17000000000000001, True)), ((2, 29, 0.06896551724137931), (0.17999999999999999, True)), ((2, 29, 0.06896551724137931), (0.19, True)), ((2, 29, 0.06896551724137931), (0.20000000000000001, True)), ((3, 29, 0.10344827586206896), (0.0, True))]

BESTLEARNGEM=((0, 29, 0.0), (2, 2, 0.5, True, True))
LISTLEARNGEM=[((0, 29, 0.0), (2, 2, 0.5, True, True)), ((1, 29, 0.034482758620689655), (2, 2, 0, True, True)), ((2, 29, 0.06896551724137931), (1, 1, 0, True, True)), ((2, 29, 0.06896551724137931), (1, 1, 0.00390625, True, True)), ((2, 29, 0.06896551724137931), (1, 1, 0.0078125, True, True)), ((2, 29, 0.06896551724137931), (1, 1, 0.015625, True, True)), ((2, 29, 0.06896551724137931), (1, 1, 0.03125, True, True)), ((2, 29, 0.06896551724137931), (1, 1, 0.0625, True, True)), ((2, 29, 0.06896551724137931), (1, 1, 0.125, True, True)), ((2, 29, 0.06896551724137931), (1, 1, 0.25, True, True)), ((2, 29, 0.06896551724137931), (1, 1, 0.5, True, True)), ((2, 29, 0.06896551724137931), (1, 2, 0, True, True)), ((2, 29, 0.06896551724137931), (1, 2, 0.00390625, True, True)), ((2, 29, 0.06896551724137931), (1, 2, 0.0078125, True, True)), ((2, 29, 0.06896551724137931), (1, 2, 0.015625, True, True)), ((2, 29, 0.06896551724137931), (1, 2, 0.03125, True, True)), ((2, 29, 0.06896551724137931), (1, 2, 0.0625, True, True)), ((2, 29, 0.06896551724137931), (1, 2, 0.125, True, True)), ((2, 29, 0.06896551724137931), (1, 2, 0.25, True, True)), ((2, 29, 0.06896551724137931), (1, 2, 0.5, True, True)), ((2, 29, 0.06896551724137931), (2, 1, 0, True, True)), ((2, 29, 0.06896551724137931), (2, 1, 0.00390625, True, True)), ((2, 29, 0.06896551724137931), (2, 1, 0.0078125, True, True)), ((2, 29, 0.06896551724137931), (2, 1, 0.015625, True, True)), ((2, 29, 0.06896551724137931), (2, 1, 0.03125, True, True)), ((2, 29, 0.06896551724137931), (2, 1, 0.0625, True, True)), ((2, 29, 0.06896551724137931), (2, 1, 0.125, True, True)), ((2, 29, 0.06896551724137931), (2, 1, 0.25, True, True)), ((2, 29, 0.06896551724137931), (2, 1, 0.5, True, True)), ((2, 29, 0.06896551724137931), (2, 2, 0.00390625, True, True)), ((2, 29, 0.06896551724137931), (2, 2, 0.0078125, True, True)), ((2, 29, 0.06896551724137931), (2, 2, 0.015625, True, True)), ((2, 29, 0.06896551724137931), (2, 2, 0.03125, True, True)), ((2, 29, 0.06896551724137931), (2, 2, 0.0625, True, True)), ((3, 29, 0.10344827586206896), (2, 2, 0.125, True, True)), ((3, 29, 0.10344827586206896), (2, 2, 0.25, True, True))]


# error rates for different distance measures
# (error, size, error/size) and binary mask
BESTLP=(5, 29, 0.1724137931034483)
LISTLP=[0, 1, 0, 0, 0, 0, 0, 0, 0, 1, 0, 1, 0, 0, 0, 0, 0, 0, 0, 0, 0, 0, 1, 0, 0, 0, 0, 1, 0]

BESTFULLDTW=(5, 29, 0.1724137931034483)
LISTFULLDTW=[0, 1, 0, 0, 0, 0, 0, 0, 0, 0, 0, 1, 0, 0, 0, 1, 0, 0, 0, 0, 0, 0, 1, 0, 0, 0, 0, 1, 0]

BESTCONSDTW=(5, 29, 0.1724137931034483)
LISTCONSDTW=[0, 1, 0, 0, 0, 0, 0, 0, 0, 0, 0, 1, 0, 0, 0, 1, 0, 0, 0, 0, 0, 0, 1, 0, 0, 0, 0, 1, 0]

BESTGEM=(6, 29, 0.20689655172413793)
LISTGEM=[0, 1, 0, 0, 0, 0, 0, 0, 0, 0, 1, 1, 0, 0, 0, 1, 0, 0, 0, 0, 0, 0, 1, 0, 0, 0, 0, 0, 1]

