# shuffled stratified split (indices referring to UCR database)
TESTINDEX=[17 48 51 55 57 33 58 15 26 20 13 16 32 44 27 10 50  5 11 38  0 40 19 41 23
  3  4 56  9]
TRAININDEX=[ 8 36 31 49 29  6 54  7 43 45 12 35 47  2 39 46 34 30 28  1 52 14 22 18 37
 25 53 24 21]

# learned parameters for cdtw and gem
# dtw ((error, size, error/size), (window, sqr))
# gem ((error, size, error/size), (St0, St1, E, sym, sqr))
BESTLEARNCONSDTW=((3, 29, 0.10344827586206896), (0.12, True))
LISTLEARNCONSDTW=[((3, 29, 0.10344827586206896), (0.040000000000000001, True)), ((3, 29, 0.10344827586206896), (0.050000000000000003, True)), ((3, 29, 0.10344827586206896), (0.059999999999999998, True)), ((3, 29, 0.10344827586206896), (0.070000000000000007, True)), ((3, 29, 0.10344827586206896), (0.080000000000000002, True)), ((3, 29, 0.10344827586206896), (0.089999999999999997, True)), ((3, 29, 0.10344827586206896), (0.10000000000000001, True)), ((3, 29, 0.10344827586206896), (0.11, True)), ((3, 29, 0.10344827586206896), (0.12, True)), ((3, 29, 0.10344827586206896), (0.13, True)), ((3, 29, 0.10344827586206896), (0.14000000000000001, True)), ((3, 29, 0.10344827586206896), (0.14999999999999999, True)), ((3, 29, 0.10344827586206896), (0.16, True)), ((3, 29, 0.10344827586206896), (0.17000000000000001, True)), ((3, 29, 0.10344827586206896), (0.17999999999999999, True)), ((3, 29, 0.10344827586206896), (0.19, True)), ((3, 29, 0.10344827586206896), (0.20000000000000001, True)), ((4, 29, 0.13793103448275862), (0.01, True)), ((4, 29, 0.13793103448275862), (0.02, True)), ((4, 29, 0.13793103448275862), (0.029999999999999999, True)), ((5, 29, 0.1724137931034483), (0.0, True))]

BESTLEARNGEM=((3, 29, 0.10344827586206896), (1, 2, 0.125, True, True))
LISTLEARNGEM=[((3, 29, 0.10344827586206896), (1, 1, 0.0625, True, True)), ((3, 29, 0.10344827586206896), (1, 1, 0.125, True, True)), ((3, 29, 0.10344827586206896), (1, 1, 0.25, True, True)), ((3, 29, 0.10344827586206896), (1, 2, 0.0625, True, True)), ((3, 29, 0.10344827586206896), (1, 2, 0.125, True, True)), ((3, 29, 0.10344827586206896), (1, 2, 0.25, True, True)), ((3, 29, 0.10344827586206896), (2, 1, 0.0625, True, True)), ((3, 29, 0.10344827586206896), (2, 1, 0.125, True, True)), ((3, 29, 0.10344827586206896), (2, 1, 0.25, True, True)), ((3, 29, 0.10344827586206896), (2, 2, 0.03125, True, True)), ((3, 29, 0.10344827586206896), (2, 2, 0.0625, True, True)), ((3, 29, 0.10344827586206896), (2, 2, 0.125, True, True)), ((3, 29, 0.10344827586206896), (2, 2, 0.25, True, True)), ((4, 29, 0.13793103448275862), (1, 1, 0, True, True)), ((4, 29, 0.13793103448275862), (1, 1, 0.00390625, True, True)), ((4, 29, 0.13793103448275862), (1, 1, 0.0078125, True, True)), ((4, 29, 0.13793103448275862), (1, 1, 0.015625, True, True)), ((4, 29, 0.13793103448275862), (1, 1, 0.03125, True, True)), ((4, 29, 0.13793103448275862), (1, 1, 0.5, True, True)), ((4, 29, 0.13793103448275862), (1, 2, 0, True, True)), ((4, 29, 0.13793103448275862), (1, 2, 0.00390625, True, True)), ((4, 29, 0.13793103448275862), (1, 2, 0.0078125, True, True)), ((4, 29, 0.13793103448275862), (1, 2, 0.015625, True, True)), ((4, 29, 0.13793103448275862), (1, 2, 0.03125, True, True)), ((4, 29, 0.13793103448275862), (1, 2, 0.5, True, True)), ((4, 29, 0.13793103448275862), (2, 1, 0, True, True)), ((4, 29, 0.13793103448275862), (2, 1, 0.00390625, True, True)), ((4, 29, 0.13793103448275862), (2, 1, 0.0078125, True, True)), ((4, 29, 0.13793103448275862), (2, 1, 0.015625, True, True)), ((4, 29, 0.13793103448275862), (2, 1, 0.03125, True, True)), ((4, 29, 0.13793103448275862), (2, 1, 0.5, True, True)), ((4, 29, 0.13793103448275862), (2, 2, 0.0078125, True, True)), ((4, 29, 0.13793103448275862), (2, 2, 0.015625, True, True)), ((4, 29, 0.13793103448275862), (2, 2, 0.5, True, True)), ((5, 29, 0.1724137931034483), (2, 2, 0, True, True)), ((5, 29, 0.1724137931034483), (2, 2, 0.00390625, True, True))]


# error rates for different distance measures
# (error, size, error/size) and binary mask
BESTLP=(3, 29, 0.10344827586206896)
LISTLP=[0, 0, 0, 0, 0, 0, 0, 0, 0, 0, 0, 1, 0, 0, 0, 0, 0, 0, 1, 0, 1, 0, 0, 0, 0, 0, 0, 0, 0]

BESTFULLDTW=(2, 29, 0.06896551724137931)
LISTFULLDTW=[0, 0, 0, 0, 0, 0, 0, 0, 0, 0, 0, 1, 0, 0, 0, 0, 0, 0, 1, 0, 0, 0, 0, 0, 0, 0, 0, 0, 0]

BESTCONSDTW=(2, 29, 0.06896551724137931)
LISTCONSDTW=[0, 0, 0, 0, 0, 0, 0, 0, 0, 0, 0, 1, 0, 0, 0, 0, 0, 0, 1, 0, 0, 0, 0, 0, 0, 0, 0, 0, 0]

BESTGEM=(2, 29, 0.06896551724137931)
LISTGEM=[0, 0, 0, 0, 0, 0, 0, 0, 0, 0, 0, 1, 0, 1, 0, 0, 0, 0, 0, 0, 0, 0, 0, 0, 0, 0, 0, 0, 0]

