# shuffled stratified split (indices referring to UCR database)
TESTINDEX=[28 52 18 15 14 35 41 49 45  3 40 31 25 30  1 12 47 56 55 32 20 37 54 51 58
 42 39  8  6 53]
TRAININDEX=[46  7 38 23 26 34 11  4 36  5 43  2 50 19 10 27 57 22 29 13  9 59 48 16 24
 21  0 44 33 17]

# learned parameters for cdtw and gem
# dtw ((error, size, error/size), (window, sqr))
# gem ((error, size, error/size), (St0, St1, E, sym, sqr))
BESTLEARNCONSDTW=((13, 30, 0.43333333333333335), (0.14000000000000001, True))
LISTLEARNCONSDTW=[((13, 30, 0.43333333333333335), (0.0, True)), ((13, 30, 0.43333333333333335), (0.01, True)), ((13, 30, 0.43333333333333335), (0.10000000000000001, True)), ((13, 30, 0.43333333333333335), (0.11, True)), ((13, 30, 0.43333333333333335), (0.12, True)), ((13, 30, 0.43333333333333335), (0.13, True)), ((13, 30, 0.43333333333333335), (0.14000000000000001, True)), ((13, 30, 0.43333333333333335), (0.14999999999999999, True)), ((13, 30, 0.43333333333333335), (0.16, True)), ((13, 30, 0.43333333333333335), (0.17000000000000001, True)), ((13, 30, 0.43333333333333335), (0.17999999999999999, True)), ((13, 30, 0.43333333333333335), (0.19, True)), ((13, 30, 0.43333333333333335), (0.20000000000000001, True)), ((14, 30, 0.4666666666666667), (0.02, True)), ((14, 30, 0.4666666666666667), (0.029999999999999999, True)), ((14, 30, 0.4666666666666667), (0.040000000000000001, True)), ((14, 30, 0.4666666666666667), (0.050000000000000003, True)), ((14, 30, 0.4666666666666667), (0.059999999999999998, True)), ((14, 30, 0.4666666666666667), (0.070000000000000007, True)), ((14, 30, 0.4666666666666667), (0.080000000000000002, True)), ((14, 30, 0.4666666666666667), (0.089999999999999997, True))]

BESTLEARNGEM=((14, 30, 0.4666666666666667), (2, 1, 0.25, True, True))
LISTLEARNGEM=[((14, 30, 0.4666666666666667), (1, 1, 0, True, True)), ((14, 30, 0.4666666666666667), (1, 1, 0.25, True, True)), ((14, 30, 0.4666666666666667), (1, 1, 0.5, True, True)), ((14, 30, 0.4666666666666667), (1, 2, 0, True, True)), ((14, 30, 0.4666666666666667), (1, 2, 0.25, True, True)), ((14, 30, 0.4666666666666667), (1, 2, 0.5, True, True)), ((14, 30, 0.4666666666666667), (2, 1, 0.25, True, True)), ((14, 30, 0.4666666666666667), (2, 1, 0.5, True, True)), ((15, 30, 0.5), (1, 1, 0.125, True, True)), ((15, 30, 0.5), (1, 2, 0.125, True, True)), ((15, 30, 0.5), (2, 2, 0, True, True)), ((15, 30, 0.5), (2, 2, 0.00390625, True, True)), ((15, 30, 0.5), (2, 2, 0.25, True, True)), ((15, 30, 0.5), (2, 2, 0.5, True, True)), ((16, 30, 0.5333333333333333), (1, 1, 0.00390625, True, True)), ((16, 30, 0.5333333333333333), (1, 1, 0.0078125, True, True)), ((16, 30, 0.5333333333333333), (1, 1, 0.015625, True, True)), ((16, 30, 0.5333333333333333), (1, 1, 0.03125, True, True)), ((16, 30, 0.5333333333333333), (1, 1, 0.0625, True, True)), ((16, 30, 0.5333333333333333), (1, 2, 0.00390625, True, True)), ((16, 30, 0.5333333333333333), (1, 2, 0.0078125, True, True)), ((16, 30, 0.5333333333333333), (1, 2, 0.015625, True, True)), ((16, 30, 0.5333333333333333), (1, 2, 0.03125, True, True)), ((16, 30, 0.5333333333333333), (1, 2, 0.0625, True, True)), ((16, 30, 0.5333333333333333), (2, 1, 0, True, True)), ((16, 30, 0.5333333333333333), (2, 1, 0.00390625, True, True)), ((16, 30, 0.5333333333333333), (2, 1, 0.0078125, True, True)), ((16, 30, 0.5333333333333333), (2, 1, 0.015625, True, True)), ((16, 30, 0.5333333333333333), (2, 1, 0.03125, True, True)), ((16, 30, 0.5333333333333333), (2, 1, 0.125, True, True)), ((16, 30, 0.5333333333333333), (2, 2, 0.0078125, True, True)), ((16, 30, 0.5333333333333333), (2, 2, 0.0625, True, True)), ((17, 30, 0.5666666666666667), (2, 1, 0.0625, True, True)), ((17, 30, 0.5666666666666667), (2, 2, 0.015625, True, True)), ((17, 30, 0.5666666666666667), (2, 2, 0.03125, True, True)), ((17, 30, 0.5666666666666667), (2, 2, 0.125, True, True))]


# error rates for different distance measures
# (error, size, error/size) and binary mask
BESTLP=(17, 30, 0.5666666666666667)
LISTLP=[1, 1, 1, 0, 0, 0, 1, 1, 1, 0, 1, 0, 0, 0, 0, 1, 0, 1, 1, 1, 1, 0, 1, 1, 1, 0, 1, 1, 0, 0]

BESTFULLDTW=(16, 30, 0.5333333333333333)
LISTFULLDTW=[1, 1, 1, 0, 0, 0, 1, 1, 1, 0, 1, 0, 0, 0, 0, 1, 0, 1, 0, 1, 1, 0, 1, 1, 1, 0, 1, 1, 0, 0]

BESTCONSDTW=(17, 30, 0.5666666666666667)
LISTCONSDTW=[1, 1, 1, 0, 0, 0, 1, 1, 1, 0, 1, 0, 0, 0, 0, 1, 0, 1, 1, 1, 1, 0, 1, 1, 1, 0, 1, 1, 0, 0]

BESTGEM=(16, 30, 0.5333333333333333)
LISTGEM=[1, 1, 1, 0, 1, 0, 1, 0, 1, 0, 1, 0, 1, 0, 0, 1, 0, 1, 0, 0, 1, 0, 1, 1, 1, 0, 1, 1, 0, 0]

