# shuffled stratified split (indices referring to UCR database)
TESTINDEX=[ 936  163  345  932  983  767  242   24  633  684 1014  534 1070  279  615
   42  606  390  619  482  862  155   62  236 1127 1008  321  784  954  979
  395  454  180  787  662  878 1138  471  127  922  676  569  770  798  613
  397  769  446  392  237   19   21  944  617  441  176  535  398  585 1063
  733 1032  340 1037  985  537  306  210  114    5  808  602  731   31  734
  866  465   61  960  909 1001 1128  917  555  129  586  230  574  732  749
 1140 1036  334  682  190  838 1135  142  604 1078  742  123  561  821   86
  517   94   37  125  967  641   58  948  951  984   90  529   36   22  792
  626  852  736 1038  766  277 1139  919  692  220  646  511  510  315  849
  330  738  777  592   26  946 1054  600  697  969  718  393  865  421  678
   43 1033 1117  251  196  384  700    6  744  213  193 1110  778  741  506
  899  388  214  332  513  634  364  609  772  892  307 1016  843 1084 1113
   97  265  439  924 1130  653  629  621  816 1015  526  322  450  342  693
  130 1111  753  107  624  132  809 1068 1123   27  455  760  462  953  656
  416   14   35   30  431  817  981  614  891  545  690  103  668 1067  449
  976  822  649  468  876  117  687  355  153 1120  208  440 1088  211   82
 1065 1116  147  474  636  846 1061  187  162  729  835    4 1042   38  404
  780  566  204  726  746  133  748  425  300  186  531  939  928 1019  261
  108  799  282  336  562  579  118  484  652  172  628  229  183  418  995
  491 1029  200 1097  497  552  952  719 1007  937  688  166   66  100  623
  308   23  303  711  381  926    7  584  594  314  413  110  674  902  360
  269   32  278  158  724 1083   87  273 1104  691  470  689  854  864  930
  882  879  146  461  622  790  638  217  987  727 1011  644  363   47  343
 1108  430  716  643  701 1093    3  853  659  873  920  296  106  978  890
  231  670  797  810  438  752  368 1004 1021  807  994 1085  560  289  573
  547 1080  524 1040  188  494  972  640  274  412  233  577  248  337  657
 1053  414  650  645  116  857  403  837   79  564  333  324  580  344  267
  376  921  955   25  889  750  223  855  590    9  490 1044  192  408  836
  422  456  244 1098 1069  867   51  530  740 1079  695  660  382  993  284
  406  875   96   99  791  869  975  666  272   60  603  493 1018  667  762
 1082  507  737 1048  671  189  707  365  374  102  863  445  101 1094  544
 1072  557  259  751  601  908  288  473  320  391  329  317   83 1099  253
  957 1005  828  407  433 1057  956  961  870  520  170  338  325 1071  424
  680  820  516  536   68  694  206 1106  559   17   71  831  819 1026  905
  754  699 1121  829   10  841   69  346  120 1137  276  499  290  880 1000
  856 1101  522  673  305  848  723  910  779  294   29  931  351   65  298
  313  195  293  618  197  104   92 1062  241  721  958   55 1010  669  111
  347  965  514  161  745  582  457  119  302  635  141  323  627   64  481
  774  842  402  249  178  572  588  124  785  212 1025  286  664  399  483
 1134  998  509  794  611   20  428  281  575 1096  495 1039  427  583  150
   41  135  773   48 1049  781 1131  335  297  477  256   74  655   40 1075
  597  945  847   53  683  112  698 1051  373  715  280  578  423  997 1020
  595  565  437  203  221  359  420  896  156 1105  254  714  663  616  444
   56  400  648  460  758  292  833 1077  543  291  720  631  651  625  914
  527  839   89  238  243  872 1095  728  712 1092  304  658  426  207  786
  974  789  925  757  639 1059  285  761  487  488 1022  901  934  405   46
  419  806  706  814  730  893  610  518  435 1125  140  348  385  783  607
  935  642  328  219  168  464  681  897  500  675  358   85    8  523  128
  765  361  823  571  710  840 1043  861  630 1091  275  157  362   15  563
  216  756  339  283  665  703  793 1056 1028  887  986 1050  801 1009  735
  122 1107  389   33  247  599 1089  311  175  605   59]
TRAININDEX=[ 813  885  918   76  160  923  109  637  466  181  725  941  989 1132  943
  353  246 1124 1055  982  262   18   91  226  988  764  154 1114  973 1066
  558  309  763  467  556  174  933  299  970  356 1122   72  496  796  357
  479  448  768  201   16  115 1119  432  319  913  782 1045  209  593  475
  795   75  743  702  327  312  245  553  436  167  800  417  177   45  519
   78  825  900  505   54 1102  677  354  542  818  802    0  512  672 1047
  480  788  383  903  554  940  612   11  159  915  232  812  341  968  222
  845  860  377  270  868  871  568  113  963  105  469  369  349  826  686
   80  375 1112  409   93  401  874  567  489  550  538  151  268  239  144
  472  191  886  916  287 1100  165  850  234  198  228 1103  202  225 1086
  173  224 1003 1074  996  759   73 1041  632  459   63   52  912  906 1017
  145 1024  350  830  834  888  591  227  492  877  546  331 1109  136  394
  148  501  264  387  218 1058  964  263  149  881  326  708   49  164  895
  685  858 1064  654  258  949  503  370   44  971  205  498  581  805  608
 1133  134  235  199  532  947  452  486  453   98 1002 1006 1034    1  521
  620 1118  696 1087  301  824  126  372   81  502  443  271 1136  240  257
  485  169  775  152  194  179  551 1073  411  548   28  143  184  410  991
  316  950  386  884 1012  260  739  318  576  541  549   13   57  966  451
  380  442  942  476  747  458  255  539  911  570 1081  980  540  907  776
  811  139  883  138 1076  366 1013  434  713  661  121  215  447  515 1090
  804  533  587 1031  598  771   70  371  894  589  717  938   39  525   12
  352   77   95  705   34  999 1129  927  977  844  266    2   88  722  929
  250  508  310 1023  704  378  755   50  596 1027  137  171 1052  528  647
  709  252  851  904  679  185  898  367  379 1030   84 1035  859  803 1060
 1046  959  463  429  415  832  182  990  504 1115  815 1126  962  131  295
   67  827  396  478  992]

# learned parameters for cdtw and gem
# dtw ((error, size, error/size), (window, sqr))
# gem ((error, size, error/size), (St0, St1, E, sym, sqr))
BESTLEARNCONSDTW=((79, 380, 0.20789473684210527), (0.12, True))
LISTLEARNCONSDTW=[((79, 380, 0.20789473684210527), (0.089999999999999997, True)), ((79, 380, 0.20789473684210527), (0.12, True)), ((79, 380, 0.20789473684210527), (0.13, True)), ((80, 380, 0.21052631578947367), (0.10000000000000001, True)), ((80, 380, 0.21052631578947367), (0.11, True)), ((80, 380, 0.21052631578947367), (0.14000000000000001, True)), ((80, 380, 0.21052631578947367), (0.14999999999999999, True)), ((80, 380, 0.21052631578947367), (0.17999999999999999, True)), ((81, 380, 0.2131578947368421), (0.080000000000000002, True)), ((81, 380, 0.2131578947368421), (0.16, True)), ((81, 380, 0.2131578947368421), (0.17000000000000001, True)), ((81, 380, 0.2131578947368421), (0.19, True)), ((82, 380, 0.21578947368421053), (0.20000000000000001, True)), ((85, 380, 0.22368421052631579), (0.070000000000000007, True)), ((89, 380, 0.23421052631578948), (0.059999999999999998, True)), ((90, 380, 0.23684210526315788), (0.050000000000000003, True)), ((93, 380, 0.24473684210526317), (0.040000000000000001, True)), ((96, 380, 0.25263157894736843), (0.01, True)), ((97, 380, 0.25526315789473686), (0.0, True)), ((97, 380, 0.25526315789473686), (0.029999999999999999, True)), ((100, 380, 0.26315789473684209), (0.02, True))]

BESTLEARNGEM=((91, 380, 0.23947368421052631), (1, 1, 0.0078125, True, True))
LISTLEARNGEM=[((91, 380, 0.23947368421052631), (1, 1, 0.00390625, True, True)), ((91, 380, 0.23947368421052631), (1, 1, 0.0078125, True, True)), ((91, 380, 0.23947368421052631), (1, 2, 0.00390625, True, True)), ((91, 380, 0.23947368421052631), (1, 2, 0.0078125, True, True)), ((91, 380, 0.23947368421052631), (2, 2, 0, True, True)), ((91, 380, 0.23947368421052631), (2, 2, 0.00390625, True, True)), ((91, 380, 0.23947368421052631), (2, 2, 0.0078125, True, True)), ((91, 380, 0.23947368421052631), (2, 2, 0.03125, True, True)), ((92, 380, 0.24210526315789474), (1, 1, 0, True, True)), ((92, 380, 0.24210526315789474), (1, 2, 0, True, True)), ((93, 380, 0.24473684210526317), (2, 2, 0.015625, True, True)), ((94, 380, 0.24736842105263157), (1, 1, 0.015625, True, True)), ((94, 380, 0.24736842105263157), (1, 2, 0.015625, True, True)), ((95, 380, 0.25), (2, 2, 0.0625, True, True)), ((99, 380, 0.26052631578947366), (1, 1, 0.03125, True, True)), ((99, 380, 0.26052631578947366), (1, 2, 0.03125, True, True)), ((100, 380, 0.26315789473684209), (2, 1, 0.00390625, True, True)), ((101, 380, 0.26578947368421052), (1, 1, 0.0625, True, True)), ((101, 380, 0.26578947368421052), (1, 2, 0.0625, True, True)), ((101, 380, 0.26578947368421052), (2, 1, 0.0078125, True, True)), ((101, 380, 0.26578947368421052), (2, 1, 0.015625, True, True)), ((104, 380, 0.27368421052631581), (2, 2, 0.25, True, True)), ((107, 380, 0.28157894736842104), (2, 1, 0, True, True)), ((109, 380, 0.2868421052631579), (2, 1, 0.03125, True, True)), ((110, 380, 0.28947368421052633), (2, 2, 0.125, True, True)), ((112, 380, 0.29473684210526313), (1, 1, 0.125, True, True)), ((112, 380, 0.29473684210526313), (1, 2, 0.125, True, True)), ((119, 380, 0.31315789473684208), (1, 1, 0.25, True, True)), ((119, 380, 0.31315789473684208), (1, 2, 0.25, True, True)), ((122, 380, 0.32105263157894737), (2, 1, 0.0625, True, True)), ((126, 380, 0.33157894736842103), (2, 1, 0.125, True, True)), ((128, 380, 0.33684210526315789), (1, 1, 0.5, True, True)), ((128, 380, 0.33684210526315789), (1, 2, 0.5, True, True)), ((140, 380, 0.36842105263157893), (2, 2, 0.5, True, True)), ((141, 380, 0.37105263157894736), (2, 1, 0.25, True, True)), ((155, 380, 0.40789473684210525), (2, 1, 0.5, True, True))]


# error rates for different distance measures
# (error, size, error/size) and binary mask
BESTLP=(221, 761, 0.29040735873850199)
LISTLP=[0, 0, 0, 1, 0, 1, 0, 1, 0, 0, 0, 0, 0, 0, 0, 0, 1, 0, 0, 1, 0, 0, 0, 0, 0, 0, 1, 0, 0, 1, 1, 1, 0, 0, 1, 1, 1, 0, 0, 0, 1, 0, 0, 0, 0, 0, 1, 1, 0, 0, 0, 0, 0, 0, 1, 0, 0, 0, 0, 0, 0, 1, 1, 1, 0, 0, 1, 0, 0, 1, 0, 1, 0, 0, 0, 0, 0, 0, 0, 0, 1, 0, 0, 0, 1, 0, 1, 0, 0, 1, 0, 0, 1, 0, 1, 0, 0, 0, 0, 0, 0, 0, 0, 0, 0, 0, 1, 1, 0, 0, 0, 0, 0, 0, 1, 0, 1, 0, 1, 1, 1, 0, 0, 0, 0, 0, 0, 0, 1, 1, 1, 1, 0, 0, 0, 0, 0, 0, 0, 1, 0, 1, 0, 0, 0, 0, 1, 1, 0, 0, 0, 0, 0, 0, 0, 1, 0, 1, 1, 0, 0, 0, 0, 0, 1, 0, 0, 0, 0, 0, 0, 0, 0, 0, 0, 0, 0, 0, 0, 1, 0, 1, 0, 0, 0, 0, 0, 1, 0, 0, 0, 0, 0, 1, 0, 0, 0, 0, 1, 0, 0, 0, 0, 1, 0, 1, 0, 1, 0, 1, 0, 1, 1, 0, 0, 1, 0, 0, 0, 0, 1, 0, 0, 0, 1, 0, 0, 0, 0, 0, 0, 1, 0, 1, 0, 0, 0, 0, 0, 0, 1, 0, 0, 0, 0, 0, 0, 0, 0, 0, 0, 0, 0, 0, 0, 0, 1, 0, 0, 0, 0, 0, 1, 0, 0, 0, 0, 0, 0, 0, 0, 0, 1, 0, 0, 0, 1, 0, 1, 0, 0, 0, 1, 0, 1, 0, 1, 0, 0, 1, 1, 0, 1, 1, 1, 0, 0, 0, 0, 0, 0, 0, 0, 0, 1, 0, 1, 0, 1, 0, 0, 0, 0, 0, 1, 1, 0, 0, 0, 1, 0, 1, 0, 0, 1, 0, 0, 0, 0, 1, 1, 1, 1, 0, 1, 1, 1, 1, 0, 1, 0, 1, 1, 0, 0, 1, 0, 0, 0, 1, 1, 1, 1, 0, 0, 0, 0, 0, 0, 1, 0, 1, 0, 0, 0, 0, 0, 1, 0, 0, 0, 0, 1, 0, 0, 0, 0, 1, 0, 0, 0, 0, 0, 1, 0, 0, 0, 0, 1, 0, 0, 0, 1, 0, 0, 1, 0, 1, 0, 0, 1, 0, 0, 1, 0, 0, 0, 1, 1, 1, 0, 1, 0, 0, 0, 0, 0, 1, 0, 1, 0, 0, 0, 0, 0, 1, 0, 0, 0, 0, 1, 1, 1, 0, 1, 0, 0, 0, 1, 1, 0, 0, 0, 1, 0, 1, 0, 0, 0, 0, 0, 0, 0, 0, 0, 1, 0, 0, 1, 0, 1, 1, 1, 0, 0, 1, 1, 0, 0, 0, 0, 0, 1, 0, 0, 0, 0, 1, 0, 1, 0, 0, 0, 1, 0, 0, 0, 0, 0, 0, 0, 0, 0, 0, 0, 0, 0, 0, 1, 1, 0, 0, 0, 0, 0, 0, 0, 0, 1, 1, 0, 1, 0, 0, 0, 1, 0, 0, 1, 0, 1, 1, 0, 0, 0, 1, 0, 0, 0, 1, 0, 0, 0, 0, 1, 0, 1, 0, 1, 1, 0, 0, 1, 0, 0, 0, 1, 0, 1, 1, 0, 1, 0, 1, 0, 1, 0, 0, 0, 0, 0, 0, 0, 1, 0, 0, 0, 1, 0, 0, 0, 0, 0, 0, 0, 0, 0, 1, 0, 1, 1, 0, 1, 1, 0, 1, 0, 0, 1, 0, 0, 0, 0, 0, 0, 0, 1, 0, 0, 0, 0, 0, 0, 1, 0, 0, 1, 1, 0, 0, 1, 0, 0, 0, 0, 0, 0, 1, 0, 1, 0, 1, 0, 0, 0, 1, 0, 0, 0, 0, 1, 0, 0, 0, 0, 1, 0, 1, 0, 1, 1, 0, 0, 1, 0, 0, 1, 0, 0, 0, 0, 1, 0, 0, 0, 1, 1, 0, 0, 0, 0, 0, 1, 0, 0, 0, 1, 0, 1, 0, 0, 0, 0, 0, 0, 1, 0, 0, 1, 0, 1, 0, 1, 0, 0, 1, 1, 0, 1, 1, 0, 0, 0, 1, 1, 1, 0, 1, 1, 0, 0, 1, 0, 0, 0, 0, 0, 1, 1, 0, 0, 1, 0, 0, 0, 1, 0, 0, 0, 0, 0, 0, 0, 1, 0, 1, 0, 1, 0, 0, 0, 0, 1, 1, 0, 0, 0, 0, 0, 1, 1, 0, 0, 0, 0, 0, 1, 1, 1, 0, 0, 0, 0, 0, 0, 0, 0, 0, 0, 0, 1]

BESTFULLDTW=(202, 761, 0.26544021024967146)
LISTFULLDTW=[0, 0, 0, 1, 0, 1, 1, 1, 1, 0, 0, 0, 0, 1, 0, 0, 0, 0, 1, 0, 0, 0, 0, 0, 0, 0, 1, 1, 0, 1, 1, 0, 0, 0, 1, 1, 0, 0, 0, 1, 1, 0, 0, 0, 0, 0, 1, 0, 0, 0, 0, 0, 0, 0, 0, 0, 0, 0, 0, 0, 0, 1, 1, 1, 0, 0, 1, 0, 0, 0, 0, 0, 0, 1, 0, 0, 0, 0, 0, 0, 1, 0, 0, 0, 1, 0, 0, 0, 0, 1, 0, 0, 0, 0, 0, 0, 0, 0, 0, 0, 0, 1, 0, 0, 0, 0, 1, 1, 0, 0, 0, 0, 0, 0, 0, 0, 0, 0, 0, 1, 1, 0, 0, 0, 0, 0, 0, 0, 1, 1, 1, 0, 0, 0, 0, 0, 0, 0, 1, 1, 0, 1, 0, 0, 0, 0, 0, 0, 0, 0, 0, 0, 0, 0, 0, 1, 0, 0, 1, 0, 0, 0, 0, 0, 0, 0, 0, 0, 0, 0, 0, 0, 0, 0, 0, 1, 0, 0, 0, 1, 0, 0, 0, 0, 0, 0, 1, 1, 0, 0, 1, 0, 0, 1, 0, 0, 0, 0, 0, 0, 0, 0, 0, 1, 1, 1, 0, 0, 0, 1, 0, 1, 1, 0, 0, 1, 0, 0, 0, 0, 1, 0, 0, 0, 1, 0, 0, 0, 0, 0, 0, 1, 1, 1, 0, 0, 0, 0, 0, 0, 1, 0, 0, 0, 1, 0, 0, 0, 0, 0, 0, 1, 1, 0, 1, 0, 1, 0, 0, 0, 0, 1, 1, 0, 0, 0, 1, 0, 0, 0, 0, 0, 1, 1, 1, 1, 0, 0, 0, 0, 0, 0, 1, 0, 1, 1, 1, 0, 0, 1, 1, 0, 1, 0, 0, 0, 0, 0, 0, 1, 0, 0, 0, 0, 0, 0, 0, 0, 1, 0, 0, 0, 0, 0, 1, 1, 0, 1, 1, 1, 0, 0, 0, 0, 1, 0, 0, 0, 1, 1, 0, 1, 1, 0, 1, 1, 1, 1, 0, 1, 0, 1, 0, 0, 0, 1, 0, 0, 0, 1, 1, 1, 1, 0, 0, 0, 0, 0, 0, 1, 0, 1, 0, 1, 0, 0, 0, 1, 0, 1, 0, 0, 1, 0, 0, 0, 0, 1, 0, 0, 0, 0, 1, 0, 0, 0, 0, 0, 1, 0, 1, 1, 1, 0, 0, 0, 0, 1, 0, 0, 0, 0, 0, 1, 0, 0, 1, 1, 1, 1, 0, 1, 0, 0, 0, 0, 0, 1, 0, 1, 0, 0, 0, 0, 0, 0, 0, 0, 0, 0, 0, 0, 0, 0, 1, 0, 0, 0, 1, 0, 0, 0, 1, 1, 0, 0, 0, 0, 0, 0, 0, 0, 0, 0, 0, 1, 0, 0, 0, 0, 1, 1, 0, 0, 0, 0, 0, 0, 0, 0, 0, 0, 0, 0, 0, 0, 0, 1, 0, 0, 0, 0, 0, 0, 0, 0, 0, 1, 1, 0, 0, 0, 0, 0, 0, 0, 1, 0, 1, 1, 0, 1, 1, 0, 0, 0, 0, 0, 1, 0, 0, 1, 0, 0, 0, 1, 0, 0, 0, 0, 1, 1, 0, 0, 0, 0, 0, 1, 0, 0, 0, 0, 0, 0, 1, 1, 1, 0, 1, 1, 0, 0, 1, 0, 0, 0, 0, 0, 1, 0, 0, 0, 0, 1, 0, 1, 0, 0, 1, 0, 0, 1, 0, 0, 0, 0, 0, 1, 0, 0, 0, 0, 0, 0, 0, 0, 0, 1, 0, 0, 1, 1, 1, 1, 0, 1, 0, 0, 1, 0, 0, 0, 0, 0, 0, 0, 1, 0, 0, 0, 0, 0, 0, 1, 0, 0, 0, 0, 0, 0, 0, 0, 0, 0, 0, 0, 0, 1, 0, 0, 0, 1, 0, 0, 0, 1, 0, 0, 0, 1, 0, 0, 0, 0, 0, 1, 0, 1, 0, 1, 1, 0, 0, 1, 1, 0, 0, 0, 0, 0, 1, 1, 0, 0, 0, 1, 1, 1, 0, 0, 0, 0, 1, 0, 0, 0, 1, 0, 1, 1, 0, 0, 0, 0, 0, 0, 0, 1, 0, 0, 0, 0, 0, 1, 0, 1, 1, 0, 1, 1, 0, 0, 0, 0, 1, 1, 1, 0, 0, 0, 0, 0, 0, 0, 0, 0, 0, 0, 0, 0, 0, 0, 0, 0, 0, 0, 0, 0, 0, 0, 1, 0, 0, 1, 0, 1, 0, 0, 0, 0, 1, 0, 1, 1, 0, 0, 0, 0, 0, 1, 1, 0, 0, 0, 0, 0, 1, 1, 1, 0, 0, 0, 1, 0, 0, 0, 0, 0, 0, 0, 1]

BESTCONSDTW=(185, 761, 0.24310118265440211)
LISTCONSDTW=[0, 0, 0, 1, 0, 1, 1, 1, 1, 0, 0, 0, 0, 1, 0, 0, 0, 0, 0, 0, 1, 0, 0, 0, 0, 0, 1, 0, 0, 1, 1, 0, 0, 0, 1, 1, 0, 0, 0, 1, 1, 0, 0, 0, 0, 0, 1, 0, 0, 0, 0, 0, 0, 0, 0, 0, 0, 0, 0, 0, 0, 1, 0, 1, 0, 0, 1, 0, 0, 0, 0, 0, 0, 1, 0, 0, 0, 0, 0, 0, 1, 0, 0, 0, 1, 0, 0, 0, 0, 1, 0, 0, 0, 0, 0, 0, 0, 0, 0, 0, 0, 1, 0, 0, 0, 0, 0, 1, 0, 0, 0, 0, 0, 0, 1, 0, 0, 0, 0, 1, 1, 0, 0, 0, 0, 0, 0, 0, 1, 1, 0, 0, 0, 0, 0, 0, 0, 0, 1, 1, 0, 1, 0, 0, 0, 0, 0, 0, 0, 0, 0, 0, 0, 0, 0, 1, 0, 1, 0, 0, 0, 0, 0, 0, 0, 0, 0, 0, 0, 0, 0, 0, 0, 0, 0, 1, 0, 0, 0, 1, 0, 0, 0, 0, 0, 0, 1, 1, 0, 0, 0, 0, 0, 1, 0, 0, 0, 0, 0, 0, 0, 0, 0, 1, 1, 1, 0, 0, 0, 1, 0, 1, 1, 0, 0, 1, 0, 0, 0, 0, 1, 0, 0, 1, 1, 0, 0, 0, 0, 0, 0, 1, 1, 1, 0, 0, 0, 0, 0, 0, 1, 0, 0, 0, 1, 0, 0, 0, 0, 0, 0, 1, 1, 0, 1, 0, 1, 0, 0, 0, 0, 0, 1, 0, 0, 0, 1, 0, 0, 0, 0, 0, 1, 1, 1, 1, 0, 0, 0, 0, 0, 0, 1, 0, 1, 0, 1, 0, 0, 1, 0, 0, 1, 0, 1, 0, 0, 0, 0, 0, 0, 0, 0, 0, 0, 0, 0, 0, 1, 0, 0, 0, 0, 0, 0, 1, 0, 1, 0, 1, 0, 0, 0, 0, 1, 0, 0, 0, 1, 1, 0, 1, 1, 0, 1, 1, 1, 1, 0, 1, 0, 1, 0, 0, 0, 1, 0, 0, 0, 1, 1, 1, 1, 0, 0, 0, 0, 0, 0, 1, 0, 1, 0, 1, 0, 0, 0, 1, 0, 1, 0, 0, 1, 0, 0, 0, 0, 1, 0, 0, 0, 0, 0, 0, 0, 0, 0, 0, 1, 0, 0, 0, 1, 0, 0, 0, 0, 1, 0, 0, 0, 0, 0, 1, 0, 0, 1, 1, 1, 1, 0, 1, 0, 0, 0, 0, 0, 1, 0, 0, 0, 0, 0, 0, 0, 1, 0, 0, 0, 0, 0, 0, 0, 0, 1, 0, 0, 0, 1, 0, 0, 0, 0, 1, 0, 0, 0, 0, 0, 0, 0, 0, 0, 0, 0, 1, 0, 0, 0, 0, 1, 1, 0, 0, 0, 0, 0, 0, 0, 0, 0, 0, 1, 1, 0, 0, 0, 1, 0, 0, 0, 0, 0, 0, 0, 0, 0, 0, 1, 0, 0, 0, 0, 0, 0, 0, 1, 0, 1, 1, 0, 1, 1, 0, 0, 0, 0, 0, 1, 0, 0, 1, 0, 0, 0, 1, 0, 0, 0, 0, 1, 0, 0, 0, 0, 0, 0, 1, 0, 0, 0, 0, 0, 0, 1, 0, 1, 0, 1, 1, 0, 0, 1, 0, 0, 0, 0, 0, 1, 0, 0, 1, 0, 1, 0, 1, 0, 0, 1, 0, 0, 1, 0, 0, 0, 0, 0, 1, 0, 0, 0, 0, 0, 0, 0, 0, 0, 1, 0, 0, 1, 0, 1, 1, 0, 1, 0, 0, 1, 0, 0, 0, 0, 0, 0, 0, 1, 0, 0, 0, 0, 0, 0, 1, 0, 0, 0, 0, 0, 0, 0, 0, 0, 0, 0, 0, 0, 1, 0, 0, 0, 1, 0, 0, 0, 1, 0, 0, 0, 1, 0, 0, 0, 0, 0, 1, 0, 1, 0, 1, 0, 0, 0, 1, 1, 0, 0, 0, 0, 0, 1, 1, 0, 0, 0, 1, 1, 0, 0, 0, 0, 0, 0, 0, 0, 0, 0, 0, 0, 1, 0, 0, 0, 0, 0, 0, 0, 1, 0, 0, 0, 0, 0, 1, 0, 1, 1, 0, 1, 1, 0, 0, 0, 0, 1, 1, 1, 0, 1, 0, 0, 0, 0, 0, 0, 0, 0, 0, 0, 0, 0, 0, 0, 0, 0, 0, 0, 0, 0, 0, 1, 0, 0, 1, 0, 1, 0, 0, 0, 0, 1, 0, 1, 1, 0, 0, 0, 0, 0, 1, 1, 0, 0, 0, 0, 0, 1, 1, 1, 0, 0, 0, 1, 0, 0, 0, 0, 0, 0, 0, 1]

BESTGEM=(207, 761, 0.27201051248357422)
LISTGEM=[0, 1, 0, 1, 1, 1, 0, 1, 0, 0, 0, 0, 0, 0, 0, 0, 0, 0, 0, 1, 0, 0, 0, 0, 0, 0, 1, 0, 0, 1, 1, 0, 0, 0, 1, 1, 1, 0, 0, 0, 1, 0, 0, 1, 0, 0, 1, 0, 0, 0, 0, 0, 0, 0, 0, 0, 0, 0, 0, 0, 0, 1, 1, 0, 0, 0, 1, 0, 0, 0, 0, 1, 0, 0, 0, 0, 0, 1, 0, 0, 1, 0, 0, 0, 1, 0, 0, 0, 0, 1, 0, 0, 0, 0, 0, 0, 0, 0, 0, 0, 0, 0, 0, 0, 0, 0, 1, 1, 0, 0, 0, 0, 0, 0, 1, 0, 1, 0, 1, 1, 1, 0, 0, 0, 0, 0, 0, 0, 1, 1, 1, 0, 0, 0, 0, 0, 0, 1, 1, 0, 0, 1, 1, 0, 0, 0, 1, 0, 0, 0, 0, 0, 0, 0, 0, 1, 0, 0, 1, 0, 0, 0, 0, 0, 0, 0, 0, 0, 0, 0, 0, 0, 0, 0, 0, 1, 0, 0, 0, 1, 0, 0, 0, 0, 1, 0, 0, 0, 0, 0, 0, 0, 0, 1, 0, 0, 0, 0, 1, 0, 0, 1, 0, 0, 1, 1, 0, 1, 0, 1, 0, 1, 1, 0, 0, 1, 0, 0, 0, 0, 1, 0, 0, 0, 1, 0, 0, 0, 0, 0, 0, 1, 0, 1, 0, 0, 0, 0, 0, 0, 1, 0, 0, 0, 1, 0, 0, 0, 0, 0, 0, 1, 1, 0, 1, 0, 1, 0, 0, 0, 0, 0, 1, 0, 0, 0, 1, 0, 0, 0, 0, 0, 0, 1, 1, 0, 1, 0, 1, 0, 0, 0, 1, 0, 1, 0, 1, 0, 0, 1, 1, 0, 1, 1, 1, 0, 0, 0, 0, 0, 0, 0, 0, 0, 1, 0, 1, 0, 1, 0, 0, 0, 0, 0, 1, 1, 0, 0, 0, 1, 0, 0, 0, 0, 1, 0, 0, 0, 0, 1, 1, 1, 1, 0, 1, 1, 1, 1, 0, 1, 0, 1, 0, 0, 0, 1, 0, 0, 0, 1, 0, 1, 1, 0, 0, 0, 0, 0, 0, 1, 0, 0, 0, 1, 0, 0, 0, 0, 0, 0, 0, 0, 1, 0, 0, 0, 0, 0, 0, 0, 0, 0, 0, 0, 0, 0, 0, 0, 1, 0, 0, 0, 1, 0, 0, 1, 0, 1, 0, 0, 1, 0, 0, 1, 0, 0, 0, 0, 1, 1, 0, 1, 0, 0, 0, 0, 0, 1, 0, 1, 0, 1, 0, 0, 0, 0, 0, 0, 0, 0, 1, 1, 0, 0, 1, 0, 0, 0, 0, 0, 0, 0, 1, 1, 0, 0, 0, 0, 0, 0, 0, 0, 0, 0, 0, 1, 0, 0, 1, 0, 1, 1, 1, 0, 0, 1, 0, 0, 0, 0, 0, 0, 1, 1, 0, 0, 0, 1, 0, 0, 0, 0, 0, 1, 0, 0, 0, 0, 0, 0, 0, 0, 0, 0, 0, 0, 0, 0, 1, 0, 0, 1, 1, 0, 0, 0, 0, 0, 1, 1, 0, 0, 0, 0, 0, 1, 0, 0, 1, 0, 0, 1, 0, 0, 1, 1, 0, 1, 0, 0, 0, 0, 0, 0, 1, 0, 1, 0, 1, 1, 0, 0, 1, 0, 0, 0, 0, 0, 1, 0, 0, 1, 0, 1, 0, 1, 0, 0, 0, 0, 0, 0, 1, 1, 0, 0, 0, 1, 0, 0, 0, 0, 0, 1, 0, 0, 0, 1, 0, 0, 1, 0, 1, 1, 0, 1, 0, 0, 1, 0, 0, 0, 0, 0, 1, 0, 1, 0, 0, 1, 0, 0, 0, 1, 0, 0, 0, 0, 0, 0, 0, 0, 0, 0, 0, 0, 0, 1, 0, 1, 0, 1, 0, 0, 0, 0, 0, 0, 0, 0, 0, 0, 0, 0, 0, 0, 0, 1, 0, 1, 1, 0, 0, 0, 0, 0, 1, 0, 0, 1, 0, 1, 0, 0, 1, 1, 1, 0, 1, 1, 0, 0, 1, 0, 1, 0, 1, 0, 0, 0, 0, 0, 0, 0, 0, 0, 0, 1, 0, 0, 1, 0, 0, 1, 0, 1, 1, 0, 1, 1, 0, 0, 0, 0, 1, 1, 0, 1, 1, 0, 0, 1, 0, 1, 0, 0, 0, 0, 0, 0, 0, 0, 0, 0, 0, 1, 0, 0, 0, 0, 0, 0, 0, 1, 0, 0, 0, 1, 0, 0, 1, 0, 1, 1, 0, 0, 1, 0, 0, 1, 1, 0, 0, 0, 0, 0, 1, 1, 1, 0, 0, 1, 1, 0, 0, 0, 0, 0, 0, 0, 1]

