# shuffled stratified split (indices referring to UCR database)
TESTINDEX=[ 6 14 46  9 34 11 50 13 57 41  3 54 31 51 25  8 23 56 20 43 58 37 18 33 32
 48 15 40 47]
TRAININDEX=[52 29 39 26 28 45  0 21 36  1  5  7 27 10 44 38 35 30  4 12  2 24 55 19 16
 53 17 22 49]

# learned parameters for cdtw and gem
# dtw ((error, size, error/size), (window, sqr))
# gem ((error, size, error/size), (St0, St1, E, sym, sqr))
BESTLEARNCONSDTW=((5, 29, 0.1724137931034483), (0.02, True))
LISTLEARNCONSDTW=[((5, 29, 0.1724137931034483), (0.02, True)), ((6, 29, 0.20689655172413793), (0.01, True)), ((6, 29, 0.20689655172413793), (0.029999999999999999, True)), ((6, 29, 0.20689655172413793), (0.040000000000000001, True)), ((6, 29, 0.20689655172413793), (0.050000000000000003, True)), ((6, 29, 0.20689655172413793), (0.059999999999999998, True)), ((6, 29, 0.20689655172413793), (0.070000000000000007, True)), ((6, 29, 0.20689655172413793), (0.080000000000000002, True)), ((6, 29, 0.20689655172413793), (0.089999999999999997, True)), ((6, 29, 0.20689655172413793), (0.10000000000000001, True)), ((6, 29, 0.20689655172413793), (0.11, True)), ((6, 29, 0.20689655172413793), (0.12, True)), ((6, 29, 0.20689655172413793), (0.13, True)), ((6, 29, 0.20689655172413793), (0.14000000000000001, True)), ((6, 29, 0.20689655172413793), (0.14999999999999999, True)), ((6, 29, 0.20689655172413793), (0.16, True)), ((6, 29, 0.20689655172413793), (0.17000000000000001, True)), ((6, 29, 0.20689655172413793), (0.17999999999999999, True)), ((6, 29, 0.20689655172413793), (0.19, True)), ((6, 29, 0.20689655172413793), (0.20000000000000001, True)), ((7, 29, 0.2413793103448276), (0.0, True))]

BESTLEARNGEM=((2, 29, 0.06896551724137931), (2, 2, 0, True, True))
LISTLEARNGEM=[((2, 29, 0.06896551724137931), (2, 2, 0, True, True)), ((3, 29, 0.10344827586206896), (2, 2, 0.00390625, True, True)), ((3, 29, 0.10344827586206896), (2, 2, 0.0078125, True, True)), ((4, 29, 0.13793103448275862), (1, 1, 0, True, True)), ((4, 29, 0.13793103448275862), (1, 1, 0.03125, True, True)), ((4, 29, 0.13793103448275862), (1, 1, 0.0625, True, True)), ((4, 29, 0.13793103448275862), (1, 1, 0.125, True, True)), ((4, 29, 0.13793103448275862), (1, 2, 0, True, True)), ((4, 29, 0.13793103448275862), (1, 2, 0.03125, True, True)), ((4, 29, 0.13793103448275862), (1, 2, 0.0625, True, True)), ((4, 29, 0.13793103448275862), (1, 2, 0.125, True, True)), ((4, 29, 0.13793103448275862), (2, 1, 0.03125, True, True)), ((4, 29, 0.13793103448275862), (2, 1, 0.0625, True, True)), ((4, 29, 0.13793103448275862), (2, 1, 0.125, True, True)), ((4, 29, 0.13793103448275862), (2, 2, 0.125, True, True)), ((5, 29, 0.1724137931034483), (1, 1, 0.00390625, True, True)), ((5, 29, 0.1724137931034483), (1, 1, 0.0078125, True, True)), ((5, 29, 0.1724137931034483), (1, 1, 0.015625, True, True)), ((5, 29, 0.1724137931034483), (1, 1, 0.25, True, True)), ((5, 29, 0.1724137931034483), (1, 2, 0.00390625, True, True)), ((5, 29, 0.1724137931034483), (1, 2, 0.0078125, True, True)), ((5, 29, 0.1724137931034483), (1, 2, 0.015625, True, True)), ((5, 29, 0.1724137931034483), (1, 2, 0.25, True, True)), ((5, 29, 0.1724137931034483), (2, 1, 0, True, True)), ((5, 29, 0.1724137931034483), (2, 1, 0.00390625, True, True)), ((5, 29, 0.1724137931034483), (2, 1, 0.0078125, True, True)), ((5, 29, 0.1724137931034483), (2, 1, 0.015625, True, True)), ((5, 29, 0.1724137931034483), (2, 1, 0.25, True, True)), ((5, 29, 0.1724137931034483), (2, 2, 0.015625, True, True)), ((5, 29, 0.1724137931034483), (2, 2, 0.03125, True, True)), ((5, 29, 0.1724137931034483), (2, 2, 0.0625, True, True)), ((5, 29, 0.1724137931034483), (2, 2, 0.25, True, True)), ((8, 29, 0.27586206896551724), (1, 1, 0.5, True, True)), ((8, 29, 0.27586206896551724), (1, 2, 0.5, True, True)), ((8, 29, 0.27586206896551724), (2, 1, 0.5, True, True)), ((8, 29, 0.27586206896551724), (2, 2, 0.5, True, True))]


# error rates for different distance measures
# (error, size, error/size) and binary mask
BESTLP=(3, 29, 0.10344827586206896)
LISTLP=[0, 1, 0, 0, 0, 1, 0, 0, 0, 0, 0, 0, 0, 0, 0, 0, 0, 0, 0, 0, 0, 0, 0, 0, 0, 0, 0, 0, 1]

BESTFULLDTW=(3, 29, 0.10344827586206896)
LISTFULLDTW=[0, 1, 0, 0, 0, 1, 0, 0, 0, 0, 0, 0, 0, 0, 0, 0, 0, 0, 0, 0, 0, 0, 0, 0, 0, 0, 0, 0, 1]

BESTCONSDTW=(3, 29, 0.10344827586206896)
LISTCONSDTW=[0, 1, 0, 0, 0, 1, 0, 0, 0, 0, 0, 0, 0, 0, 0, 0, 0, 0, 0, 0, 0, 0, 0, 0, 0, 0, 0, 0, 1]

BESTGEM=(2, 29, 0.06896551724137931)
LISTGEM=[0, 1, 0, 0, 0, 0, 0, 0, 0, 0, 0, 0, 0, 0, 0, 0, 0, 0, 0, 0, 0, 0, 0, 0, 0, 0, 0, 0, 1]

