# shuffled stratified split (indices referring to UCR database)
TESTINDEX=[54 27 48  9 41  4 32 12 50 16 56 33 20 11 28 53 36  2 38 26 30 37 21 25 45
 47  1 18 13 44]
TRAININDEX=[15 23 14 40 24 10 19 49 59  3 46 55 58 52  0  5 22 51  7 35  6 34 39 57 17
 42 29 31  8 43]

# learned parameters for cdtw and gem
# dtw ((error, size, error/size), (window, sqr))
# gem ((error, size, error/size), (St0, St1, E, sym, sqr))
BESTLEARNCONSDTW=((18, 30, 0.6), (0.01, True))
LISTLEARNCONSDTW=[((18, 30, 0.6), (0.01, True)), ((20, 30, 0.6666666666666666), (0.02, True)), ((20, 30, 0.6666666666666666), (0.029999999999999999, True)), ((20, 30, 0.6666666666666666), (0.040000000000000001, True)), ((20, 30, 0.6666666666666666), (0.11, True)), ((20, 30, 0.6666666666666666), (0.12, True)), ((20, 30, 0.6666666666666666), (0.13, True)), ((20, 30, 0.6666666666666666), (0.14000000000000001, True)), ((20, 30, 0.6666666666666666), (0.14999999999999999, True)), ((20, 30, 0.6666666666666666), (0.16, True)), ((21, 30, 0.7), (0.0, True)), ((21, 30, 0.7), (0.050000000000000003, True)), ((21, 30, 0.7), (0.059999999999999998, True)), ((21, 30, 0.7), (0.070000000000000007, True)), ((21, 30, 0.7), (0.080000000000000002, True)), ((21, 30, 0.7), (0.089999999999999997, True)), ((21, 30, 0.7), (0.10000000000000001, True)), ((21, 30, 0.7), (0.17000000000000001, True)), ((21, 30, 0.7), (0.17999999999999999, True)), ((21, 30, 0.7), (0.19, True)), ((21, 30, 0.7), (0.20000000000000001, True))]

BESTLEARNGEM=((14, 30, 0.4666666666666667), (1, 2, 0.5, True, True))
LISTLEARNGEM=[((14, 30, 0.4666666666666667), (1, 1, 0.5, True, True)), ((14, 30, 0.4666666666666667), (1, 2, 0.5, True, True)), ((15, 30, 0.5), (1, 1, 0, True, True)), ((15, 30, 0.5), (1, 2, 0, True, True)), ((15, 30, 0.5), (2, 1, 0.5, True, True)), ((16, 30, 0.5333333333333333), (1, 1, 0.0625, True, True)), ((16, 30, 0.5333333333333333), (1, 1, 0.125, True, True)), ((16, 30, 0.5333333333333333), (1, 1, 0.25, True, True)), ((16, 30, 0.5333333333333333), (1, 2, 0.0625, True, True)), ((16, 30, 0.5333333333333333), (1, 2, 0.125, True, True)), ((16, 30, 0.5333333333333333), (1, 2, 0.25, True, True)), ((16, 30, 0.5333333333333333), (2, 1, 0, True, True)), ((16, 30, 0.5333333333333333), (2, 1, 0.125, True, True)), ((16, 30, 0.5333333333333333), (2, 2, 0.0625, True, True)), ((16, 30, 0.5333333333333333), (2, 2, 0.125, True, True)), ((16, 30, 0.5333333333333333), (2, 2, 0.25, True, True)), ((16, 30, 0.5333333333333333), (2, 2, 0.5, True, True)), ((17, 30, 0.5666666666666667), (1, 1, 0.00390625, True, True)), ((17, 30, 0.5666666666666667), (1, 1, 0.0078125, True, True)), ((17, 30, 0.5666666666666667), (1, 1, 0.015625, True, True)), ((17, 30, 0.5666666666666667), (1, 1, 0.03125, True, True)), ((17, 30, 0.5666666666666667), (1, 2, 0.00390625, True, True)), ((17, 30, 0.5666666666666667), (1, 2, 0.0078125, True, True)), ((17, 30, 0.5666666666666667), (1, 2, 0.015625, True, True)), ((17, 30, 0.5666666666666667), (1, 2, 0.03125, True, True)), ((17, 30, 0.5666666666666667), (2, 1, 0.00390625, True, True)), ((17, 30, 0.5666666666666667), (2, 1, 0.0078125, True, True)), ((17, 30, 0.5666666666666667), (2, 1, 0.0625, True, True)), ((17, 30, 0.5666666666666667), (2, 1, 0.25, True, True)), ((17, 30, 0.5666666666666667), (2, 2, 0, True, True)), ((17, 30, 0.5666666666666667), (2, 2, 0.00390625, True, True)), ((17, 30, 0.5666666666666667), (2, 2, 0.0078125, True, True)), ((17, 30, 0.5666666666666667), (2, 2, 0.015625, True, True)), ((18, 30, 0.6), (2, 1, 0.015625, True, True)), ((18, 30, 0.6), (2, 1, 0.03125, True, True)), ((18, 30, 0.6), (2, 2, 0.03125, True, True))]


# error rates for different distance measures
# (error, size, error/size) and binary mask
BESTLP=(12, 30, 0.4)
LISTLP=[1, 1, 0, 1, 1, 0, 0, 0, 1, 0, 1, 0, 1, 0, 1, 0, 0, 0, 1, 0, 0, 0, 0, 1, 0, 0, 0, 1, 1, 0]

BESTFULLDTW=(13, 30, 0.43333333333333335)
LISTFULLDTW=[1, 1, 0, 1, 1, 0, 0, 0, 1, 0, 1, 0, 1, 0, 1, 0, 0, 0, 1, 0, 0, 0, 0, 1, 1, 0, 0, 1, 1, 0]

BESTCONSDTW=(12, 30, 0.4)
LISTCONSDTW=[1, 1, 0, 1, 1, 0, 0, 0, 1, 0, 1, 0, 1, 0, 1, 0, 0, 0, 1, 0, 0, 0, 0, 1, 0, 0, 0, 1, 1, 0]

BESTGEM=(14, 30, 0.4666666666666667)
LISTGEM=[1, 1, 1, 1, 1, 0, 0, 0, 0, 1, 1, 0, 1, 0, 0, 0, 0, 0, 1, 0, 0, 0, 1, 1, 0, 0, 0, 1, 1, 1]

