# shuffled stratified split (indices referring to UCR database)
TESTINDEX=[ 48  38  86  30 160 220 167 138 322 137 178 235 283  73  81  76  15 151
 150 413 234 238 184 391 173 428  62 356  16 321 248  44 152 237 191 405
 423  63  91 344 228 400  28 206 232  26 276 404 407 114 198  10  65 197
 169 359 260 297 254 324 155 252  99 261  87 354 414 352 278 204   8  85
 132 409 290 412 302 287 185 128 292 317 209  84 109  40 263 176 106 386
  29 230 134 295 249 318 226 268 264 363 208 243 221 192 116 419 345 223
 375 153  57 360 105 224 293 388 159 133   1 188 280 164 313 124 431  59
  52 310 410 231 380  13 429 212  17 389 102 382 398 376 162  61  89 427
 346 251 139  46 146 415 200 275 285 130 342 225  12 213 156  58 307 401
 418  74  24  75 222 383 397 316 331 426 374 244 417 420  97 163 343  41
 298 165 439 180  31 227 434  69 258 424 157 286 255 266 329 373 435  56
 390 144 196 315 381 148  79 366  55 241 327 149 107 378 377 265 216 195
  51 279 367 118 215 384 187 440 210 393 304 175 348 145 422 177 217   7
 168  23 351 171  94  70  45 338]
TRAININDEX=[122 121 259  36 205 236 358 364 368 214  90 193 403  88 300 284 357 257
 189 291 143 436  39 247 136   2  20  83 416 115 110 406 314 245   9  64
 362 239 267 119 335 330 147 303 289  92 341 253 355 309 340 240  22 211
  47 294   0 433 396 328  72  43 365 203 320 369 111  67 430 277  27 113
  37 334  34 246  35 306 301  96 219 282 202 425  33 408 394 269 194 350
 438  68   4 182  19   5 103  77 179 372 199 370  21 336 288  98 256 181
 135 186  78 140 262  95 402 333 112 131 441   6 207 233  66  25 325 190
  60 395 379  11 353 229 129 274 120 296  32  49  18 371 158  93 326 337
 319 250 349 332 125 271  53 174  71 270 166 142  42 100 421 305 311 242
  54  80 437 339 432 123 201 308 101 399 154 183 108 126 161  50 117 361
 411  82 385 170 104 347 299 392 281 172  14 127 323 272   3 312 218 387
 273 141]

# learned parameters for cdtw and gem
# dtw ((error, size, error/size), (window, sqr))
# gem ((error, size, error/size), (St0, St1, E, sym, sqr))
BESTLEARNCONSDTW=((67, 200, 0.33500000000000002), (0.050000000000000003, True))
LISTLEARNCONSDTW=[((67, 200, 0.33500000000000002), (0.050000000000000003, True)), ((69, 200, 0.34499999999999997), (0.040000000000000001, True)), ((73, 200, 0.36499999999999999), (0.059999999999999998, True)), ((73, 200, 0.36499999999999999), (0.070000000000000007, True)), ((73, 200, 0.36499999999999999), (0.13, True)), ((74, 200, 0.37), (0.089999999999999997, True)), ((74, 200, 0.37), (0.11, True)), ((74, 200, 0.37), (0.12, True)), ((75, 200, 0.375), (0.01, True)), ((75, 200, 0.375), (0.080000000000000002, True)), ((75, 200, 0.375), (0.14000000000000001, True)), ((76, 200, 0.38), (0.02, True)), ((77, 200, 0.38500000000000001), (0.029999999999999999, True)), ((77, 200, 0.38500000000000001), (0.10000000000000001, True)), ((77, 200, 0.38500000000000001), (0.14999999999999999, True)), ((78, 200, 0.39000000000000001), (0.19, True)), ((78, 200, 0.39000000000000001), (0.20000000000000001, True)), ((79, 200, 0.39500000000000002), (0.16, True)), ((79, 200, 0.39500000000000002), (0.17000000000000001, True)), ((79, 200, 0.39500000000000002), (0.17999999999999999, True)), ((80, 200, 0.40000000000000002), (0.0, True))]

BESTLEARNGEM=((43, 200, 0.215), (2, 2, 0.5, True, True))
LISTLEARNGEM=[((43, 200, 0.215), (2, 2, 0.5, True, True)), ((49, 200, 0.245), (2, 2, 0.25, True, True)), ((50, 200, 0.25), (2, 2, 0.125, True, True)), ((55, 200, 0.27500000000000002), (2, 2, 0.0625, True, True)), ((60, 200, 0.29999999999999999), (2, 2, 0, True, True)), ((62, 200, 0.31), (2, 2, 0.03125, True, True)), ((67, 200, 0.33500000000000002), (2, 2, 0.015625, True, True)), ((68, 200, 0.34000000000000002), (2, 1, 0.125, True, True)), ((69, 200, 0.34499999999999997), (2, 2, 0.00390625, True, True)), ((70, 200, 0.34999999999999998), (2, 1, 0.5, True, True)), ((70, 200, 0.34999999999999998), (2, 2, 0.0078125, True, True)), ((73, 200, 0.36499999999999999), (2, 1, 0.25, True, True)), ((76, 200, 0.38), (1, 1, 0.0078125, True, True)), ((76, 200, 0.38), (1, 1, 0.015625, True, True)), ((76, 200, 0.38), (1, 2, 0.0078125, True, True)), ((76, 200, 0.38), (1, 2, 0.015625, True, True)), ((77, 200, 0.38500000000000001), (1, 1, 0.00390625, True, True)), ((77, 200, 0.38500000000000001), (1, 2, 0.00390625, True, True)), ((77, 200, 0.38500000000000001), (2, 1, 0.0625, True, True)), ((84, 200, 0.41999999999999998), (1, 1, 0, True, True)), ((84, 200, 0.41999999999999998), (1, 1, 0.03125, True, True)), ((84, 200, 0.41999999999999998), (1, 2, 0, True, True)), ((84, 200, 0.41999999999999998), (1, 2, 0.03125, True, True)), ((85, 200, 0.42499999999999999), (2, 1, 0.03125, True, True)), ((94, 200, 0.46999999999999997), (1, 1, 0.0625, True, True)), ((94, 200, 0.46999999999999997), (1, 2, 0.0625, True, True)), ((97, 200, 0.48499999999999999), (2, 1, 0.015625, True, True)), ((101, 200, 0.505), (2, 1, 0.0078125, True, True)), ((104, 200, 0.52000000000000002), (1, 1, 0.125, True, True)), ((104, 200, 0.52000000000000002), (1, 2, 0.125, True, True)), ((105, 200, 0.52500000000000002), (2, 1, 0.00390625, True, True)), ((110, 200, 0.55000000000000004), (1, 1, 0.25, True, True)), ((110, 200, 0.55000000000000004), (1, 2, 0.25, True, True)), ((113, 200, 0.56499999999999995), (1, 1, 0.5, True, True)), ((113, 200, 0.56499999999999995), (1, 2, 0.5, True, True)), ((114, 200, 0.56999999999999995), (2, 1, 0, True, True))]


# error rates for different distance measures
# (error, size, error/size) and binary mask
BESTLP=(108, 242, 0.4462809917355372)
LISTLP=[1, 0, 0, 1, 1, 0, 1, 1, 0, 0, 1, 0, 1, 1, 0, 1, 1, 0, 1, 1, 1, 0, 0, 0, 0, 0, 0, 0, 0, 0, 0, 0, 0, 1, 1, 0, 0, 0, 1, 1, 1, 0, 0, 0, 1, 1, 1, 0, 0, 1, 1, 0, 1, 0, 0, 1, 0, 0, 0, 0, 1, 0, 0, 1, 1, 0, 1, 0, 1, 1, 1, 1, 1, 1, 0, 0, 0, 0, 1, 0, 1, 1, 0, 1, 0, 0, 0, 0, 0, 1, 1, 1, 0, 1, 0, 1, 0, 1, 0, 0, 1, 0, 0, 0, 0, 0, 0, 0, 0, 1, 0, 1, 1, 0, 1, 0, 1, 0, 0, 0, 0, 1, 0, 0, 0, 0, 0, 1, 0, 0, 0, 0, 1, 0, 1, 1, 0, 1, 1, 0, 0, 1, 1, 1, 0, 0, 1, 1, 0, 1, 0, 0, 1, 1, 0, 1, 0, 1, 0, 0, 0, 1, 1, 0, 0, 1, 1, 0, 0, 0, 1, 1, 0, 1, 0, 0, 1, 1, 0, 0, 1, 0, 0, 1, 1, 1, 1, 1, 1, 1, 0, 0, 1, 0, 0, 0, 1, 0, 0, 1, 1, 1, 0, 1, 0, 1, 0, 0, 1, 1, 1, 0, 1, 1, 1, 0, 0, 0, 0, 1, 0, 1, 0, 1, 0, 0, 0, 0, 0, 0, 1, 0, 0, 1, 1, 0, 1, 1, 1, 0, 1, 0]

BESTFULLDTW=(83, 242, 0.34297520661157027)
LISTFULLDTW=[0, 0, 0, 1, 0, 0, 0, 1, 0, 0, 1, 0, 1, 1, 0, 1, 1, 0, 0, 1, 1, 1, 1, 0, 1, 0, 1, 1, 0, 0, 0, 1, 1, 0, 0, 0, 1, 0, 1, 0, 0, 0, 0, 0, 1, 0, 0, 0, 0, 0, 1, 0, 0, 0, 0, 1, 0, 1, 1, 0, 1, 0, 0, 1, 0, 0, 0, 1, 0, 0, 1, 0, 1, 0, 1, 0, 0, 0, 0, 0, 0, 1, 1, 1, 0, 0, 0, 1, 0, 1, 0, 0, 0, 1, 1, 0, 0, 0, 0, 0, 0, 0, 0, 0, 0, 1, 0, 0, 0, 0, 0, 1, 1, 0, 0, 0, 0, 1, 0, 0, 0, 0, 0, 1, 0, 0, 0, 1, 0, 0, 0, 0, 0, 1, 1, 0, 0, 1, 0, 1, 1, 0, 0, 0, 1, 0, 1, 0, 0, 0, 0, 0, 1, 0, 0, 1, 0, 1, 0, 1, 0, 1, 1, 0, 1, 1, 0, 0, 0, 0, 1, 1, 0, 0, 0, 1, 0, 1, 0, 0, 1, 0, 0, 1, 1, 1, 1, 1, 1, 1, 0, 0, 0, 1, 0, 0, 0, 1, 0, 1, 0, 1, 0, 0, 0, 1, 0, 0, 1, 1, 0, 0, 0, 0, 0, 0, 0, 0, 0, 1, 0, 0, 0, 1, 0, 1, 0, 0, 0, 0, 0, 1, 0, 0, 1, 1, 0, 0, 0, 0, 1, 0]

BESTCONSDTW=(80, 242, 0.33057851239669422)
LISTCONSDTW=[0, 0, 0, 1, 0, 0, 0, 1, 0, 0, 0, 0, 1, 1, 0, 1, 1, 0, 0, 1, 1, 1, 1, 0, 1, 0, 0, 1, 0, 0, 0, 1, 1, 0, 0, 0, 0, 0, 0, 0, 0, 0, 0, 0, 1, 0, 1, 0, 0, 1, 1, 0, 1, 0, 0, 1, 0, 0, 1, 0, 1, 0, 0, 1, 1, 0, 1, 1, 0, 0, 1, 1, 1, 0, 0, 0, 0, 0, 0, 0, 0, 1, 0, 1, 0, 0, 0, 0, 0, 1, 0, 0, 0, 1, 0, 0, 0, 0, 0, 0, 0, 1, 0, 0, 0, 0, 0, 0, 0, 0, 0, 1, 1, 0, 1, 0, 0, 0, 0, 0, 0, 1, 0, 1, 0, 0, 1, 1, 0, 0, 0, 0, 1, 0, 1, 0, 0, 1, 0, 1, 0, 1, 0, 0, 0, 0, 0, 1, 0, 0, 0, 0, 1, 1, 0, 0, 0, 1, 0, 0, 0, 1, 1, 0, 0, 1, 1, 0, 1, 0, 1, 1, 0, 0, 0, 1, 0, 1, 0, 0, 1, 0, 0, 1, 0, 1, 0, 1, 1, 0, 0, 0, 0, 1, 0, 0, 0, 1, 0, 1, 1, 1, 1, 0, 0, 0, 0, 0, 1, 1, 1, 0, 0, 0, 0, 0, 0, 0, 0, 1, 0, 0, 0, 0, 0, 0, 0, 0, 0, 0, 1, 1, 0, 1, 1, 1, 1, 0, 0, 0, 0, 0]

BESTGEM=(51, 242, 0.21074380165289255)
LISTGEM=[0, 0, 0, 0, 0, 0, 0, 1, 0, 0, 0, 0, 1, 1, 0, 1, 0, 0, 0, 1, 1, 0, 1, 0, 0, 0, 1, 0, 0, 0, 0, 0, 0, 0, 0, 0, 0, 0, 0, 1, 0, 0, 1, 0, 1, 1, 1, 1, 0, 0, 0, 0, 0, 0, 0, 1, 0, 0, 0, 0, 1, 0, 0, 1, 1, 0, 0, 0, 0, 0, 0, 1, 1, 0, 0, 0, 0, 0, 0, 0, 0, 1, 0, 0, 0, 0, 0, 0, 1, 1, 0, 0, 0, 1, 0, 0, 0, 0, 0, 0, 0, 0, 0, 0, 0, 1, 0, 0, 0, 0, 0, 1, 0, 0, 0, 0, 0, 0, 0, 0, 0, 0, 0, 0, 0, 0, 1, 1, 0, 0, 1, 0, 0, 0, 1, 1, 0, 1, 0, 0, 0, 1, 0, 0, 0, 0, 0, 0, 0, 0, 0, 0, 0, 1, 0, 1, 0, 1, 0, 1, 0, 0, 0, 0, 0, 0, 0, 0, 0, 0, 1, 1, 0, 0, 0, 1, 0, 1, 0, 0, 1, 0, 0, 0, 0, 1, 0, 1, 0, 1, 0, 0, 0, 0, 0, 0, 0, 0, 0, 1, 0, 1, 0, 0, 0, 0, 0, 0, 1, 0, 0, 0, 1, 0, 0, 0, 0, 0, 0, 0, 0, 0, 0, 1, 0, 0, 0, 0, 0, 0, 0, 0, 0, 1, 0, 0, 0, 0, 0, 0, 0, 0]

