# shuffled stratified split (indices referring to UCR database)
TESTINDEX=[344 361  80  14 206 163 204 125 301 127 118 386 355 410 343 373 148 365
 358 151 299 219 162 312 205 439 245 316 369  76 333  63 126 232   3 223
 214 119  97 166 371  98  62  93  40 271  35  39 308 211 124 260 431 341
 330 253  17 227  49 400 120 210  81 176 249  70 303 238 100 359 436 257
 167 225 274 423  12 346  85 379 311  21 259  69 342 135 327 275 290 295
 273 229  32 396 422  42 240 255  38 429 102  73 416 136 110 345 391 300
   1 217 368  51 200 318 334 103  66 394 348  64  78 335  34 292 221 115
 285 194 438  16 363  27 123  86 374   6  55 138 154 349 178  54 250  48
 393  99 324 161 237 179 212 164 277 218   0 339  26 437  67  57 354 395
 109 188 297  43 147 356 131  41 184  75 117  25 323 235 276 121 340  44
 401 107 409  83 145  53 234 304  96 114 264  22 417 202 173  71  19 288
 329  79  72 377 183   8 351 144  46 347 432 421 112  23  58  37 337 165
 280 106 143 198   7 248 268 242 233 149 105  68 427 412  33  47 254 231
 139  18 252 322 191  30 389  95]
TRAININDEX=[413   4 193 435 404 296 380 357 350 336 113  59 307 376 302  20 287  13
  61 403 185 319 425 320 172 197 415   2 367 424 419 375 326 216 440  89
 434  92 392 353 309  10  87 226 325 199 328 362 406 158 398 180 196 418
 141   9 142 190 283 150 244  56 286 390 291 384 122 246 160 407 224 370
 278  52 137 213  94 201 111  45 129 293 263 428 133 181  29 294 177 262
  24 192 243 209 128 175 146 408 159 331 314 372 402  31 313 101  15 426
 430 104 414 272 265 251  36 399 153 116 360 187   5  28 321 366 171 239
 261 182 208  11 170 222 220 152 405 186 382 352 317 236 364 298 441 203
 284 282 134 281 289 132 279 381 387 241 433 155 315 388 420 385  90 256
  88 383 157 168 207 169 140 270 306 174 269 195  82 215  77 266 332 338
 108  50 397  74 267 305  65 228 189  91 130 378  84 258 310 247 156  60
 411 230]

# learned parameters for cdtw and gem
# dtw ((error, size, error/size), (window, sqr))
# gem ((error, size, error/size), (St0, St1, E, sym, sqr))
BESTLEARNCONSDTW=((66, 200, 0.33000000000000002), (0.050000000000000003, True))
LISTLEARNCONSDTW=[((66, 200, 0.33000000000000002), (0.050000000000000003, True)), ((67, 200, 0.33500000000000002), (0.059999999999999998, True)), ((69, 200, 0.34499999999999997), (0.040000000000000001, True)), ((69, 200, 0.34499999999999997), (0.12, True)), ((70, 200, 0.34999999999999998), (0.070000000000000007, True)), ((70, 200, 0.34999999999999998), (0.11, True)), ((70, 200, 0.34999999999999998), (0.17999999999999999, True)), ((70, 200, 0.34999999999999998), (0.19, True)), ((71, 200, 0.35499999999999998), (0.080000000000000002, True)), ((71, 200, 0.35499999999999998), (0.10000000000000001, True)), ((71, 200, 0.35499999999999998), (0.17000000000000001, True)), ((71, 200, 0.35499999999999998), (0.20000000000000001, True)), ((72, 200, 0.35999999999999999), (0.089999999999999997, True)), ((72, 200, 0.35999999999999999), (0.13, True)), ((72, 200, 0.35999999999999999), (0.16, True)), ((73, 200, 0.36499999999999999), (0.14000000000000001, True)), ((73, 200, 0.36499999999999999), (0.14999999999999999, True)), ((74, 200, 0.37), (0.029999999999999999, True)), ((76, 200, 0.38), (0.01, True)), ((80, 200, 0.40000000000000002), (0.0, True)), ((80, 200, 0.40000000000000002), (0.02, True))]

BESTLEARNGEM=((45, 200, 0.22500000000000001), (2, 2, 0.25, True, True))
LISTLEARNGEM=[((45, 200, 0.22500000000000001), (2, 2, 0.25, True, True)), ((46, 200, 0.23000000000000001), (2, 2, 0.5, True, True)), ((59, 200, 0.29499999999999998), (2, 2, 0.03125, True, True)), ((59, 200, 0.29499999999999998), (2, 2, 0.0625, True, True)), ((59, 200, 0.29499999999999998), (2, 2, 0.125, True, True)), ((65, 200, 0.32500000000000001), (2, 2, 0.0078125, True, True)), ((65, 200, 0.32500000000000001), (2, 2, 0.015625, True, True)), ((67, 200, 0.33500000000000002), (2, 2, 0.00390625, True, True)), ((68, 200, 0.34000000000000002), (2, 1, 0.25, True, True)), ((71, 200, 0.35499999999999998), (2, 1, 0.5, True, True)), ((72, 200, 0.35999999999999999), (1, 1, 0.0078125, True, True)), ((72, 200, 0.35999999999999999), (1, 2, 0.0078125, True, True)), ((74, 200, 0.37), (1, 1, 0.00390625, True, True)), ((74, 200, 0.37), (1, 2, 0.00390625, True, True)), ((74, 200, 0.37), (2, 2, 0, True, True)), ((81, 200, 0.40500000000000003), (1, 1, 0.015625, True, True)), ((81, 200, 0.40500000000000003), (1, 2, 0.015625, True, True)), ((84, 200, 0.41999999999999998), (1, 1, 0, True, True)), ((84, 200, 0.41999999999999998), (1, 2, 0, True, True)), ((84, 200, 0.41999999999999998), (2, 1, 0.125, True, True)), ((85, 200, 0.42499999999999999), (1, 1, 0.03125, True, True)), ((85, 200, 0.42499999999999999), (1, 2, 0.03125, True, True)), ((88, 200, 0.44), (2, 1, 0.0625, True, True)), ((91, 200, 0.45500000000000002), (1, 1, 0.0625, True, True)), ((91, 200, 0.45500000000000002), (1, 2, 0.0625, True, True)), ((92, 200, 0.46000000000000002), (2, 1, 0.03125, True, True)), ((96, 200, 0.47999999999999998), (1, 1, 0.125, True, True)), ((96, 200, 0.47999999999999998), (1, 2, 0.125, True, True)), ((99, 200, 0.495), (1, 1, 0.25, True, True)), ((99, 200, 0.495), (1, 2, 0.25, True, True)), ((106, 200, 0.53000000000000003), (1, 1, 0.5, True, True)), ((106, 200, 0.53000000000000003), (1, 2, 0.5, True, True)), ((108, 200, 0.54000000000000004), (2, 1, 0.015625, True, True)), ((118, 200, 0.58999999999999997), (2, 1, 0.0078125, True, True)), ((119, 200, 0.59499999999999997), (2, 1, 0.00390625, True, True)), ((121, 200, 0.60499999999999998), (2, 1, 0, True, True))]


# error rates for different distance measures
# (error, size, error/size) and binary mask
BESTLP=(109, 242, 0.45041322314049587)
LISTLP=[0, 0, 0, 1, 0, 1, 1, 1, 0, 0, 0, 1, 0, 1, 0, 0, 0, 1, 1, 1, 0, 0, 0, 1, 1, 0, 0, 1, 0, 1, 1, 0, 1, 1, 1, 0, 1, 0, 1, 1, 0, 0, 1, 0, 0, 1, 0, 0, 0, 1, 1, 0, 0, 1, 0, 0, 1, 0, 1, 0, 0, 0, 0, 0, 0, 0, 0, 0, 1, 1, 0, 0, 1, 1, 1, 0, 1, 1, 0, 0, 1, 1, 0, 1, 0, 0, 1, 0, 0, 0, 0, 0, 1, 1, 0, 0, 0, 0, 1, 1, 0, 0, 0, 0, 0, 1, 0, 1, 0, 0, 1, 0, 0, 1, 1, 1, 1, 0, 0, 0, 1, 1, 1, 1, 0, 1, 1, 0, 0, 0, 0, 1, 1, 0, 0, 1, 0, 1, 0, 1, 0, 1, 1, 0, 0, 1, 1, 1, 1, 0, 0, 1, 1, 0, 1, 0, 1, 0, 1, 1, 0, 1, 0, 1, 1, 0, 0, 1, 1, 0, 0, 1, 0, 0, 0, 0, 1, 1, 0, 0, 1, 1, 1, 0, 0, 0, 1, 0, 0, 0, 0, 0, 0, 0, 1, 0, 1, 0, 0, 1, 1, 1, 1, 0, 0, 1, 1, 0, 1, 0, 1, 0, 0, 1, 1, 1, 0, 0, 1, 0, 1, 1, 1, 1, 0, 1, 1, 1, 1, 0, 0, 1, 0, 0, 0, 0, 0, 0, 0, 0, 1, 1]

BESTFULLDTW=(79, 242, 0.32644628099173556)
LISTFULLDTW=[0, 0, 0, 1, 1, 1, 0, 0, 0, 0, 0, 0, 0, 0, 0, 0, 0, 1, 1, 0, 0, 0, 1, 1, 1, 0, 0, 0, 0, 1, 0, 1, 0, 1, 1, 0, 0, 0, 0, 0, 1, 0, 1, 0, 0, 0, 0, 0, 0, 1, 1, 0, 0, 1, 0, 1, 1, 0, 0, 0, 0, 0, 0, 0, 0, 0, 0, 1, 1, 1, 0, 0, 0, 1, 0, 1, 1, 1, 0, 0, 0, 0, 0, 1, 0, 0, 0, 0, 0, 0, 0, 1, 1, 1, 0, 0, 0, 0, 1, 1, 0, 1, 1, 0, 0, 0, 0, 1, 0, 0, 0, 0, 0, 0, 0, 0, 1, 0, 0, 0, 0, 1, 1, 1, 0, 0, 1, 0, 0, 0, 0, 1, 1, 0, 0, 1, 0, 0, 1, 0, 0, 1, 0, 0, 1, 0, 0, 0, 1, 0, 1, 0, 1, 0, 0, 0, 0, 0, 1, 0, 0, 0, 0, 0, 1, 0, 0, 1, 0, 0, 1, 1, 0, 1, 0, 0, 0, 0, 0, 1, 0, 0, 0, 0, 0, 0, 1, 0, 0, 0, 0, 0, 0, 0, 0, 0, 1, 0, 1, 0, 1, 0, 1, 1, 0, 1, 1, 0, 0, 1, 1, 1, 1, 0, 0, 1, 0, 0, 1, 0, 1, 0, 0, 1, 1, 1, 1, 1, 1, 0, 0, 0, 1, 1, 0, 0, 0, 0, 0, 0, 0, 0]

BESTCONSDTW=(78, 242, 0.32231404958677684)
LISTCONSDTW=[0, 0, 0, 1, 1, 1, 0, 0, 0, 0, 0, 0, 0, 0, 0, 0, 0, 0, 1, 0, 0, 0, 0, 0, 1, 0, 0, 0, 0, 1, 0, 0, 0, 1, 1, 0, 0, 0, 0, 0, 0, 1, 0, 0, 0, 1, 0, 0, 0, 0, 1, 0, 0, 1, 0, 1, 1, 0, 0, 0, 0, 0, 0, 0, 0, 0, 0, 0, 1, 1, 0, 1, 0, 1, 0, 0, 1, 1, 1, 0, 0, 1, 0, 1, 0, 0, 0, 0, 0, 1, 0, 1, 1, 1, 0, 0, 0, 0, 1, 1, 0, 1, 0, 0, 0, 0, 0, 1, 0, 0, 0, 0, 0, 1, 0, 0, 0, 0, 0, 0, 0, 1, 1, 1, 0, 1, 1, 0, 0, 0, 0, 1, 1, 0, 0, 1, 0, 1, 0, 0, 0, 0, 0, 0, 0, 0, 1, 1, 0, 0, 1, 1, 1, 0, 0, 0, 1, 0, 0, 0, 0, 1, 0, 1, 1, 0, 0, 1, 1, 0, 0, 0, 0, 0, 0, 0, 0, 1, 0, 0, 0, 1, 0, 0, 0, 0, 1, 0, 0, 1, 0, 0, 0, 0, 1, 0, 1, 0, 0, 1, 1, 1, 1, 1, 0, 1, 1, 0, 0, 1, 1, 1, 0, 0, 0, 0, 1, 0, 1, 0, 1, 0, 0, 1, 0, 1, 1, 1, 1, 0, 0, 0, 1, 0, 0, 0, 0, 0, 0, 0, 0, 1]

BESTGEM=(47, 242, 0.19421487603305784)
LISTGEM=[1, 0, 0, 1, 0, 1, 0, 0, 0, 0, 0, 0, 0, 1, 0, 0, 0, 0, 1, 0, 0, 0, 1, 0, 1, 0, 0, 0, 0, 1, 0, 0, 0, 1, 1, 0, 0, 0, 0, 1, 0, 0, 0, 0, 0, 0, 0, 0, 0, 0, 1, 0, 0, 0, 0, 0, 0, 0, 1, 0, 0, 0, 0, 1, 0, 0, 0, 0, 1, 1, 0, 1, 0, 0, 0, 0, 0, 1, 1, 0, 1, 0, 0, 0, 0, 0, 0, 0, 0, 0, 0, 1, 1, 1, 0, 0, 0, 0, 1, 0, 0, 1, 1, 0, 0, 0, 0, 1, 0, 0, 0, 0, 0, 0, 0, 1, 1, 0, 0, 0, 1, 0, 0, 1, 0, 0, 0, 0, 0, 0, 0, 0, 0, 0, 0, 0, 0, 0, 0, 0, 0, 0, 0, 0, 0, 0, 1, 0, 0, 0, 0, 0, 0, 0, 0, 0, 0, 0, 0, 0, 0, 1, 0, 1, 0, 0, 0, 1, 0, 0, 0, 1, 0, 0, 0, 0, 0, 0, 0, 0, 0, 0, 0, 0, 0, 0, 1, 0, 0, 0, 0, 0, 0, 0, 0, 0, 1, 0, 0, 0, 0, 0, 0, 0, 0, 1, 0, 0, 0, 0, 1, 1, 1, 0, 0, 0, 0, 0, 0, 0, 1, 0, 0, 1, 0, 1, 0, 0, 1, 0, 0, 0, 1, 0, 0, 0, 0, 0, 0, 0, 0, 0]

