# shuffled stratified split (indices referring to UCR database)
TESTINDEX=[0, 1, 2, 3, 4, 5, 6, 7, 8, 9, 10, 11, 12, 13, 14, 15, 16, 17, 18, 19, 20, 21, 22, 23, 24, 25, 26, 27, 28, 29, 30, 31, 32, 33, 34, 35, 36, 37, 38, 39, 40, 41, 42, 43, 44, 45, 46, 47, 48, 49, 50, 51, 52, 53, 54, 55, 56, 57, 58, 59, 60, 61, 62, 63, 64, 65, 66, 67, 68, 69, 70, 71, 72]
TRAININDEX=[73, 74, 75, 76, 77, 78, 79, 80, 81, 82, 83, 84, 85, 86, 87, 88, 89, 90, 91, 92, 93, 94, 95, 96, 97, 98, 99, 100, 101, 102, 103, 104, 105, 106, 107, 108, 109, 110, 111, 112, 113, 114, 115, 116, 117, 118, 119, 120, 121, 122, 123, 124, 125, 126, 127, 128, 129, 130, 131, 132, 133, 134, 135, 136, 137, 138, 139, 140, 141, 142]

# learned parameters for cdtw and gem
# dtw ((error, size, error/size), (window, sqr))
# gem ((error, size, error/size), (St0, St1, E, sym, sqr))
BESTLEARNCONSDTW=((14, 70, 0.20000000000000001), (0.050000000000000003, True))
LISTLEARNCONSDTW=[((14, 70, 0.20000000000000001), (0.050000000000000003, True)), ((15, 70, 0.21428571428571427), (0.059999999999999998, True)), ((16, 70, 0.22857142857142856), (0.040000000000000001, True)), ((16, 70, 0.22857142857142856), (0.070000000000000007, True)), ((18, 70, 0.25714285714285712), (0.029999999999999999, True)), ((18, 70, 0.25714285714285712), (0.080000000000000002, True)), ((19, 70, 0.27142857142857141), (0.089999999999999997, True)), ((19, 70, 0.27142857142857141), (0.11, True)), ((19, 70, 0.27142857142857141), (0.12, True)), ((19, 70, 0.27142857142857141), (0.13, True)), ((19, 70, 0.27142857142857141), (0.16, True)), ((19, 70, 0.27142857142857141), (0.17000000000000001, True)), ((19, 70, 0.27142857142857141), (0.17999999999999999, True)), ((19, 70, 0.27142857142857141), (0.19, True)), ((19, 70, 0.27142857142857141), (0.20000000000000001, True)), ((20, 70, 0.2857142857142857), (0.10000000000000001, True)), ((20, 70, 0.2857142857142857), (0.14999999999999999, True)), ((21, 70, 0.29999999999999999), (0.14000000000000001, True)), ((22, 70, 0.31428571428571428), (0.01, True)), ((23, 70, 0.32857142857142857), (0.02, True)), ((25, 70, 0.35714285714285715), (0.0, True))]

BESTLEARNGEM=((23, 70, 0.32857142857142857), (1, 2, 0, True, True))
LISTLEARNGEM=[((23, 70, 0.32857142857142857), (1, 1, 0, True, True)), ((23, 70, 0.32857142857142857), (1, 2, 0, True, True)), ((25, 70, 0.35714285714285715), (1, 1, 0.00390625, True, True)), ((25, 70, 0.35714285714285715), (1, 1, 0.03125, True, True)), ((25, 70, 0.35714285714285715), (1, 2, 0.00390625, True, True)), ((25, 70, 0.35714285714285715), (1, 2, 0.03125, True, True)), ((26, 70, 0.37142857142857144), (1, 1, 0.0078125, True, True)), ((26, 70, 0.37142857142857144), (1, 1, 0.015625, True, True)), ((26, 70, 0.37142857142857144), (1, 2, 0.0078125, True, True)), ((26, 70, 0.37142857142857144), (1, 2, 0.015625, True, True)), ((31, 70, 0.44285714285714284), (2, 2, 0.00390625, True, True)), ((31, 70, 0.44285714285714284), (2, 2, 0.0078125, True, True)), ((32, 70, 0.45714285714285713), (2, 2, 0, True, True)), ((32, 70, 0.45714285714285713), (2, 2, 0.015625, True, True)), ((33, 70, 0.47142857142857142), (1, 1, 0.0625, True, True)), ((33, 70, 0.47142857142857142), (1, 2, 0.0625, True, True)), ((35, 70, 0.5), (1, 1, 0.125, True, True)), ((35, 70, 0.5), (1, 2, 0.125, True, True)), ((38, 70, 0.54285714285714282), (2, 2, 0.03125, True, True)), ((40, 70, 0.5714285714285714), (1, 1, 0.25, True, True)), ((40, 70, 0.5714285714285714), (1, 2, 0.25, True, True)), ((41, 70, 0.58571428571428574), (1, 1, 0.5, True, True)), ((41, 70, 0.58571428571428574), (1, 2, 0.5, True, True)), ((42, 70, 0.59999999999999998), (2, 2, 0.0625, True, True)), ((45, 70, 0.6428571428571429), (2, 1, 0, True, True)), ((45, 70, 0.6428571428571429), (2, 2, 0.125, True, True)), ((47, 70, 0.67142857142857137), (2, 1, 0.00390625, True, True)), ((47, 70, 0.67142857142857137), (2, 1, 0.0078125, True, True)), ((49, 70, 0.69999999999999996), (2, 1, 0.015625, True, True)), ((50, 70, 0.7142857142857143), (2, 1, 0.03125, True, True)), ((50, 70, 0.7142857142857143), (2, 2, 0.25, True, True)), ((50, 70, 0.7142857142857143), (2, 2, 0.5, True, True)), ((54, 70, 0.77142857142857146), (2, 1, 0.0625, True, True)), ((57, 70, 0.81428571428571428), (2, 1, 0.125, True, True)), ((57, 70, 0.81428571428571428), (2, 1, 0.25, True, True)), ((59, 70, 0.84285714285714286), (2, 1, 0.5, True, True))]


# error rates for different distance measures
# (error, size, error/size) and binary mask
BESTLP=(31, 73, 0.42465753424657532)
LISTLP=[0, 0, 1, 1, 0, 1, 0, 1, 0, 1, 1, 1, 0, 0, 0, 0, 0, 0, 0, 1, 1, 1, 0, 0, 0, 1, 1, 0, 1, 0, 0, 0, 1, 0, 0, 0, 0, 0, 0, 0, 0, 0, 1, 1, 0, 0, 1, 0, 1, 0, 1, 0, 1, 1, 0, 1, 0, 0, 0, 0, 1, 1, 1, 1, 1, 0, 0, 1, 0, 0, 1, 1, 1]

BESTFULLDTW=(20, 73, 0.27397260273972601)
LISTFULLDTW=[1, 0, 1, 0, 0, 1, 0, 1, 0, 0, 1, 1, 0, 0, 0, 0, 0, 1, 1, 0, 0, 1, 0, 0, 0, 1, 0, 0, 1, 0, 1, 0, 0, 0, 0, 0, 0, 0, 0, 0, 0, 1, 1, 0, 0, 0, 1, 0, 1, 0, 0, 0, 1, 0, 0, 0, 0, 0, 0, 0, 0, 0, 0, 1, 0, 0, 1, 0, 0, 0, 1, 0, 0]

BESTCONSDTW=(21, 73, 0.28767123287671231)
LISTCONSDTW=[1, 0, 0, 1, 1, 1, 0, 1, 0, 0, 0, 0, 0, 0, 0, 0, 0, 1, 1, 0, 0, 0, 0, 0, 0, 1, 0, 0, 1, 0, 1, 0, 0, 0, 0, 0, 0, 0, 0, 0, 0, 1, 1, 0, 0, 0, 1, 0, 1, 0, 0, 0, 1, 0, 0, 0, 0, 0, 0, 0, 1, 0, 0, 1, 1, 0, 1, 0, 0, 0, 1, 0, 1]

BESTGEM=(28, 73, 0.38356164383561642)
LISTGEM=[0, 0, 0, 1, 1, 1, 0, 1, 0, 1, 1, 1, 0, 0, 0, 0, 0, 0, 0, 0, 1, 0, 0, 0, 0, 1, 1, 0, 1, 0, 0, 0, 1, 0, 0, 0, 0, 0, 0, 0, 0, 0, 1, 1, 0, 0, 1, 0, 1, 0, 1, 0, 1, 1, 0, 1, 0, 0, 0, 0, 1, 1, 1, 1, 1, 0, 0, 1, 0, 0, 1, 0, 1]

