# shuffled stratified split (indices referring to UCR database)
TESTINDEX=[ 42  29  24  95  84  99  31  63 120  56   3  51 109  28  76  60  58  94
  11  34  18 107  50  85  37  90  64  49  43  88  83 114   4  82  92  67
  70  39 111 108  75  10 103  35  53  22  78 102  19  33 106 116  68  17
  55  79  25  97 115   5  46]
TRAININDEX=[ 21  81   6   9 112  27  15   2  38  47  41  20 119  48  23  93  80  57
  87   0 105  69  44   7  77  65  30  14   1  32  52 113   8  36  73 104
 117  26  72  12  61  62  89  59  66  98  71 101 118  86  13  16  54 100
 110  91  74  45  96  40]

# learned parameters for cdtw and gem
# dtw ((error, size, error/size), (window, sqr))
# gem ((error, size, error/size), (St0, St1, E, sym, sqr))
BESTLEARNCONSDTW=((5, 60, 0.083333333333333329), (0.11, True))
LISTLEARNCONSDTW=[((5, 60, 0.083333333333333329), (0.11, True)), ((6, 60, 0.10000000000000001), (0.050000000000000003, True)), ((6, 60, 0.10000000000000001), (0.059999999999999998, True)), ((6, 60, 0.10000000000000001), (0.089999999999999997, True)), ((6, 60, 0.10000000000000001), (0.12, True)), ((6, 60, 0.10000000000000001), (0.13, True)), ((7, 60, 0.11666666666666667), (0.070000000000000007, True)), ((7, 60, 0.11666666666666667), (0.080000000000000002, True)), ((7, 60, 0.11666666666666667), (0.10000000000000001, True)), ((7, 60, 0.11666666666666667), (0.14000000000000001, True)), ((7, 60, 0.11666666666666667), (0.14999999999999999, True)), ((8, 60, 0.13333333333333333), (0.16, True)), ((8, 60, 0.13333333333333333), (0.17000000000000001, True)), ((8, 60, 0.13333333333333333), (0.17999999999999999, True)), ((8, 60, 0.13333333333333333), (0.19, True)), ((8, 60, 0.13333333333333333), (0.20000000000000001, True)), ((11, 60, 0.18333333333333332), (0.040000000000000001, True)), ((12, 60, 0.20000000000000001), (0.01, True)), ((12, 60, 0.20000000000000001), (0.02, True)), ((13, 60, 0.21666666666666667), (0.029999999999999999, True)), ((18, 60, 0.29999999999999999), (0.0, True))]

BESTLEARNGEM=((3, 60, 0.050000000000000003), (2, 1, 0.00390625, True, True))
LISTLEARNGEM=[((3, 60, 0.050000000000000003), (2, 1, 0, True, True)), ((3, 60, 0.050000000000000003), (2, 1, 0.00390625, True, True)), ((4, 60, 0.066666666666666666), (2, 2, 0, True, True)), ((4, 60, 0.066666666666666666), (2, 2, 0.00390625, True, True)), ((4, 60, 0.066666666666666666), (2, 2, 0.0078125, True, True)), ((5, 60, 0.083333333333333329), (2, 1, 0.0078125, True, True)), ((5, 60, 0.083333333333333329), (2, 1, 0.015625, True, True)), ((5, 60, 0.083333333333333329), (2, 2, 0.015625, True, True)), ((5, 60, 0.083333333333333329), (2, 2, 0.03125, True, True)), ((6, 60, 0.10000000000000001), (2, 2, 0.0625, True, True)), ((7, 60, 0.11666666666666667), (2, 2, 0.125, True, True)), ((7, 60, 0.11666666666666667), (2, 2, 0.25, True, True)), ((9, 60, 0.14999999999999999), (2, 1, 0.03125, True, True)), ((10, 60, 0.16666666666666666), (2, 1, 0.0625, True, True)), ((12, 60, 0.20000000000000001), (2, 1, 0.125, True, True)), ((13, 60, 0.21666666666666667), (2, 2, 0.5, True, True)), ((15, 60, 0.25), (1, 1, 0, True, True)), ((15, 60, 0.25), (1, 2, 0, True, True)), ((18, 60, 0.29999999999999999), (1, 1, 0.00390625, True, True)), ((18, 60, 0.29999999999999999), (1, 2, 0.00390625, True, True)), ((18, 60, 0.29999999999999999), (2, 1, 0.25, True, True)), ((20, 60, 0.33333333333333331), (1, 1, 0.015625, True, True)), ((20, 60, 0.33333333333333331), (1, 2, 0.015625, True, True)), ((20, 60, 0.33333333333333331), (2, 1, 0.5, True, True)), ((21, 60, 0.34999999999999998), (1, 1, 0.0078125, True, True)), ((21, 60, 0.34999999999999998), (1, 2, 0.0078125, True, True)), ((22, 60, 0.36666666666666664), (1, 1, 0.03125, True, True)), ((22, 60, 0.36666666666666664), (1, 1, 0.0625, True, True)), ((22, 60, 0.36666666666666664), (1, 2, 0.03125, True, True)), ((22, 60, 0.36666666666666664), (1, 2, 0.0625, True, True)), ((26, 60, 0.43333333333333335), (1, 1, 0.25, True, True)), ((26, 60, 0.43333333333333335), (1, 2, 0.25, True, True)), ((27, 60, 0.45000000000000001), (1, 1, 0.125, True, True)), ((27, 60, 0.45000000000000001), (1, 2, 0.125, True, True)), ((28, 60, 0.46666666666666667), (1, 1, 0.5, True, True)), ((28, 60, 0.46666666666666667), (1, 2, 0.5, True, True))]


# error rates for different distance measures
# (error, size, error/size) and binary mask
BESTLP=(16, 61, 0.26229508196721313)
LISTLP=[0, 1, 0, 0, 0, 1, 0, 0, 0, 1, 0, 0, 0, 0, 0, 0, 0, 0, 0, 0, 0, 0, 1, 1, 1, 0, 0, 0, 0, 1, 0, 0, 0, 0, 1, 0, 0, 0, 0, 1, 1, 1, 0, 0, 0, 0, 1, 0, 0, 0, 0, 1, 0, 1, 0, 1, 0, 1, 0, 0, 0]

BESTFULLDTW=(14, 61, 0.22950819672131148)
LISTFULLDTW=[0, 1, 0, 0, 0, 0, 0, 1, 0, 0, 0, 0, 0, 0, 0, 0, 0, 0, 0, 1, 0, 0, 0, 1, 1, 0, 1, 1, 0, 1, 0, 0, 0, 0, 0, 1, 0, 0, 0, 0, 0, 1, 0, 0, 1, 0, 0, 0, 0, 1, 1, 0, 0, 0, 0, 0, 0, 1, 0, 0, 0]

BESTCONSDTW=(9, 61, 0.14754098360655737)
LISTCONSDTW=[0, 1, 0, 0, 0, 0, 0, 0, 0, 0, 0, 0, 0, 0, 0, 0, 0, 0, 0, 0, 0, 0, 0, 1, 1, 0, 0, 0, 0, 1, 0, 0, 0, 0, 0, 1, 0, 0, 0, 1, 0, 1, 0, 0, 0, 0, 0, 0, 0, 0, 0, 1, 0, 0, 0, 0, 0, 1, 0, 0, 0]

BESTGEM=(15, 61, 0.24590163934426229)
LISTGEM=[0, 0, 0, 0, 0, 0, 0, 1, 0, 0, 0, 0, 0, 0, 0, 0, 0, 0, 0, 0, 0, 1, 1, 1, 1, 0, 0, 1, 0, 1, 0, 0, 0, 0, 0, 0, 0, 0, 1, 0, 0, 1, 0, 0, 1, 0, 0, 0, 0, 1, 1, 0, 0, 0, 1, 0, 1, 1, 0, 0, 0]

