# shuffled stratified split (indices referring to UCR database)
TESTINDEX=[294 189 439 402  94 184 334 228 340 259 373 132 304 268 403 167  41 133
 241 386 350 437 108 224 369 325 311 400 229 242 238 193 305 279  34 119
 391  62   8 330 376 435  81 218 113  50 301 188 348  52 249 231 300 239
 149 129 434  10 421 343 413 370  56  71 270 222 380 381 372 111 323  74
   3 216 411 182  16 234 415 422 299 236 202 288  12  73  57 410 313 168
 154 342 431 173 125 360 332  87  84 355 267 181 289 106 276  25 201 351
 196 357 240 418 253 172 316 164 128 226  75 396  30 363 115 252 319 161
 423 392 297 176 195  78 361   9 147 298 424  37  19 274 206 314 210 211
 198 139  45 103 353 244  21 436  97  89 131  23 337 307 287 137 419 250
 104 205 227  32 427 194  49 158  38 191 185 235 390  39  59 277 401 333
 225 356 127  51 306 339 365 399 256  79   0 243  42 367 317  58 246 338
 204 143 394 303  83 261 264 354 280  36 192 186 258 441  44 278  68  70
  95  24  92 180  29 135 312 364 114   6 383 116  33 379  48 124 291  80
 140  63 251  86 141 199  20 102]
TRAININDEX=[ 85 362 331  11 344 336 187 324 220 412 223 315 118 384  26 183  91  40
 230 310  53 377 262 215 100 207 148 237 214 328  65 160 271 112 321 221
 320 123 159  76 405 203  17 404 430 170 407 165 296 433 232 254 374  55
 247  46 219 302 388  90 177 420 286  47 263 375 429 269 175 335  35  60
 425 283 122  43  13 144  72 346  14  96 171 134 138  27  67 414 416 293
  31 117 408 409 155   4 440 209 179 282 382 295 341 120 368  15 265 378
 197 107 233 126  22 309 371 212 327 284  61 151 285 213 389 385 281 352
 105 358  28 260 428   5 169 322  69 121 110  88 349 359 109 136 292 397
 150 395 174 273 406 290  54 366 393 387 156   7 217 257  99  64 318 255
 308 208 178 272 245 347 130  82 275 398 152  93  98  77   1 426  18 345
 101 142 329 166 200 190 145   2 162 153 438 157 163 432 146 266  66 326
 417 248]

# learned parameters for cdtw and gem
# dtw ((error, size, error/size), (window, sqr))
# gem ((error, size, error/size), (St0, St1, E, sym, sqr))
BESTLEARNCONSDTW=((69, 200, 0.34499999999999997), (0.070000000000000007, True))
LISTLEARNCONSDTW=[((69, 200, 0.34499999999999997), (0.070000000000000007, True)), ((70, 200, 0.34999999999999998), (0.059999999999999998, True)), ((71, 200, 0.35499999999999998), (0.050000000000000003, True)), ((72, 200, 0.35999999999999999), (0.029999999999999999, True)), ((73, 200, 0.36499999999999999), (0.040000000000000001, True)), ((76, 200, 0.38), (0.17000000000000001, True)), ((76, 200, 0.38), (0.17999999999999999, True)), ((76, 200, 0.38), (0.19, True)), ((76, 200, 0.38), (0.20000000000000001, True)), ((77, 200, 0.38500000000000001), (0.02, True)), ((77, 200, 0.38500000000000001), (0.080000000000000002, True)), ((77, 200, 0.38500000000000001), (0.11, True)), ((77, 200, 0.38500000000000001), (0.12, True)), ((77, 200, 0.38500000000000001), (0.13, True)), ((77, 200, 0.38500000000000001), (0.14000000000000001, True)), ((78, 200, 0.39000000000000001), (0.089999999999999997, True)), ((78, 200, 0.39000000000000001), (0.10000000000000001, True)), ((78, 200, 0.39000000000000001), (0.14999999999999999, True)), ((78, 200, 0.39000000000000001), (0.16, True)), ((80, 200, 0.40000000000000002), (0.01, True)), ((83, 200, 0.41499999999999998), (0.0, True))]

BESTLEARNGEM=((46, 200, 0.23000000000000001), (2, 2, 0.5, True, True))
LISTLEARNGEM=[((46, 200, 0.23000000000000001), (2, 2, 0.5, True, True)), ((48, 200, 0.23999999999999999), (2, 2, 0.0625, True, True)), ((49, 200, 0.245), (2, 2, 0.125, True, True)), ((52, 200, 0.26000000000000001), (2, 2, 0.25, True, True)), ((54, 200, 0.27000000000000002), (2, 2, 0.03125, True, True)), ((63, 200, 0.315), (2, 2, 0.0078125, True, True)), ((64, 200, 0.32000000000000001), (2, 2, 0.015625, True, True)), ((67, 200, 0.33500000000000002), (2, 2, 0.00390625, True, True)), ((69, 200, 0.34499999999999997), (2, 2, 0, True, True)), ((70, 200, 0.34999999999999998), (2, 1, 0.125, True, True)), ((70, 200, 0.34999999999999998), (2, 1, 0.5, True, True)), ((73, 200, 0.36499999999999999), (2, 1, 0.25, True, True)), ((75, 200, 0.375), (1, 1, 0.00390625, True, True)), ((75, 200, 0.375), (1, 2, 0.00390625, True, True)), ((76, 200, 0.38), (1, 1, 0.0078125, True, True)), ((76, 200, 0.38), (1, 2, 0.0078125, True, True)), ((76, 200, 0.38), (2, 1, 0.0625, True, True)), ((80, 200, 0.40000000000000002), (1, 1, 0.015625, True, True)), ((80, 200, 0.40000000000000002), (1, 2, 0.015625, True, True)), ((83, 200, 0.41499999999999998), (2, 1, 0.03125, True, True)), ((84, 200, 0.41999999999999998), (1, 1, 0, True, True)), ((84, 200, 0.41999999999999998), (1, 2, 0, True, True)), ((85, 200, 0.42499999999999999), (1, 1, 0.03125, True, True)), ((85, 200, 0.42499999999999999), (1, 2, 0.03125, True, True)), ((87, 200, 0.435), (1, 1, 0.0625, True, True)), ((87, 200, 0.435), (1, 2, 0.0625, True, True)), ((91, 200, 0.45500000000000002), (1, 1, 0.125, True, True)), ((91, 200, 0.45500000000000002), (1, 2, 0.125, True, True)), ((92, 200, 0.46000000000000002), (2, 1, 0.015625, True, True)), ((94, 200, 0.46999999999999997), (1, 1, 0.25, True, True)), ((94, 200, 0.46999999999999997), (1, 2, 0.25, True, True)), ((99, 200, 0.495), (2, 1, 0.0078125, True, True)), ((107, 200, 0.53500000000000003), (2, 1, 0, True, True)), ((107, 200, 0.53500000000000003), (2, 1, 0.00390625, True, True)), ((108, 200, 0.54000000000000004), (1, 1, 0.5, True, True)), ((108, 200, 0.54000000000000004), (1, 2, 0.5, True, True))]


# error rates for different distance measures
# (error, size, error/size) and binary mask
BESTLP=(98, 242, 0.4049586776859504)
LISTLP=[0, 0, 0, 1, 1, 0, 0, 0, 0, 0, 0, 1, 0, 1, 0, 1, 1, 0, 1, 1, 0, 1, 1, 0, 1, 0, 0, 0, 1, 1, 0, 0, 0, 1, 0, 0, 0, 1, 1, 1, 1, 1, 0, 0, 1, 0, 0, 0, 0, 0, 0, 0, 1, 0, 0, 0, 0, 0, 0, 0, 0, 0, 0, 0, 1, 1, 0, 0, 1, 0, 0, 1, 1, 0, 0, 0, 0, 1, 1, 0, 0, 0, 0, 0, 1, 1, 1, 0, 1, 1, 0, 0, 0, 1, 1, 1, 1, 1, 0, 0, 1, 0, 0, 1, 1, 1, 1, 0, 1, 1, 0, 1, 1, 0, 1, 1, 0, 0, 1, 1, 0, 0, 0, 0, 0, 1, 0, 1, 1, 0, 1, 1, 0, 1, 0, 0, 0, 1, 1, 1, 0, 0, 0, 0, 0, 1, 1, 1, 1, 0, 0, 0, 1, 0, 1, 1, 0, 0, 0, 0, 0, 0, 1, 0, 0, 1, 1, 0, 1, 0, 0, 0, 0, 0, 1, 1, 0, 1, 0, 0, 1, 0, 0, 0, 0, 0, 0, 1, 1, 0, 0, 0, 0, 0, 0, 0, 1, 0, 0, 1, 0, 0, 0, 0, 0, 0, 1, 0, 1, 1, 1, 0, 0, 1, 0, 0, 1, 1, 1, 1, 1, 0, 1, 1, 0, 1, 0, 0, 0, 0, 1, 1, 0, 1, 1, 0, 0, 0, 1, 1, 0, 0]

BESTFULLDTW=(74, 242, 0.30578512396694213)
LISTFULLDTW=[0, 0, 0, 0, 0, 1, 0, 0, 0, 0, 0, 0, 0, 0, 0, 0, 1, 1, 1, 0, 0, 0, 1, 0, 0, 0, 0, 0, 1, 1, 1, 0, 0, 0, 0, 0, 0, 1, 0, 0, 0, 0, 0, 0, 0, 0, 0, 1, 0, 0, 0, 0, 1, 0, 0, 0, 1, 1, 0, 0, 0, 0, 1, 0, 0, 0, 0, 1, 0, 0, 0, 0, 1, 0, 1, 0, 0, 1, 0, 0, 0, 0, 0, 0, 1, 1, 0, 1, 1, 1, 1, 0, 0, 1, 0, 1, 1, 1, 0, 0, 0, 0, 1, 1, 0, 1, 1, 0, 0, 0, 0, 0, 1, 0, 1, 0, 0, 0, 0, 0, 0, 0, 0, 0, 0, 0, 1, 1, 1, 0, 1, 1, 0, 1, 0, 0, 0, 0, 1, 0, 0, 0, 0, 0, 0, 0, 1, 0, 0, 0, 1, 1, 1, 0, 1, 1, 0, 0, 0, 0, 0, 0, 1, 0, 1, 1, 0, 0, 1, 0, 1, 0, 0, 0, 1, 0, 0, 1, 0, 0, 1, 1, 0, 0, 0, 0, 1, 0, 1, 0, 0, 0, 1, 0, 1, 0, 1, 1, 0, 0, 0, 1, 0, 0, 0, 0, 0, 0, 0, 0, 1, 0, 1, 0, 0, 0, 0, 1, 0, 1, 0, 0, 1, 0, 0, 1, 0, 0, 0, 0, 0, 1, 1, 1, 1, 0, 0, 0, 0, 1, 0, 0]

BESTCONSDTW=(67, 242, 0.27685950413223143)
LISTCONSDTW=[0, 1, 0, 0, 1, 1, 0, 0, 0, 0, 0, 1, 0, 0, 0, 0, 1, 1, 0, 0, 0, 0, 0, 0, 0, 0, 0, 0, 1, 1, 1, 0, 0, 0, 0, 0, 0, 0, 0, 0, 0, 0, 0, 0, 0, 0, 0, 0, 0, 0, 0, 0, 1, 0, 0, 0, 0, 1, 0, 0, 0, 0, 1, 0, 0, 1, 0, 0, 0, 1, 0, 0, 0, 0, 0, 0, 0, 1, 0, 0, 0, 0, 0, 0, 1, 1, 0, 1, 0, 1, 1, 0, 0, 1, 0, 1, 1, 1, 1, 0, 0, 0, 1, 1, 0, 1, 1, 0, 0, 0, 0, 1, 1, 0, 0, 1, 0, 0, 1, 0, 0, 0, 0, 0, 0, 0, 0, 1, 0, 1, 1, 1, 0, 1, 0, 0, 0, 0, 0, 0, 0, 0, 0, 0, 0, 0, 1, 0, 1, 0, 1, 0, 1, 0, 1, 1, 0, 0, 0, 0, 0, 0, 1, 0, 1, 1, 0, 0, 0, 0, 0, 0, 0, 0, 1, 0, 0, 1, 0, 0, 1, 1, 0, 0, 0, 0, 1, 0, 0, 0, 0, 0, 0, 0, 1, 0, 1, 1, 0, 0, 0, 0, 0, 0, 0, 0, 0, 0, 0, 0, 1, 0, 0, 0, 0, 0, 0, 1, 0, 1, 1, 0, 1, 1, 0, 1, 0, 0, 1, 0, 0, 1, 0, 1, 1, 0, 0, 0, 0, 1, 0, 0]

BESTGEM=(35, 242, 0.14462809917355371)
LISTGEM=[0, 0, 0, 0, 0, 0, 0, 0, 0, 0, 0, 1, 0, 0, 0, 0, 0, 0, 0, 0, 0, 0, 0, 0, 0, 0, 0, 0, 1, 1, 0, 0, 0, 0, 0, 0, 0, 1, 0, 0, 0, 0, 0, 0, 0, 0, 0, 0, 0, 0, 0, 0, 1, 0, 0, 0, 0, 0, 0, 0, 0, 0, 0, 0, 1, 0, 0, 0, 0, 0, 0, 1, 0, 0, 0, 0, 0, 1, 0, 0, 0, 0, 0, 0, 0, 1, 0, 0, 1, 0, 0, 0, 0, 0, 0, 1, 0, 0, 0, 0, 0, 0, 0, 1, 1, 1, 1, 0, 1, 0, 0, 1, 0, 0, 0, 0, 0, 0, 0, 1, 0, 0, 0, 0, 0, 0, 0, 1, 0, 1, 0, 0, 0, 0, 0, 0, 0, 0, 0, 0, 0, 0, 0, 0, 0, 1, 1, 0, 1, 0, 1, 0, 0, 0, 0, 1, 1, 0, 0, 0, 0, 0, 1, 0, 0, 1, 0, 0, 0, 0, 1, 0, 0, 0, 0, 0, 0, 0, 0, 0, 0, 0, 0, 0, 0, 0, 0, 0, 0, 0, 0, 0, 0, 0, 0, 1, 0, 0, 0, 0, 0, 0, 0, 0, 0, 0, 0, 0, 0, 0, 0, 0, 0, 0, 0, 0, 0, 0, 1, 0, 0, 0, 0, 1, 0, 1, 0, 0, 0, 0, 0, 1, 0, 1, 0, 0, 0, 0, 0, 0, 0, 0]

