# shuffled stratified split (indices referring to UCR database)
TESTINDEX=[ 34 139  73  75  41  59 117  37 100  62  13   6  58 128  30 141   7  68
 118  55 136  23  61  17  99  50  79  80   3  72 103  43  22 132  69 116
  76 122 113   5  91 135  84  96  52  63  49  21  20  78  15 137  81 101
 112 126 104  36  24 142  85  97  29  54  48  57 115  93 127  26 130   9
  10]
TRAININDEX=[ 65  46  88  31  71  45  82  66  87 125 129  86  92 138  32  38 111   1
  19  56  60  28   2  39 108 102  25 123  77  42   4 133  35  90  67  64
  98  40  83  12 119  94  70  53 120  11  27  51  95 107 106 134 109  89
  16  74   0 110  47 140 105  44 121  33 114 131 124  18  14   8]

# learned parameters for cdtw and gem
# dtw ((error, size, error/size), (window, sqr))
# gem ((error, size, error/size), (St0, St1, E, sym, sqr))
BESTLEARNCONSDTW=((15, 70, 0.21428571428571427), (0.12, True))
LISTLEARNCONSDTW=[((15, 70, 0.21428571428571427), (0.12, True)), ((16, 70, 0.22857142857142856), (0.11, True)), ((17, 70, 0.24285714285714285), (0.10000000000000001, True)), ((18, 70, 0.25714285714285712), (0.040000000000000001, True)), ((18, 70, 0.25714285714285712), (0.050000000000000003, True)), ((18, 70, 0.25714285714285712), (0.080000000000000002, True)), ((18, 70, 0.25714285714285712), (0.089999999999999997, True)), ((18, 70, 0.25714285714285712), (0.13, True)), ((19, 70, 0.27142857142857141), (0.059999999999999998, True)), ((19, 70, 0.27142857142857141), (0.070000000000000007, True)), ((19, 70, 0.27142857142857141), (0.14000000000000001, True)), ((19, 70, 0.27142857142857141), (0.14999999999999999, True)), ((19, 70, 0.27142857142857141), (0.16, True)), ((19, 70, 0.27142857142857141), (0.17000000000000001, True)), ((19, 70, 0.27142857142857141), (0.17999999999999999, True)), ((19, 70, 0.27142857142857141), (0.19, True)), ((19, 70, 0.27142857142857141), (0.20000000000000001, True)), ((21, 70, 0.29999999999999999), (0.029999999999999999, True)), ((24, 70, 0.34285714285714286), (0.0, True)), ((26, 70, 0.37142857142857144), (0.01, True)), ((27, 70, 0.38571428571428573), (0.02, True))]

BESTLEARNGEM=((24, 70, 0.34285714285714286), (1, 1, 0.03125, True, True))
LISTLEARNGEM=[((24, 70, 0.34285714285714286), (1, 1, 0.015625, True, True)), ((24, 70, 0.34285714285714286), (1, 1, 0.03125, True, True)), ((24, 70, 0.34285714285714286), (1, 2, 0.015625, True, True)), ((24, 70, 0.34285714285714286), (1, 2, 0.03125, True, True)), ((26, 70, 0.37142857142857144), (1, 1, 0.00390625, True, True)), ((26, 70, 0.37142857142857144), (1, 2, 0.00390625, True, True)), ((27, 70, 0.38571428571428573), (1, 1, 0, True, True)), ((27, 70, 0.38571428571428573), (1, 1, 0.0078125, True, True)), ((27, 70, 0.38571428571428573), (1, 2, 0, True, True)), ((27, 70, 0.38571428571428573), (1, 2, 0.0078125, True, True)), ((27, 70, 0.38571428571428573), (2, 2, 0.00390625, True, True)), ((27, 70, 0.38571428571428573), (2, 2, 0.0625, True, True)), ((28, 70, 0.40000000000000002), (1, 1, 0.0625, True, True)), ((28, 70, 0.40000000000000002), (1, 2, 0.0625, True, True)), ((28, 70, 0.40000000000000002), (2, 2, 0, True, True)), ((28, 70, 0.40000000000000002), (2, 2, 0.0078125, True, True)), ((28, 70, 0.40000000000000002), (2, 2, 0.015625, True, True)), ((28, 70, 0.40000000000000002), (2, 2, 0.03125, True, True)), ((32, 70, 0.45714285714285713), (2, 2, 0.25, True, True)), ((33, 70, 0.47142857142857142), (2, 2, 0.125, True, True)), ((33, 70, 0.47142857142857142), (2, 2, 0.5, True, True)), ((38, 70, 0.54285714285714282), (1, 1, 0.125, True, True)), ((38, 70, 0.54285714285714282), (1, 2, 0.125, True, True)), ((41, 70, 0.58571428571428574), (1, 1, 0.25, True, True)), ((41, 70, 0.58571428571428574), (1, 2, 0.25, True, True)), ((43, 70, 0.61428571428571432), (2, 1, 0, True, True)), ((45, 70, 0.6428571428571429), (1, 1, 0.5, True, True)), ((45, 70, 0.6428571428571429), (1, 2, 0.5, True, True)), ((46, 70, 0.65714285714285714), (2, 1, 0.00390625, True, True)), ((46, 70, 0.65714285714285714), (2, 1, 0.0078125, True, True)), ((47, 70, 0.67142857142857137), (2, 1, 0.015625, True, True)), ((51, 70, 0.72857142857142854), (2, 1, 0.5, True, True)), ((53, 70, 0.75714285714285712), (2, 1, 0.03125, True, True)), ((57, 70, 0.81428571428571428), (2, 1, 0.0625, True, True)), ((58, 70, 0.82857142857142863), (2, 1, 0.125, True, True)), ((59, 70, 0.84285714285714286), (2, 1, 0.25, True, True))]


# error rates for different distance measures
# (error, size, error/size) and binary mask
BESTLP=(28, 73, 0.38356164383561642)
LISTLP=[0, 0, 0, 0, 0, 0, 1, 0, 1, 1, 0, 0, 0, 0, 1, 0, 0, 0, 0, 1, 0, 0, 1, 0, 0, 1, 0, 0, 0, 1, 1, 1, 0, 1, 0, 1, 0, 0, 1, 0, 1, 1, 0, 0, 0, 1, 0, 1, 1, 0, 0, 0, 1, 0, 1, 1, 1, 1, 0, 0, 0, 1, 0, 0, 1, 0, 0, 1, 0, 1, 1, 0, 0]

BESTFULLDTW=(18, 73, 0.24657534246575341)
LISTFULLDTW=[0, 1, 0, 0, 0, 0, 1, 0, 0, 0, 0, 0, 1, 0, 1, 1, 0, 0, 1, 0, 0, 0, 0, 1, 0, 0, 0, 0, 0, 0, 0, 0, 0, 0, 1, 1, 0, 0, 1, 0, 0, 0, 0, 0, 1, 1, 1, 1, 1, 0, 0, 0, 0, 0, 0, 0, 0, 0, 0, 0, 0, 1, 0, 0, 0, 0, 1, 0, 1, 0, 0, 0, 0]

BESTCONSDTW=(18, 73, 0.24657534246575341)
LISTCONSDTW=[0, 0, 0, 0, 1, 0, 1, 0, 0, 0, 0, 0, 1, 0, 1, 1, 0, 0, 0, 0, 0, 0, 0, 1, 0, 0, 0, 0, 0, 1, 1, 0, 0, 0, 0, 1, 0, 0, 0, 0, 0, 0, 0, 0, 1, 1, 1, 1, 1, 0, 0, 0, 1, 0, 0, 0, 0, 0, 0, 0, 0, 1, 0, 0, 1, 0, 1, 0, 0, 0, 0, 0, 0]

BESTGEM=(34, 73, 0.46575342465753422)
LISTGEM=[0, 0, 0, 0, 0, 0, 1, 0, 1, 1, 0, 0, 1, 0, 1, 0, 0, 1, 0, 1, 0, 0, 1, 1, 0, 1, 0, 0, 1, 1, 1, 1, 0, 1, 0, 1, 0, 0, 1, 0, 0, 1, 0, 0, 0, 1, 0, 1, 1, 0, 0, 0, 1, 0, 1, 1, 1, 1, 0, 0, 0, 1, 0, 0, 1, 0, 1, 1, 0, 1, 1, 1, 1]

