# shuffled stratified split (indices referring to UCR database)
TESTINDEX=[21  0 45 53 20 38 19 50  3 25 10 28 55 35  9 46 34  7 29 24 14 31 16 58  1
 48 11 12 39]
TRAININDEX=[ 8 54 56 57 52 15 36  4 40 30  2  5 27  6 41 23 18 22 44 43 26 33 13 17 37
 51 32 47 49]

# learned parameters for cdtw and gem
# dtw ((error, size, error/size), (window, sqr))
# gem ((error, size, error/size), (St0, St1, E, sym, sqr))
BESTLEARNCONSDTW=((4, 29, 0.13793103448275862), (0.02, True))
LISTLEARNCONSDTW=[((4, 29, 0.13793103448275862), (0.01, True)), ((4, 29, 0.13793103448275862), (0.02, True)), ((5, 29, 0.1724137931034483), (0.029999999999999999, True)), ((5, 29, 0.1724137931034483), (0.040000000000000001, True)), ((5, 29, 0.1724137931034483), (0.050000000000000003, True)), ((5, 29, 0.1724137931034483), (0.059999999999999998, True)), ((5, 29, 0.1724137931034483), (0.070000000000000007, True)), ((5, 29, 0.1724137931034483), (0.080000000000000002, True)), ((5, 29, 0.1724137931034483), (0.089999999999999997, True)), ((5, 29, 0.1724137931034483), (0.10000000000000001, True)), ((5, 29, 0.1724137931034483), (0.11, True)), ((5, 29, 0.1724137931034483), (0.12, True)), ((5, 29, 0.1724137931034483), (0.13, True)), ((5, 29, 0.1724137931034483), (0.14000000000000001, True)), ((5, 29, 0.1724137931034483), (0.14999999999999999, True)), ((5, 29, 0.1724137931034483), (0.16, True)), ((5, 29, 0.1724137931034483), (0.17000000000000001, True)), ((5, 29, 0.1724137931034483), (0.17999999999999999, True)), ((5, 29, 0.1724137931034483), (0.19, True)), ((5, 29, 0.1724137931034483), (0.20000000000000001, True)), ((6, 29, 0.20689655172413793), (0.0, True))]

BESTLEARNGEM=((4, 29, 0.13793103448275862), (2, 2, 0, True, True))
LISTLEARNGEM=[((4, 29, 0.13793103448275862), (2, 2, 0, True, True)), ((5, 29, 0.1724137931034483), (1, 1, 0, True, True)), ((5, 29, 0.1724137931034483), (1, 1, 0.00390625, True, True)), ((5, 29, 0.1724137931034483), (1, 1, 0.0078125, True, True)), ((5, 29, 0.1724137931034483), (1, 1, 0.015625, True, True)), ((5, 29, 0.1724137931034483), (1, 1, 0.03125, True, True)), ((5, 29, 0.1724137931034483), (1, 1, 0.0625, True, True)), ((5, 29, 0.1724137931034483), (1, 2, 0, True, True)), ((5, 29, 0.1724137931034483), (1, 2, 0.00390625, True, True)), ((5, 29, 0.1724137931034483), (1, 2, 0.0078125, True, True)), ((5, 29, 0.1724137931034483), (1, 2, 0.015625, True, True)), ((5, 29, 0.1724137931034483), (1, 2, 0.03125, True, True)), ((5, 29, 0.1724137931034483), (1, 2, 0.0625, True, True)), ((5, 29, 0.1724137931034483), (2, 1, 0.00390625, True, True)), ((5, 29, 0.1724137931034483), (2, 1, 0.0078125, True, True)), ((5, 29, 0.1724137931034483), (2, 1, 0.015625, True, True)), ((5, 29, 0.1724137931034483), (2, 1, 0.03125, True, True)), ((5, 29, 0.1724137931034483), (2, 1, 0.0625, True, True)), ((5, 29, 0.1724137931034483), (2, 2, 0.0078125, True, True)), ((5, 29, 0.1724137931034483), (2, 2, 0.015625, True, True)), ((5, 29, 0.1724137931034483), (2, 2, 0.03125, True, True)), ((5, 29, 0.1724137931034483), (2, 2, 0.0625, True, True)), ((5, 29, 0.1724137931034483), (2, 2, 0.125, True, True)), ((6, 29, 0.20689655172413793), (1, 1, 0.125, True, True)), ((6, 29, 0.20689655172413793), (1, 2, 0.125, True, True)), ((6, 29, 0.20689655172413793), (2, 1, 0, True, True)), ((6, 29, 0.20689655172413793), (2, 1, 0.125, True, True)), ((6, 29, 0.20689655172413793), (2, 2, 0.00390625, True, True)), ((8, 29, 0.27586206896551724), (1, 1, 0.25, True, True)), ((8, 29, 0.27586206896551724), (1, 1, 0.5, True, True)), ((8, 29, 0.27586206896551724), (1, 2, 0.25, True, True)), ((8, 29, 0.27586206896551724), (1, 2, 0.5, True, True)), ((8, 29, 0.27586206896551724), (2, 1, 0.25, True, True)), ((8, 29, 0.27586206896551724), (2, 1, 0.5, True, True)), ((8, 29, 0.27586206896551724), (2, 2, 0.25, True, True)), ((9, 29, 0.3103448275862069), (2, 2, 0.5, True, True))]


# error rates for different distance measures
# (error, size, error/size) and binary mask
BESTLP=(4, 29, 0.13793103448275862)
LISTLP=[0, 0, 0, 0, 0, 0, 0, 0, 0, 0, 0, 0, 0, 0, 0, 0, 0, 0, 1, 0, 1, 0, 1, 0, 0, 0, 1, 0, 0]

BESTFULLDTW=(3, 29, 0.10344827586206896)
LISTFULLDTW=[0, 0, 0, 0, 0, 0, 0, 0, 0, 0, 0, 0, 0, 0, 0, 0, 0, 0, 1, 0, 0, 0, 1, 0, 0, 0, 1, 0, 0]

BESTCONSDTW=(4, 29, 0.13793103448275862)
LISTCONSDTW=[0, 0, 0, 0, 0, 0, 0, 0, 0, 0, 0, 0, 0, 0, 0, 0, 0, 0, 1, 0, 1, 0, 1, 0, 0, 0, 1, 0, 0]

BESTGEM=(6, 29, 0.20689655172413793)
LISTGEM=[0, 0, 0, 0, 0, 0, 0, 0, 0, 0, 0, 0, 0, 1, 0, 0, 0, 0, 1, 0, 1, 0, 1, 0, 0, 0, 1, 1, 0]

