# shuffled stratified split (indices referring to UCR database)
TESTINDEX=[229 441 164 351  11   2 379 274 142  36 431 289 175 208  87  91  93 419
  74 223 119 313 353 146 141  35 385 132  12 429 310 251 201 438 303 422
  23 155 295 169  88 203 136 380 350 426 344 118 382 248  59  49 399 206
  42  69 440  28  86 147 171 347 106 222 140 261 405 290  39 384 321 358
 266 181  14  41 361 116  17 337 308 386 288   3   0 360 354  51 333 293
  32 112  64 343 262 381  66 144 131 174 364 202 278 367  54 215  33 196
 377 357 150  90 176 243  38   1  92 232 111 437 436 406 267 425 117 170
  81 394 319  31  61 148 279 259 276 231 153 210  58 359 292 154  30 326
  44 166  98 305 257 185 388 193 284  50 236 109 235 416 254 227 427 434
 167   4 213 383 336  65 228 128 298 179 200 265 220 368   5 423 287  71
 165 378 226 263 349 340 199 105 296 283 252 168  60 264 214   9 225 134
 365  68 260  57 366 180 177 393 100  40 125 159 329 152 324 277 408 300
 194 335 190  46 432 245  70 286 173 404 138 102 395 184 110 143 332 317
 130 338 182 282 230 369 126 362]
TRAININDEX=[191 121  52 348 139  95 183 316 391 273 108 244 250  97 198 239 322 241
 397 374 346  85 137  19  22  48 320 330 294  82 342 209   8 189 156 246
   7 187  76  79 204 145 389 240  24   6 428 234  47  55 411  72 309 339
  89 407 158 114 247 307 435 299 237 409 122 258  37 315  26 224 371 218
 376 123 318  73 127 149 356 255 414  29 188 103 403 312 297 352  43 370
 242  25 205 325 195 285 387 355 124 328  16  63 430 400 172 253 135 270
 402 133 398 341 217 421 412  75 280 221 178 249  56 306  15  21 396 275
 345  34 271 363 392 256 415 238 216  18 304 101  45 161 390 439  77 331
 219 268  53 410  78 433 420 417 424 192 151 129 163 113 212 197 281 107
 272  10 186 334  99 311 211  27 269 104  13  62  20 160 302 301 323 115
  84 418 120  96 372  67 157  83 375 401  94 207 162 413 373 314 233  80
 327 291]

# learned parameters for cdtw and gem
# dtw ((error, size, error/size), (window, sqr))
# gem ((error, size, error/size), (St0, St1, E, sym, sqr))
BESTLEARNCONSDTW=((62, 200, 0.31), (0.050000000000000003, True))
LISTLEARNCONSDTW=[((62, 200, 0.31), (0.040000000000000001, True)), ((62, 200, 0.31), (0.050000000000000003, True)), ((63, 200, 0.315), (0.070000000000000007, True)), ((63, 200, 0.315), (0.080000000000000002, True)), ((64, 200, 0.32000000000000001), (0.02, True)), ((64, 200, 0.32000000000000001), (0.059999999999999998, True)), ((67, 200, 0.33500000000000002), (0.13, True)), ((69, 200, 0.34499999999999997), (0.12, True)), ((69, 200, 0.34499999999999997), (0.14000000000000001, True)), ((69, 200, 0.34499999999999997), (0.16, True)), ((69, 200, 0.34499999999999997), (0.17000000000000001, True)), ((70, 200, 0.34999999999999998), (0.029999999999999999, True)), ((70, 200, 0.34999999999999998), (0.14999999999999999, True)), ((70, 200, 0.34999999999999998), (0.17999999999999999, True)), ((71, 200, 0.35499999999999998), (0.089999999999999997, True)), ((71, 200, 0.35499999999999998), (0.10000000000000001, True)), ((71, 200, 0.35499999999999998), (0.11, True)), ((71, 200, 0.35499999999999998), (0.19, True)), ((71, 200, 0.35499999999999998), (0.20000000000000001, True)), ((74, 200, 0.37), (0.01, True)), ((81, 200, 0.40500000000000003), (0.0, True))]

BESTLEARNGEM=((39, 200, 0.19500000000000001), (2, 2, 0.5, True, True))
LISTLEARNGEM=[((39, 200, 0.19500000000000001), (2, 2, 0.5, True, True)), ((41, 200, 0.20499999999999999), (2, 2, 0.25, True, True)), ((46, 200, 0.23000000000000001), (2, 2, 0.125, True, True)), ((52, 200, 0.26000000000000001), (2, 2, 0.015625, True, True)), ((52, 200, 0.26000000000000001), (2, 2, 0.03125, True, True)), ((53, 200, 0.26500000000000001), (2, 2, 0.0625, True, True)), ((55, 200, 0.27500000000000002), (2, 2, 0.0078125, True, True)), ((60, 200, 0.29999999999999999), (2, 2, 0.00390625, True, True)), ((61, 200, 0.30499999999999999), (2, 2, 0, True, True)), ((64, 200, 0.32000000000000001), (2, 1, 0.5, True, True)), ((69, 200, 0.34499999999999997), (2, 1, 0.25, True, True)), ((81, 200, 0.40500000000000003), (1, 1, 0, True, True)), ((81, 200, 0.40500000000000003), (1, 2, 0, True, True)), ((82, 200, 0.40999999999999998), (1, 1, 0.00390625, True, True)), ((82, 200, 0.40999999999999998), (1, 1, 0.03125, True, True)), ((82, 200, 0.40999999999999998), (1, 2, 0.00390625, True, True)), ((82, 200, 0.40999999999999998), (1, 2, 0.03125, True, True)), ((82, 200, 0.40999999999999998), (2, 1, 0.125, True, True)), ((84, 200, 0.41999999999999998), (1, 1, 0.015625, True, True)), ((84, 200, 0.41999999999999998), (1, 2, 0.015625, True, True)), ((86, 200, 0.42999999999999999), (1, 1, 0.0078125, True, True)), ((86, 200, 0.42999999999999999), (1, 1, 0.0625, True, True)), ((86, 200, 0.42999999999999999), (1, 2, 0.0078125, True, True)), ((86, 200, 0.42999999999999999), (1, 2, 0.0625, True, True)), ((89, 200, 0.44500000000000001), (1, 1, 0.125, True, True)), ((89, 200, 0.44500000000000001), (1, 2, 0.125, True, True)), ((93, 200, 0.46500000000000002), (2, 1, 0.0625, True, True)), ((95, 200, 0.47499999999999998), (1, 1, 0.25, True, True)), ((95, 200, 0.47499999999999998), (1, 2, 0.25, True, True)), ((99, 200, 0.495), (2, 1, 0.03125, True, True)), ((105, 200, 0.52500000000000002), (1, 1, 0.5, True, True)), ((105, 200, 0.52500000000000002), (1, 2, 0.5, True, True)), ((105, 200, 0.52500000000000002), (2, 1, 0.015625, True, True)), ((106, 200, 0.53000000000000003), (2, 1, 0.0078125, True, True)), ((110, 200, 0.55000000000000004), (2, 1, 0.00390625, True, True)), ((123, 200, 0.61499999999999999), (2, 1, 0, True, True))]


# error rates for different distance measures
# (error, size, error/size) and binary mask
BESTLP=(101, 242, 0.41735537190082644)
LISTLP=[1, 0, 1, 0, 1, 1, 1, 0, 1, 0, 0, 0, 0, 0, 1, 1, 0, 1, 0, 0, 0, 0, 1, 0, 1, 0, 0, 1, 0, 1, 1, 0, 1, 0, 0, 0, 0, 1, 1, 0, 0, 1, 0, 0, 0, 1, 0, 0, 0, 0, 0, 1, 0, 0, 0, 1, 1, 0, 1, 0, 1, 0, 1, 1, 0, 1, 0, 0, 0, 0, 0, 1, 1, 1, 0, 1, 0, 0, 1, 0, 0, 1, 0, 0, 0, 1, 0, 1, 1, 1, 1, 1, 1, 0, 1, 0, 0, 0, 1, 0, 1, 0, 0, 1, 1, 0, 0, 0, 1, 1, 1, 0, 0, 0, 0, 1, 1, 1, 1, 0, 1, 0, 0, 0, 0, 1, 1, 1, 0, 1, 0, 0, 1, 1, 1, 0, 1, 0, 0, 1, 0, 0, 0, 1, 0, 0, 1, 0, 0, 1, 0, 0, 0, 0, 0, 0, 0, 1, 1, 1, 1, 1, 0, 0, 1, 0, 0, 1, 0, 0, 0, 0, 0, 0, 0, 0, 1, 1, 0, 0, 0, 0, 0, 0, 0, 0, 1, 0, 0, 1, 0, 1, 1, 0, 0, 1, 1, 1, 1, 0, 0, 0, 1, 1, 0, 0, 0, 0, 0, 1, 0, 0, 0, 0, 0, 1, 0, 0, 1, 1, 0, 0, 0, 1, 1, 0, 1, 0, 0, 1, 0, 0, 1, 1, 1, 1, 1, 1, 1, 1, 0, 1]

BESTFULLDTW=(84, 242, 0.34710743801652894)
LISTFULLDTW=[1, 0, 0, 0, 1, 1, 0, 1, 0, 0, 0, 0, 0, 1, 0, 1, 0, 1, 0, 0, 0, 0, 1, 0, 1, 0, 0, 0, 0, 1, 1, 0, 1, 1, 0, 0, 1, 1, 1, 0, 0, 1, 0, 0, 1, 1, 0, 0, 0, 1, 0, 0, 0, 0, 0, 1, 1, 0, 1, 0, 0, 0, 0, 0, 0, 1, 0, 1, 0, 0, 0, 1, 1, 0, 1, 1, 0, 1, 1, 0, 0, 1, 0, 0, 0, 1, 0, 1, 0, 0, 1, 1, 0, 0, 0, 0, 1, 0, 0, 0, 1, 0, 0, 0, 1, 0, 0, 0, 0, 0, 0, 0, 1, 1, 0, 0, 0, 1, 0, 0, 1, 0, 0, 1, 0, 1, 1, 0, 0, 1, 0, 0, 0, 0, 0, 0, 0, 0, 0, 0, 0, 0, 0, 1, 1, 0, 1, 0, 0, 0, 0, 1, 0, 0, 0, 0, 0, 0, 1, 1, 1, 0, 1, 1, 1, 0, 0, 0, 0, 0, 0, 0, 0, 0, 0, 0, 1, 1, 0, 0, 0, 0, 0, 1, 0, 0, 1, 0, 0, 1, 0, 1, 0, 0, 0, 1, 0, 0, 1, 0, 1, 0, 1, 1, 0, 1, 0, 0, 0, 0, 0, 1, 0, 0, 1, 1, 0, 1, 1, 1, 0, 0, 0, 0, 1, 0, 0, 0, 0, 1, 0, 1, 1, 1, 0, 1, 1, 1, 0, 0, 0, 1]

BESTCONSDTW=(80, 242, 0.33057851239669422)
LISTCONSDTW=[1, 0, 1, 0, 1, 1, 0, 0, 0, 0, 0, 0, 0, 1, 1, 1, 0, 1, 0, 0, 0, 0, 1, 0, 1, 0, 0, 1, 0, 1, 1, 1, 1, 0, 0, 0, 1, 1, 1, 0, 0, 1, 0, 0, 1, 1, 0, 0, 0, 0, 0, 0, 0, 0, 0, 1, 0, 0, 0, 0, 0, 0, 0, 1, 0, 1, 0, 0, 0, 0, 0, 1, 1, 0, 0, 1, 0, 0, 1, 1, 0, 0, 0, 0, 0, 1, 0, 1, 0, 1, 1, 1, 1, 0, 0, 0, 0, 0, 1, 0, 1, 0, 0, 0, 1, 0, 0, 0, 0, 0, 1, 0, 0, 0, 0, 0, 1, 1, 1, 0, 0, 0, 0, 0, 0, 1, 1, 1, 0, 0, 0, 0, 0, 0, 0, 0, 0, 0, 0, 1, 0, 0, 0, 1, 1, 0, 1, 0, 0, 0, 0, 1, 0, 0, 0, 0, 0, 1, 1, 1, 0, 0, 1, 0, 1, 0, 0, 1, 0, 0, 0, 0, 0, 0, 0, 0, 1, 1, 0, 0, 1, 0, 0, 0, 0, 0, 1, 0, 0, 1, 0, 1, 0, 0, 0, 1, 0, 1, 0, 0, 0, 0, 1, 1, 0, 0, 0, 0, 0, 0, 0, 1, 0, 0, 0, 1, 0, 1, 0, 1, 0, 0, 0, 0, 1, 0, 1, 0, 1, 1, 0, 0, 1, 1, 1, 0, 1, 0, 1, 0, 0, 1]

BESTGEM=(51, 242, 0.21074380165289255)
LISTGEM=[1, 0, 0, 0, 0, 1, 0, 0, 0, 0, 0, 0, 0, 0, 1, 1, 0, 1, 0, 0, 0, 0, 1, 0, 0, 0, 0, 1, 0, 0, 1, 0, 1, 0, 0, 0, 0, 1, 1, 0, 0, 0, 0, 0, 0, 1, 1, 0, 0, 0, 0, 0, 0, 0, 0, 1, 1, 1, 0, 0, 0, 0, 0, 0, 0, 1, 0, 0, 0, 0, 0, 1, 0, 0, 1, 0, 0, 0, 1, 0, 0, 1, 0, 0, 0, 1, 0, 1, 0, 0, 1, 1, 0, 0, 1, 0, 0, 0, 0, 0, 1, 0, 0, 0, 0, 0, 0, 0, 1, 0, 0, 0, 1, 0, 0, 0, 1, 1, 0, 0, 0, 0, 0, 0, 0, 0, 1, 0, 0, 0, 0, 0, 0, 0, 0, 0, 0, 0, 1, 1, 0, 0, 0, 0, 0, 1, 1, 0, 0, 0, 0, 0, 0, 0, 0, 0, 0, 1, 0, 1, 0, 1, 0, 0, 1, 0, 0, 0, 0, 0, 0, 0, 0, 0, 0, 0, 1, 1, 0, 0, 0, 0, 0, 0, 0, 0, 0, 0, 0, 1, 0, 0, 0, 0, 0, 0, 0, 1, 1, 0, 0, 0, 0, 0, 0, 0, 0, 0, 0, 0, 0, 1, 0, 1, 0, 1, 0, 0, 0, 0, 0, 0, 0, 0, 0, 0, 0, 0, 0, 0, 0, 0, 0, 1, 1, 0, 0, 0, 0, 0, 0, 1]

