# shuffled stratified split (indices referring to UCR database)
TESTINDEX=[130  33  63  78 110  94  32  29 111   0 139  97   6 113   8 137  64   9
  51 134  13 136  47 126 115  27 132  84  76 104  71  70  60  91  98 118
 128 131  19  59  86  42  35  40  79  92  75 133 103  21  15  96  12  16
  28  48 100  14  10  39  17  83  23 119   1 105   5  95  43  90 138 107
 122]
TRAININDEX=[127 125  31  30  72  62   7  66  18 141  89 106  80  85 112  36  24  69
  26  25 116  68  57 140  50  81  77 102 114 117  44  49 135  74  52   2
  61  20  54 124 142 108  53  37  88  58   4  56  82  46 120  65  45  22
  38 121  87  34  11  67 101  93 123  99   3 109 129  55  41  73]

# learned parameters for cdtw and gem
# dtw ((error, size, error/size), (window, sqr))
# gem ((error, size, error/size), (St0, St1, E, sym, sqr))
BESTLEARNCONSDTW=((14, 70, 0.20000000000000001), (0.070000000000000007, True))
LISTLEARNCONSDTW=[((14, 70, 0.20000000000000001), (0.029999999999999999, True)), ((14, 70, 0.20000000000000001), (0.070000000000000007, True)), ((14, 70, 0.20000000000000001), (0.080000000000000002, True)), ((15, 70, 0.21428571428571427), (0.059999999999999998, True)), ((16, 70, 0.22857142857142856), (0.050000000000000003, True)), ((16, 70, 0.22857142857142856), (0.089999999999999997, True)), ((17, 70, 0.24285714285714285), (0.040000000000000001, True)), ((17, 70, 0.24285714285714285), (0.10000000000000001, True)), ((17, 70, 0.24285714285714285), (0.11, True)), ((17, 70, 0.24285714285714285), (0.12, True)), ((17, 70, 0.24285714285714285), (0.14000000000000001, True)), ((17, 70, 0.24285714285714285), (0.14999999999999999, True)), ((18, 70, 0.25714285714285712), (0.13, True)), ((18, 70, 0.25714285714285712), (0.16, True)), ((18, 70, 0.25714285714285712), (0.17000000000000001, True)), ((18, 70, 0.25714285714285712), (0.17999999999999999, True)), ((18, 70, 0.25714285714285712), (0.19, True)), ((18, 70, 0.25714285714285712), (0.20000000000000001, True)), ((19, 70, 0.27142857142857141), (0.01, True)), ((20, 70, 0.2857142857142857), (0.02, True)), ((21, 70, 0.29999999999999999), (0.0, True))]

BESTLEARNGEM=((19, 70, 0.27142857142857141), (2, 2, 0.0078125, True, True))
LISTLEARNGEM=[((19, 70, 0.27142857142857141), (2, 2, 0.0078125, True, True)), ((20, 70, 0.2857142857142857), (2, 2, 0.015625, True, True)), ((21, 70, 0.29999999999999999), (2, 2, 0, True, True)), ((21, 70, 0.29999999999999999), (2, 2, 0.00390625, True, True)), ((22, 70, 0.31428571428571428), (1, 1, 0, True, True)), ((22, 70, 0.31428571428571428), (1, 1, 0.00390625, True, True)), ((22, 70, 0.31428571428571428), (1, 2, 0, True, True)), ((22, 70, 0.31428571428571428), (1, 2, 0.00390625, True, True)), ((22, 70, 0.31428571428571428), (2, 2, 0.03125, True, True)), ((23, 70, 0.32857142857142857), (2, 2, 0.0625, True, True)), ((24, 70, 0.34285714285714286), (1, 1, 0.0078125, True, True)), ((24, 70, 0.34285714285714286), (1, 2, 0.0078125, True, True)), ((25, 70, 0.35714285714285715), (1, 1, 0.015625, True, True)), ((25, 70, 0.35714285714285715), (1, 2, 0.015625, True, True)), ((26, 70, 0.37142857142857144), (2, 2, 0.125, True, True)), ((28, 70, 0.40000000000000002), (1, 1, 0.03125, True, True)), ((28, 70, 0.40000000000000002), (1, 2, 0.03125, True, True)), ((28, 70, 0.40000000000000002), (2, 2, 0.25, True, True)), ((28, 70, 0.40000000000000002), (2, 2, 0.5, True, True)), ((33, 70, 0.47142857142857142), (2, 1, 0, True, True)), ((34, 70, 0.48571428571428571), (2, 1, 0.00390625, True, True)), ((35, 70, 0.5), (1, 1, 0.0625, True, True)), ((35, 70, 0.5), (1, 2, 0.0625, True, True)), ((36, 70, 0.51428571428571423), (2, 1, 0.0078125, True, True)), ((39, 70, 0.55714285714285716), (2, 1, 0.015625, True, True)), ((41, 70, 0.58571428571428574), (1, 1, 0.125, True, True)), ((41, 70, 0.58571428571428574), (1, 2, 0.125, True, True)), ((42, 70, 0.59999999999999998), (1, 1, 0.25, True, True)), ((42, 70, 0.59999999999999998), (1, 2, 0.25, True, True)), ((48, 70, 0.68571428571428572), (1, 1, 0.5, True, True)), ((48, 70, 0.68571428571428572), (1, 2, 0.5, True, True)), ((49, 70, 0.69999999999999996), (2, 1, 0.03125, True, True)), ((51, 70, 0.72857142857142854), (2, 1, 0.5, True, True)), ((52, 70, 0.74285714285714288), (2, 1, 0.25, True, True)), ((54, 70, 0.77142857142857146), (2, 1, 0.0625, True, True)), ((55, 70, 0.7857142857142857), (2, 1, 0.125, True, True))]


# error rates for different distance measures
# (error, size, error/size) and binary mask
BESTLP=(30, 73, 0.41095890410958902)
LISTLP=[1, 0, 1, 0, 1, 0, 1, 0, 0, 0, 0, 1, 0, 1, 0, 0, 1, 0, 0, 1, 0, 0, 0, 1, 1, 0, 1, 0, 1, 1, 1, 1, 1, 1, 0, 0, 0, 0, 1, 0, 1, 1, 0, 0, 0, 0, 0, 1, 0, 0, 1, 0, 0, 0, 0, 1, 0, 0, 0, 0, 0, 1, 0, 1, 0, 1, 0, 0, 1, 1, 0, 1, 1]

BESTFULLDTW=(19, 73, 0.26027397260273971)
LISTFULLDTW=[0, 0, 1, 0, 1, 0, 0, 0, 0, 0, 0, 1, 0, 1, 0, 0, 0, 0, 0, 1, 0, 0, 0, 0, 1, 0, 1, 0, 0, 0, 0, 1, 0, 0, 0, 0, 1, 0, 1, 0, 1, 1, 0, 0, 0, 0, 1, 1, 0, 0, 0, 0, 0, 0, 0, 0, 0, 0, 0, 0, 1, 0, 0, 0, 0, 1, 1, 1, 0, 1, 0, 0, 0]

BESTCONSDTW=(19, 73, 0.26027397260273971)
LISTCONSDTW=[0, 0, 1, 0, 1, 0, 0, 0, 0, 1, 0, 1, 0, 0, 0, 0, 1, 0, 0, 1, 0, 0, 0, 0, 1, 0, 1, 0, 0, 0, 0, 1, 0, 0, 0, 1, 0, 0, 1, 0, 1, 1, 0, 0, 0, 0, 0, 1, 0, 1, 0, 0, 0, 0, 0, 1, 0, 0, 0, 0, 0, 0, 0, 0, 0, 1, 1, 0, 0, 1, 0, 0, 0]

BESTGEM=(26, 73, 0.35616438356164382)
LISTGEM=[0, 0, 1, 0, 1, 0, 0, 0, 0, 0, 0, 1, 1, 0, 0, 0, 1, 0, 0, 1, 0, 0, 1, 0, 0, 0, 1, 0, 0, 1, 1, 1, 0, 1, 1, 1, 0, 0, 1, 0, 1, 1, 0, 0, 0, 1, 1, 1, 0, 0, 1, 0, 0, 0, 0, 1, 0, 0, 0, 1, 0, 0, 0, 1, 0, 0, 1, 0, 0, 1, 0, 0, 0]

