# shuffled stratified split (indices referring to UCR database)
TESTINDEX=[38 44 52 11 45 30  6 20 56 54 15 58 47 32 35 10 40  3 16 27 36 51  4 24 19
  7 31 29 57]
TRAININDEX=[17 21 48  5  9 50  2  8 39 34 49 23 55 26  0 13 33 53 18 12  1 28 14 25 46
 37 22 43 41]

# learned parameters for cdtw and gem
# dtw ((error, size, error/size), (window, sqr))
# gem ((error, size, error/size), (St0, St1, E, sym, sqr))
BESTLEARNCONSDTW=((2, 29, 0.06896551724137931), (0.02, True))
LISTLEARNCONSDTW=[((2, 29, 0.06896551724137931), (0.01, True)), ((2, 29, 0.06896551724137931), (0.02, True)), ((2, 29, 0.06896551724137931), (0.029999999999999999, True)), ((3, 29, 0.10344827586206896), (0.040000000000000001, True)), ((3, 29, 0.10344827586206896), (0.050000000000000003, True)), ((3, 29, 0.10344827586206896), (0.059999999999999998, True)), ((3, 29, 0.10344827586206896), (0.070000000000000007, True)), ((3, 29, 0.10344827586206896), (0.080000000000000002, True)), ((3, 29, 0.10344827586206896), (0.089999999999999997, True)), ((3, 29, 0.10344827586206896), (0.10000000000000001, True)), ((3, 29, 0.10344827586206896), (0.11, True)), ((3, 29, 0.10344827586206896), (0.12, True)), ((3, 29, 0.10344827586206896), (0.13, True)), ((3, 29, 0.10344827586206896), (0.14000000000000001, True)), ((3, 29, 0.10344827586206896), (0.14999999999999999, True)), ((3, 29, 0.10344827586206896), (0.16, True)), ((3, 29, 0.10344827586206896), (0.17000000000000001, True)), ((3, 29, 0.10344827586206896), (0.17999999999999999, True)), ((3, 29, 0.10344827586206896), (0.19, True)), ((3, 29, 0.10344827586206896), (0.20000000000000001, True)), ((4, 29, 0.13793103448275862), (0.0, True))]

BESTLEARNGEM=((3, 29, 0.10344827586206896), (1, 1, 0.0078125, True, True))
LISTLEARNGEM=[((3, 29, 0.10344827586206896), (1, 1, 0, True, True)), ((3, 29, 0.10344827586206896), (1, 1, 0.00390625, True, True)), ((3, 29, 0.10344827586206896), (1, 1, 0.0078125, True, True)), ((3, 29, 0.10344827586206896), (1, 1, 0.0625, True, True)), ((3, 29, 0.10344827586206896), (1, 2, 0, True, True)), ((3, 29, 0.10344827586206896), (1, 2, 0.00390625, True, True)), ((3, 29, 0.10344827586206896), (1, 2, 0.0078125, True, True)), ((3, 29, 0.10344827586206896), (1, 2, 0.0625, True, True)), ((3, 29, 0.10344827586206896), (2, 1, 0.00390625, True, True)), ((3, 29, 0.10344827586206896), (2, 1, 0.0625, True, True)), ((4, 29, 0.13793103448275862), (1, 1, 0.015625, True, True)), ((4, 29, 0.13793103448275862), (1, 1, 0.03125, True, True)), ((4, 29, 0.13793103448275862), (1, 1, 0.125, True, True)), ((4, 29, 0.13793103448275862), (1, 1, 0.25, True, True)), ((4, 29, 0.13793103448275862), (1, 1, 0.5, True, True)), ((4, 29, 0.13793103448275862), (1, 2, 0.015625, True, True)), ((4, 29, 0.13793103448275862), (1, 2, 0.03125, True, True)), ((4, 29, 0.13793103448275862), (1, 2, 0.125, True, True)), ((4, 29, 0.13793103448275862), (1, 2, 0.25, True, True)), ((4, 29, 0.13793103448275862), (1, 2, 0.5, True, True)), ((4, 29, 0.13793103448275862), (2, 1, 0, True, True)), ((4, 29, 0.13793103448275862), (2, 1, 0.015625, True, True)), ((4, 29, 0.13793103448275862), (2, 1, 0.03125, True, True)), ((4, 29, 0.13793103448275862), (2, 1, 0.125, True, True)), ((4, 29, 0.13793103448275862), (2, 1, 0.25, True, True)), ((4, 29, 0.13793103448275862), (2, 1, 0.5, True, True)), ((4, 29, 0.13793103448275862), (2, 2, 0.0078125, True, True)), ((4, 29, 0.13793103448275862), (2, 2, 0.03125, True, True)), ((4, 29, 0.13793103448275862), (2, 2, 0.0625, True, True)), ((4, 29, 0.13793103448275862), (2, 2, 0.125, True, True)), ((4, 29, 0.13793103448275862), (2, 2, 0.25, True, True)), ((4, 29, 0.13793103448275862), (2, 2, 0.5, True, True)), ((5, 29, 0.1724137931034483), (2, 1, 0.0078125, True, True)), ((5, 29, 0.1724137931034483), (2, 2, 0, True, True)), ((5, 29, 0.1724137931034483), (2, 2, 0.00390625, True, True)), ((5, 29, 0.1724137931034483), (2, 2, 0.015625, True, True))]


# error rates for different distance measures
# (error, size, error/size) and binary mask
BESTLP=(7, 29, 0.2413793103448276)
LISTLP=[0, 0, 0, 1, 0, 0, 0, 0, 0, 0, 0, 0, 1, 1, 0, 0, 0, 1, 1, 0, 0, 0, 1, 0, 0, 0, 0, 1, 0]

BESTFULLDTW=(7, 29, 0.2413793103448276)
LISTFULLDTW=[0, 0, 0, 1, 0, 0, 0, 0, 0, 0, 0, 0, 1, 1, 0, 0, 0, 1, 1, 0, 0, 0, 1, 0, 0, 0, 0, 1, 0]

BESTCONSDTW=(7, 29, 0.2413793103448276)
LISTCONSDTW=[0, 0, 0, 1, 0, 0, 0, 0, 0, 0, 0, 0, 1, 1, 0, 0, 0, 1, 1, 0, 0, 0, 1, 0, 0, 0, 0, 1, 0]

BESTGEM=(3, 29, 0.10344827586206896)
LISTGEM=[0, 1, 0, 0, 0, 0, 0, 0, 0, 0, 0, 0, 1, 0, 0, 0, 0, 0, 0, 0, 0, 0, 0, 0, 0, 0, 0, 1, 0]

