# shuffled stratified split (indices referring to UCR database)
TESTINDEX=[268 388 426 402 139 369 124 144 193 319 136 285 406 332 387 223 288 422
  31 287 333 160 273 168 296 196 186  30 203 134 162 279 275 218 431 314
  13 280 363 428 121 217 299 229 243 201 120 397 105 274 267 414 440  45
 233  40 257 359  24 222 254 137 205 108 373 300 197 277 216 112 307 118
 252 253 352 416 385 311 389 423  51 436  99 329 150 427 309 281  71 386
 334  19 345 390 165 374 140 164 249 412 129 248 308 301 298  26  80  96
 199 409  49 116 313 381 368 342 360 434 157  21 208 327  68 323 284 146
 410 167 172 361 348 110 430 247 278 417 337 148 306 195 102 131 286 396
 176 432 383  85 328  82  66 130  37 271 228   3  48  44 356 394 398  25
 234 351 194  67  10 189 158 439 302 154 336  14 156 115 206  46 169 315
 141 183 159 142  47  73 101 231  74 270 404 325  90  70 161 324 145 272
  86 376 215 177 349 224 232 391 263 227 185  34  39 210 106 380 125 151
 276 371 375 339  36 114 187 225  61 178   8  94 341 419  65   9   4 188
 117  91 230  18 370 155 366  84]
TRAININDEX=[246  60 420  83 392 429 226  98 126  15 207 190  76 153 335 181 244  58
  54 303 358 362 293 407 320 219  33 170 241 295 182 127 408 191 283  95
 213 103 418  11 322 378 330 180 415 354 104 318 316 405 266 235   0 365
  56 202 331 200 143 113  43 239 395  78 245  32 403 413  57 152   1 128
  75 379  12  41 260   6 221 122 242 441 251  89  62 147  63 163 433 321
 111  64 364  69  29 259 123 261  17 264  50 343  27 174 310 326 211 347
 338 297 294  35  88 317 437  28   2  79 107 340 240  16 367 355 209 175
 173 393 346 401 236 372 265  97  38  77 192 290 149 435  42  53 238 344
 424 132 258  23 179 350 312   7 133  22 377  93 166 250 212  20 109 353
 256 421 184 438 119 198 304  92  72 292  81 135 305 269 214 138 382 425
 411 255 262   5  59 289  55 384 100 282 204 291 237 171  52 357  87 400
 399 220]

# learned parameters for cdtw and gem
# dtw ((error, size, error/size), (window, sqr))
# gem ((error, size, error/size), (St0, St1, E, sym, sqr))
BESTLEARNCONSDTW=((70, 200, 0.34999999999999998), (0.089999999999999997, True))
LISTLEARNCONSDTW=[((70, 200, 0.34999999999999998), (0.089999999999999997, True)), ((71, 200, 0.35499999999999998), (0.080000000000000002, True)), ((71, 200, 0.35499999999999998), (0.10000000000000001, True)), ((71, 200, 0.35499999999999998), (0.11, True)), ((71, 200, 0.35499999999999998), (0.12, True)), ((74, 200, 0.37), (0.13, True)), ((75, 200, 0.375), (0.059999999999999998, True)), ((75, 200, 0.375), (0.14000000000000001, True)), ((75, 200, 0.375), (0.19, True)), ((76, 200, 0.38), (0.14999999999999999, True)), ((76, 200, 0.38), (0.17000000000000001, True)), ((76, 200, 0.38), (0.17999999999999999, True)), ((77, 200, 0.38500000000000001), (0.070000000000000007, True)), ((77, 200, 0.38500000000000001), (0.16, True)), ((77, 200, 0.38500000000000001), (0.20000000000000001, True)), ((81, 200, 0.40500000000000003), (0.01, True)), ((81, 200, 0.40500000000000003), (0.050000000000000003, True)), ((84, 200, 0.41999999999999998), (0.040000000000000001, True)), ((87, 200, 0.435), (0.029999999999999999, True)), ((88, 200, 0.44), (0.02, True)), ((93, 200, 0.46500000000000002), (0.0, True))]

BESTLEARNGEM=((42, 200, 0.20999999999999999), (2, 2, 0.5, True, True))
LISTLEARNGEM=[((42, 200, 0.20999999999999999), (2, 2, 0.5, True, True)), ((47, 200, 0.23499999999999999), (2, 2, 0.25, True, True)), ((50, 200, 0.25), (2, 2, 0.125, True, True)), ((60, 200, 0.29999999999999999), (2, 2, 0.0625, True, True)), ((67, 200, 0.33500000000000002), (2, 2, 0.03125, True, True)), ((68, 200, 0.34000000000000002), (2, 2, 0.00390625, True, True)), ((68, 200, 0.34000000000000002), (2, 2, 0.0078125, True, True)), ((68, 200, 0.34000000000000002), (2, 2, 0.015625, True, True)), ((69, 200, 0.34499999999999997), (2, 2, 0, True, True)), ((75, 200, 0.375), (2, 1, 0.5, True, True)), ((79, 200, 0.39500000000000002), (2, 1, 0.25, True, True)), ((82, 200, 0.40999999999999998), (2, 1, 0.0625, True, True)), ((82, 200, 0.40999999999999998), (2, 1, 0.125, True, True)), ((84, 200, 0.41999999999999998), (2, 1, 0.03125, True, True)), ((88, 200, 0.44), (1, 1, 0, True, True)), ((88, 200, 0.44), (1, 1, 0.0078125, True, True)), ((88, 200, 0.44), (1, 2, 0, True, True)), ((88, 200, 0.44), (1, 2, 0.0078125, True, True)), ((89, 200, 0.44500000000000001), (1, 1, 0.00390625, True, True)), ((89, 200, 0.44500000000000001), (1, 2, 0.00390625, True, True)), ((91, 200, 0.45500000000000002), (2, 1, 0.015625, True, True)), ((92, 200, 0.46000000000000002), (1, 1, 0.015625, True, True)), ((92, 200, 0.46000000000000002), (1, 2, 0.015625, True, True)), ((94, 200, 0.46999999999999997), (1, 1, 0.0625, True, True)), ((94, 200, 0.46999999999999997), (1, 2, 0.0625, True, True)), ((95, 200, 0.47499999999999998), (2, 1, 0.0078125, True, True)), ((97, 200, 0.48499999999999999), (1, 1, 0.03125, True, True)), ((97, 200, 0.48499999999999999), (1, 2, 0.03125, True, True)), ((99, 200, 0.495), (1, 1, 0.125, True, True)), ((99, 200, 0.495), (1, 1, 0.25, True, True)), ((99, 200, 0.495), (1, 2, 0.125, True, True)), ((99, 200, 0.495), (1, 2, 0.25, True, True)), ((100, 200, 0.5), (2, 1, 0.00390625, True, True)), ((102, 200, 0.51000000000000001), (2, 1, 0, True, True)), ((103, 200, 0.51500000000000001), (1, 1, 0.5, True, True)), ((103, 200, 0.51500000000000001), (1, 2, 0.5, True, True))]


# error rates for different distance measures
# (error, size, error/size) and binary mask
BESTLP=(82, 242, 0.33884297520661155)
LISTLP=[1, 0, 1, 0, 0, 0, 0, 0, 1, 0, 1, 1, 0, 0, 0, 0, 0, 0, 1, 0, 0, 1, 0, 1, 0, 1, 1, 0, 1, 0, 0, 1, 0, 0, 0, 0, 0, 0, 0, 1, 1, 0, 0, 0, 0, 1, 0, 1, 0, 1, 0, 1, 1, 0, 0, 0, 1, 1, 1, 1, 0, 0, 0, 1, 0, 1, 0, 1, 1, 0, 0, 0, 0, 1, 1, 0, 0, 0, 1, 0, 0, 1, 0, 0, 0, 1, 1, 0, 0, 1, 1, 1, 1, 0, 0, 0, 1, 1, 0, 0, 0, 0, 0, 0, 0, 1, 1, 0, 1, 1, 1, 0, 1, 0, 0, 0, 1, 1, 0, 1, 1, 0, 1, 0, 0, 0, 0, 0, 0, 0, 0, 0, 0, 1, 0, 0, 1, 0, 0, 1, 0, 1, 0, 1, 0, 0, 0, 0, 0, 0, 0, 1, 0, 0, 0, 0, 0, 1, 0, 0, 1, 1, 1, 0, 0, 1, 0, 1, 0, 0, 0, 0, 0, 0, 0, 0, 0, 1, 0, 1, 1, 0, 0, 1, 1, 1, 0, 0, 0, 0, 0, 0, 0, 0, 0, 0, 0, 1, 0, 0, 0, 0, 1, 0, 1, 0, 0, 0, 0, 0, 1, 0, 1, 0, 0, 1, 1, 0, 0, 0, 0, 1, 0, 1, 0, 0, 0, 0, 1, 0, 0, 1, 0, 0, 0, 0, 1, 0, 0, 1, 1, 0]

BESTFULLDTW=(74, 242, 0.30578512396694213)
LISTFULLDTW=[0, 0, 1, 0, 1, 0, 1, 0, 0, 0, 0, 1, 0, 0, 0, 0, 0, 0, 1, 0, 0, 0, 0, 1, 0, 0, 1, 0, 0, 0, 0, 0, 0, 0, 0, 0, 0, 0, 0, 1, 0, 0, 0, 0, 1, 1, 0, 1, 1, 0, 0, 0, 0, 0, 1, 0, 1, 0, 1, 1, 0, 0, 0, 1, 0, 1, 0, 0, 1, 1, 0, 0, 0, 1, 1, 1, 0, 0, 0, 0, 0, 1, 0, 1, 1, 0, 1, 1, 0, 1, 0, 1, 0, 1, 0, 0, 1, 0, 0, 0, 0, 0, 0, 0, 0, 0, 0, 0, 1, 0, 0, 0, 0, 1, 0, 0, 1, 1, 0, 1, 0, 0, 0, 0, 0, 0, 0, 0, 0, 0, 0, 0, 0, 1, 0, 0, 0, 0, 0, 1, 0, 0, 0, 1, 1, 0, 1, 0, 0, 1, 1, 0, 0, 0, 0, 1, 0, 1, 1, 0, 1, 1, 1, 1, 0, 0, 1, 0, 0, 0, 0, 0, 1, 0, 0, 0, 0, 1, 0, 1, 0, 1, 0, 1, 1, 1, 0, 0, 0, 0, 0, 0, 0, 0, 0, 0, 0, 0, 0, 0, 0, 0, 0, 0, 1, 0, 0, 0, 0, 1, 0, 0, 1, 0, 1, 0, 0, 1, 1, 0, 1, 0, 1, 1, 0, 0, 0, 0, 1, 1, 0, 1, 1, 0, 0, 0, 1, 0, 0, 1, 0, 0]

BESTCONSDTW=(78, 242, 0.32231404958677684)
LISTCONSDTW=[0, 0, 1, 0, 1, 0, 1, 0, 1, 0, 0, 1, 0, 0, 0, 0, 0, 0, 1, 0, 0, 0, 0, 1, 0, 0, 0, 0, 1, 0, 0, 0, 0, 0, 0, 0, 0, 1, 0, 1, 0, 0, 0, 1, 1, 1, 0, 1, 1, 0, 0, 0, 0, 0, 1, 0, 1, 1, 1, 1, 0, 0, 0, 0, 0, 1, 0, 0, 1, 0, 0, 0, 0, 1, 1, 0, 0, 0, 0, 0, 0, 1, 0, 1, 1, 0, 1, 1, 0, 0, 0, 1, 0, 1, 0, 0, 1, 0, 0, 0, 0, 0, 0, 0, 0, 1, 0, 0, 1, 0, 0, 0, 0, 1, 0, 0, 1, 1, 0, 1, 0, 0, 1, 0, 0, 0, 0, 0, 0, 0, 0, 0, 0, 1, 0, 0, 0, 0, 0, 1, 0, 1, 0, 1, 0, 0, 1, 1, 0, 0, 1, 0, 0, 0, 0, 1, 1, 0, 1, 0, 1, 1, 1, 1, 0, 0, 1, 0, 0, 0, 0, 0, 1, 0, 0, 0, 0, 1, 0, 1, 0, 0, 0, 1, 1, 1, 1, 0, 1, 0, 0, 0, 0, 0, 1, 0, 0, 0, 0, 0, 0, 0, 0, 0, 1, 0, 0, 0, 0, 0, 0, 0, 1, 0, 1, 0, 0, 1, 1, 0, 1, 0, 1, 1, 0, 0, 0, 0, 1, 0, 0, 1, 1, 1, 0, 0, 1, 0, 0, 1, 1, 0]

BESTGEM=(33, 242, 0.13636363636363635)
LISTGEM=[0, 0, 0, 0, 0, 0, 1, 0, 0, 0, 0, 0, 0, 0, 0, 0, 0, 0, 0, 0, 0, 0, 0, 0, 0, 1, 0, 0, 0, 0, 0, 0, 0, 0, 0, 0, 0, 0, 0, 0, 0, 0, 0, 0, 0, 1, 0, 0, 0, 0, 0, 0, 0, 0, 0, 0, 1, 0, 0, 1, 0, 0, 0, 0, 0, 1, 0, 0, 0, 1, 0, 0, 0, 0, 0, 0, 0, 0, 1, 0, 0, 0, 0, 0, 0, 0, 0, 1, 0, 1, 0, 0, 0, 0, 0, 0, 0, 0, 0, 0, 0, 0, 0, 0, 0, 1, 0, 0, 0, 0, 0, 0, 0, 1, 0, 0, 1, 0, 0, 1, 0, 1, 0, 1, 0, 0, 0, 0, 0, 0, 0, 0, 0, 1, 0, 0, 1, 0, 0, 0, 0, 0, 0, 0, 1, 0, 0, 1, 0, 0, 1, 0, 0, 0, 0, 0, 0, 0, 0, 0, 0, 1, 1, 0, 0, 0, 0, 0, 0, 0, 0, 0, 0, 1, 0, 0, 0, 0, 0, 1, 0, 0, 0, 0, 0, 1, 0, 0, 0, 0, 0, 0, 1, 0, 0, 0, 0, 0, 0, 1, 0, 0, 0, 0, 1, 0, 0, 0, 0, 0, 0, 0, 1, 0, 0, 0, 0, 1, 0, 0, 0, 0, 0, 0, 0, 0, 0, 0, 1, 0, 0, 0, 0, 0, 0, 0, 0, 0, 0, 1, 0, 0]

