# shuffled stratified split (indices referring to UCR database)
TESTINDEX=[407  18 174 136 169 439 395  33 240   3  19 373 207  16 144  22 257   1
 149  96 376 243 175 313 228 404  74 248 203 172 402 130  35 412 287 196
 104 338 217  36 396 381 276 351 284 375  55 255 168  10 224 319 273 262
  48 139  21 238  11 400 310 389 421  94 343 132 293 426  58 146  63 102
 178 340  29 336 300 309 249  41 369 271  39 274 385 415 121 354 353 143
  26 176 378  12 244 195 156 150 299 208 108 246 403 229   9 192 355 210
 303  23 183  17 339 302  98 292 397 131 251 205 297 124 288  53 181 182
 254 225 155  28 298 441 221 365 331 157 186  50 337   2 163 153  76 166
  60 278  77 137  13 277   5 117 142  83 348 283 332 390 250 359 431 113
 127  85 393  82 358 322 380 258 190 227  67  79 327 171 109 216 311  86
 145 159 116 350  81 423 219 417  54  37  65 122 118 406  52 362 316  91
 237  84 266 416 129  25  14  20 437  56  30 199 110 128 294 435 335 245
 151 261 106 239 202 377 394 370 333 315  59  89 314 220   7  62   8  68
 247 123  87 259 119 177 279  99]
TRAININDEX=[269 140 147 193 158 226 349 206 320  27 325 184 252  47 364 366  97 233
 305 363 291 434 141  66 420 429 317  40 107 347 112  31 200 148 173  34
 253 368 413 212 344 425 304 372  32 191 307 134 386 242  57 341 321  71
 280 126 160 330 392 185 440 286 342 188 357  92 419  43  75 383  78  69
 167 295 197  24 201  15 438 418 265 135 154 260 115 232 379 324 125  61
 408 138 267 275 230 433 409 187 290 432  93 256 329 374 198  42 162   4
 213 161   0 180 323 101 410 306 263 105 235 398 411 264  80 346 301 334
 236  73 367  46 268  88 401 218 209 281 189  45 387   6 282 270 427  90
 361 272 312 391 388 436  49 241 405 289  64 214 222 352 164 318 100 384
  72 296 170 152 234 414 356 133  95 285 308 103  38 328  44 215 165 120
 204 399 422 194 382  51 111 231 326 428 424 114 430 179 223 211  70 345
 360 371]

# learned parameters for cdtw and gem
# dtw ((error, size, error/size), (window, sqr))
# gem ((error, size, error/size), (St0, St1, E, sym, sqr))
BESTLEARNCONSDTW=((59, 200, 0.29499999999999998), (0.070000000000000007, True))
LISTLEARNCONSDTW=[((59, 200, 0.29499999999999998), (0.059999999999999998, True)), ((59, 200, 0.29499999999999998), (0.070000000000000007, True)), ((60, 200, 0.29999999999999999), (0.080000000000000002, True)), ((63, 200, 0.315), (0.029999999999999999, True)), ((63, 200, 0.315), (0.040000000000000001, True)), ((63, 200, 0.315), (0.089999999999999997, True)), ((64, 200, 0.32000000000000001), (0.050000000000000003, True)), ((67, 200, 0.33500000000000002), (0.10000000000000001, True)), ((68, 200, 0.34000000000000002), (0.11, True)), ((68, 200, 0.34000000000000002), (0.12, True)), ((70, 200, 0.34999999999999998), (0.13, True)), ((70, 200, 0.34999999999999998), (0.17000000000000001, True)), ((70, 200, 0.34999999999999998), (0.17999999999999999, True)), ((70, 200, 0.34999999999999998), (0.19, True)), ((70, 200, 0.34999999999999998), (0.20000000000000001, True)), ((71, 200, 0.35499999999999998), (0.14000000000000001, True)), ((71, 200, 0.35499999999999998), (0.14999999999999999, True)), ((71, 200, 0.35499999999999998), (0.16, True)), ((73, 200, 0.36499999999999999), (0.02, True)), ((82, 200, 0.40999999999999998), (0.01, True)), ((89, 200, 0.44500000000000001), (0.0, True))]

BESTLEARNGEM=((39, 200, 0.19500000000000001), (2, 2, 0.25, True, True))
LISTLEARNGEM=[((39, 200, 0.19500000000000001), (2, 2, 0.25, True, True)), ((43, 200, 0.215), (2, 2, 0.5, True, True)), ((47, 200, 0.23499999999999999), (2, 2, 0.125, True, True)), ((48, 200, 0.23999999999999999), (2, 2, 0.0625, True, True)), ((53, 200, 0.26500000000000001), (2, 2, 0.03125, True, True)), ((60, 200, 0.29999999999999999), (2, 2, 0.015625, True, True)), ((63, 200, 0.315), (2, 2, 0.0078125, True, True)), ((64, 200, 0.32000000000000001), (2, 2, 0, True, True)), ((66, 200, 0.33000000000000002), (2, 2, 0.00390625, True, True)), ((67, 200, 0.33500000000000002), (2, 1, 0.25, True, True)), ((67, 200, 0.33500000000000002), (2, 1, 0.5, True, True)), ((74, 200, 0.37), (2, 1, 0.125, True, True)), ((81, 200, 0.40500000000000003), (2, 1, 0.0625, True, True)), ((85, 200, 0.42499999999999999), (1, 1, 0.03125, True, True)), ((85, 200, 0.42499999999999999), (1, 2, 0.03125, True, True)), ((85, 200, 0.42499999999999999), (2, 1, 0.03125, True, True)), ((87, 200, 0.435), (1, 1, 0.015625, True, True)), ((87, 200, 0.435), (1, 2, 0.015625, True, True)), ((90, 200, 0.45000000000000001), (1, 1, 0.0078125, True, True)), ((90, 200, 0.45000000000000001), (1, 2, 0.0078125, True, True)), ((91, 200, 0.45500000000000002), (1, 1, 0.0625, True, True)), ((91, 200, 0.45500000000000002), (1, 2, 0.0625, True, True)), ((96, 200, 0.47999999999999998), (1, 1, 0, True, True)), ((96, 200, 0.47999999999999998), (1, 2, 0, True, True)), ((97, 200, 0.48499999999999999), (1, 1, 0.00390625, True, True)), ((97, 200, 0.48499999999999999), (1, 2, 0.00390625, True, True)), ((97, 200, 0.48499999999999999), (2, 1, 0.015625, True, True)), ((101, 200, 0.505), (1, 1, 0.125, True, True)), ((101, 200, 0.505), (1, 2, 0.125, True, True)), ((103, 200, 0.51500000000000001), (2, 1, 0.0078125, True, True)), ((106, 200, 0.53000000000000003), (1, 1, 0.25, True, True)), ((106, 200, 0.53000000000000003), (1, 2, 0.25, True, True)), ((109, 200, 0.54500000000000004), (2, 1, 0.00390625, True, True)), ((112, 200, 0.56000000000000005), (1, 1, 0.5, True, True)), ((112, 200, 0.56000000000000005), (1, 2, 0.5, True, True)), ((116, 200, 0.57999999999999996), (2, 1, 0, True, True))]


# error rates for different distance measures
# (error, size, error/size) and binary mask
BESTLP=(95, 242, 0.3925619834710744)
LISTLP=[1, 0, 0, 1, 0, 0, 1, 0, 0, 1, 1, 0, 1, 0, 0, 1, 1, 1, 0, 0, 0, 0, 0, 0, 0, 0, 0, 0, 1, 0, 0, 0, 0, 0, 0, 1, 0, 0, 0, 0, 0, 0, 1, 0, 0, 1, 1, 0, 0, 0, 0, 0, 0, 1, 0, 1, 1, 1, 1, 0, 1, 0, 0, 0, 0, 1, 1, 1, 0, 0, 0, 0, 0, 0, 1, 0, 1, 1, 0, 1, 1, 0, 1, 1, 0, 1, 0, 0, 0, 1, 1, 0, 0, 1, 1, 1, 0, 1, 0, 1, 1, 1, 0, 0, 1, 1, 0, 0, 0, 0, 0, 1, 0, 0, 1, 0, 0, 1, 0, 1, 1, 1, 0, 0, 0, 1, 0, 1, 1, 0, 0, 0, 1, 0, 0, 0, 1, 1, 0, 1, 1, 1, 0, 1, 0, 1, 0, 0, 0, 1, 0, 0, 0, 0, 0, 1, 1, 0, 1, 0, 0, 1, 0, 1, 1, 0, 1, 0, 0, 1, 0, 0, 1, 0, 1, 1, 0, 1, 0, 0, 0, 0, 0, 0, 1, 0, 1, 0, 1, 1, 0, 1, 0, 1, 0, 0, 0, 0, 0, 0, 0, 1, 0, 1, 0, 0, 0, 1, 0, 1, 0, 0, 1, 1, 0, 0, 1, 1, 1, 0, 0, 1, 0, 0, 1, 1, 0, 1, 0, 0, 1, 0, 1, 0, 1, 0, 1, 0, 0, 0, 0, 0]

BESTFULLDTW=(87, 242, 0.35950413223140498)
LISTFULLDTW=[1, 0, 0, 0, 1, 0, 0, 0, 0, 0, 1, 0, 1, 0, 1, 0, 0, 0, 1, 0, 0, 1, 0, 1, 1, 0, 1, 0, 1, 0, 0, 0, 0, 0, 0, 0, 1, 1, 0, 0, 1, 1, 0, 1, 0, 0, 1, 0, 1, 0, 0, 0, 0, 1, 1, 0, 1, 1, 0, 0, 1, 0, 0, 0, 0, 0, 0, 1, 1, 0, 1, 0, 0, 0, 0, 1, 1, 1, 1, 1, 0, 0, 0, 0, 0, 0, 0, 0, 0, 1, 0, 0, 0, 1, 1, 1, 0, 0, 0, 0, 1, 1, 0, 0, 1, 0, 0, 0, 0, 1, 0, 1, 0, 0, 0, 0, 1, 0, 0, 1, 1, 1, 0, 0, 0, 1, 1, 1, 1, 1, 0, 0, 0, 1, 1, 0, 0, 0, 0, 1, 1, 0, 1, 0, 0, 0, 1, 0, 0, 1, 0, 0, 0, 0, 0, 1, 1, 1, 0, 0, 0, 0, 0, 0, 1, 1, 1, 0, 0, 1, 1, 0, 0, 0, 1, 0, 0, 0, 1, 1, 0, 0, 0, 0, 1, 1, 0, 0, 0, 0, 0, 1, 0, 1, 1, 1, 0, 1, 0, 0, 1, 1, 0, 1, 1, 0, 0, 1, 0, 0, 0, 0, 1, 0, 1, 0, 0, 1, 1, 0, 0, 0, 0, 0, 0, 1, 0, 0, 0, 0, 1, 1, 0, 0, 1, 0, 0, 0, 0, 0, 0, 0]

BESTCONSDTW=(80, 242, 0.33057851239669422)
LISTCONSDTW=[1, 0, 0, 0, 0, 0, 1, 0, 0, 1, 1, 0, 1, 0, 1, 0, 0, 0, 1, 0, 0, 0, 0, 0, 0, 0, 0, 0, 1, 0, 0, 0, 0, 0, 0, 0, 1, 1, 0, 0, 1, 0, 0, 0, 0, 1, 1, 0, 1, 0, 0, 0, 0, 1, 0, 0, 1, 1, 0, 0, 1, 0, 1, 0, 0, 1, 0, 1, 0, 0, 0, 0, 0, 0, 0, 0, 1, 1, 0, 1, 0, 0, 0, 0, 0, 0, 0, 0, 0, 1, 1, 1, 0, 1, 1, 1, 0, 0, 0, 0, 0, 1, 0, 1, 1, 0, 0, 0, 0, 1, 0, 1, 0, 0, 1, 0, 1, 1, 1, 0, 1, 1, 0, 0, 0, 0, 1, 1, 1, 1, 0, 0, 0, 1, 0, 0, 0, 0, 0, 1, 1, 1, 1, 0, 0, 0, 0, 0, 0, 1, 0, 0, 0, 0, 0, 1, 1, 1, 0, 0, 0, 1, 0, 1, 1, 1, 1, 0, 0, 1, 0, 0, 0, 0, 0, 0, 0, 0, 0, 0, 0, 0, 0, 0, 0, 1, 0, 0, 1, 0, 0, 1, 0, 1, 1, 1, 0, 1, 0, 0, 1, 0, 0, 1, 1, 0, 0, 1, 0, 1, 0, 0, 1, 0, 1, 0, 0, 1, 1, 0, 0, 0, 0, 0, 0, 1, 0, 0, 0, 0, 1, 0, 0, 0, 1, 0, 1, 0, 0, 0, 0, 0]

BESTGEM=(52, 242, 0.21487603305785125)
LISTGEM=[0, 0, 0, 0, 0, 0, 1, 0, 0, 1, 0, 0, 1, 0, 1, 0, 0, 0, 0, 0, 0, 0, 0, 0, 0, 0, 0, 0, 0, 0, 0, 1, 0, 0, 0, 0, 0, 0, 0, 0, 0, 0, 0, 0, 0, 1, 1, 0, 0, 1, 0, 0, 0, 1, 0, 0, 1, 1, 0, 0, 1, 0, 0, 0, 0, 0, 0, 1, 1, 0, 0, 0, 0, 0, 0, 0, 1, 1, 0, 0, 0, 0, 0, 0, 0, 0, 0, 0, 1, 0, 1, 1, 0, 1, 0, 1, 0, 0, 0, 0, 0, 1, 0, 0, 1, 0, 0, 0, 0, 0, 0, 1, 0, 0, 0, 0, 0, 0, 0, 1, 0, 1, 0, 0, 0, 0, 1, 0, 1, 0, 0, 0, 0, 0, 0, 0, 0, 0, 0, 0, 1, 1, 1, 1, 0, 0, 0, 0, 0, 0, 0, 0, 0, 0, 0, 1, 1, 1, 0, 0, 0, 0, 0, 0, 0, 0, 1, 0, 0, 0, 0, 0, 0, 0, 0, 0, 0, 0, 0, 0, 0, 1, 0, 0, 1, 1, 0, 0, 0, 0, 0, 1, 0, 1, 0, 0, 0, 1, 0, 0, 1, 0, 0, 0, 1, 0, 0, 0, 0, 0, 0, 0, 0, 0, 0, 0, 0, 1, 1, 0, 0, 1, 0, 0, 0, 1, 0, 0, 0, 0, 1, 1, 0, 0, 1, 0, 1, 0, 0, 0, 0, 0]

