# shuffled stratified split (indices referring to UCR database)
TESTINDEX=[ 16 145  59  13 190 163 137 158 134  39 199  73  37 184  82 164  50 114
   5  35  67  22 102 170 107  38 136  33  86  52  62  36  21  94 140  31
 180 191 119  26  40 150  87  19  96 111  78  47 159 162  89  76 122  65
  27  10  79  20  95  51 100 104  83 142  91 198 176 148 182  45 115 161
 178 117 196   2 166  11 193  28 141 192 123 175  23 185 165  93 181  81
 154 149  77  48 197 138 139 135  12  85]
TRAININDEX=[133  15 120  24 110  99 183 194 108 143 126 189  18 132 109  46  68 167
 106  43   0 171  64 147 169 160 146  58   9   3  55  98 195 172 131 187
  80  69 177  17  44  66 153 118 173 152  29 127  97  75  25   8  56   1
   4 168  54 101  88 151  41 116 112 125  57  42  32  53 144 179  34 103
 124 174  90  60 156 105  63 121   7  84  72 188  30  74 155 128 130  49
   6  92 186 113  61  70 129  71  14 157]

# learned parameters for cdtw and gem
# dtw ((error, size, error/size), (window, sqr))
# gem ((error, size, error/size), (St0, St1, E, sym, sqr))
BESTLEARNCONSDTW=((0, 100, 0.0), (0.12, True))
LISTLEARNCONSDTW=[((0, 100, 0.0), (0.040000000000000001, True)), ((0, 100, 0.0), (0.050000000000000003, True)), ((0, 100, 0.0), (0.059999999999999998, True)), ((0, 100, 0.0), (0.070000000000000007, True)), ((0, 100, 0.0), (0.080000000000000002, True)), ((0, 100, 0.0), (0.089999999999999997, True)), ((0, 100, 0.0), (0.10000000000000001, True)), ((0, 100, 0.0), (0.11, True)), ((0, 100, 0.0), (0.12, True)), ((0, 100, 0.0), (0.13, True)), ((0, 100, 0.0), (0.14000000000000001, True)), ((0, 100, 0.0), (0.14999999999999999, True)), ((0, 100, 0.0), (0.16, True)), ((0, 100, 0.0), (0.17000000000000001, True)), ((0, 100, 0.0), (0.17999999999999999, True)), ((0, 100, 0.0), (0.19, True)), ((0, 100, 0.0), (0.20000000000000001, True)), ((2, 100, 0.02), (0.029999999999999999, True)), ((6, 100, 0.06), (0.02, True)), ((9, 100, 0.09), (0.01, True)), ((22, 100, 0.22), (0.0, True))]

BESTLEARNGEM=((0, 100, 0.0), (2, 2, 0.0625, True, True))
LISTLEARNGEM=[((0, 100, 0.0), (2, 2, 0.0078125, True, True)), ((0, 100, 0.0), (2, 2, 0.015625, True, True)), ((0, 100, 0.0), (2, 2, 0.03125, True, True)), ((0, 100, 0.0), (2, 2, 0.0625, True, True)), ((0, 100, 0.0), (2, 2, 0.125, True, True)), ((0, 100, 0.0), (2, 2, 0.25, True, True)), ((0, 100, 0.0), (2, 2, 0.5, True, True)), ((1, 100, 0.01), (2, 2, 0, True, True)), ((1, 100, 0.01), (2, 2, 0.00390625, True, True)), ((6, 100, 0.06), (2, 1, 0, True, True)), ((6, 100, 0.06), (2, 1, 0.00390625, True, True)), ((6, 100, 0.06), (2, 1, 0.0078125, True, True)), ((6, 100, 0.06), (2, 1, 0.015625, True, True)), ((6, 100, 0.06), (2, 1, 0.03125, True, True)), ((6, 100, 0.06), (2, 1, 0.0625, True, True)), ((8, 100, 0.08), (2, 1, 0.125, True, True)), ((9, 100, 0.09), (2, 1, 0.5, True, True)), ((10, 100, 0.1), (2, 1, 0.25, True, True)), ((18, 100, 0.18), (1, 1, 0.125, True, True)), ((18, 100, 0.18), (1, 2, 0.125, True, True)), ((21, 100, 0.21), (1, 1, 0.03125, True, True)), ((21, 100, 0.21), (1, 1, 0.25, True, True)), ((21, 100, 0.21), (1, 2, 0.03125, True, True)), ((21, 100, 0.21), (1, 2, 0.25, True, True)), ((22, 100, 0.22), (1, 1, 0, True, True)), ((22, 100, 0.22), (1, 1, 0.00390625, True, True)), ((22, 100, 0.22), (1, 1, 0.0078125, True, True)), ((22, 100, 0.22), (1, 1, 0.015625, True, True)), ((22, 100, 0.22), (1, 1, 0.0625, True, True)), ((22, 100, 0.22), (1, 2, 0, True, True)), ((22, 100, 0.22), (1, 2, 0.00390625, True, True)), ((22, 100, 0.22), (1, 2, 0.0078125, True, True)), ((22, 100, 0.22), (1, 2, 0.015625, True, True)), ((22, 100, 0.22), (1, 2, 0.0625, True, True)), ((23, 100, 0.23), (1, 1, 0.5, True, True)), ((23, 100, 0.23), (1, 2, 0.5, True, True))]


# error rates for different distance measures
# (error, size, error/size) and binary mask
BESTLP=(21, 100, 0.21)
LISTLP=[0, 0, 1, 1, 0, 0, 0, 0, 0, 0, 0, 0, 0, 0, 0, 1, 0, 0, 0, 0, 0, 0, 0, 0, 0, 0, 0, 0, 0, 0, 0, 0, 0, 1, 1, 0, 0, 0, 0, 0, 0, 0, 1, 0, 0, 0, 0, 0, 0, 0, 1, 0, 1, 1, 0, 1, 0, 1, 0, 1, 0, 0, 0, 1, 0, 0, 1, 0, 0, 0, 0, 0, 0, 0, 0, 0, 0, 0, 1, 0, 0, 0, 0, 0, 1, 1, 0, 0, 0, 1, 0, 0, 0, 1, 0, 0, 0, 1, 1, 0]

BESTFULLDTW=(0, 100, 0.0)
LISTFULLDTW=[0, 0, 0, 0, 0, 0, 0, 0, 0, 0, 0, 0, 0, 0, 0, 0, 0, 0, 0, 0, 0, 0, 0, 0, 0, 0, 0, 0, 0, 0, 0, 0, 0, 0, 0, 0, 0, 0, 0, 0, 0, 0, 0, 0, 0, 0, 0, 0, 0, 0, 0, 0, 0, 0, 0, 0, 0, 0, 0, 0, 0, 0, 0, 0, 0, 0, 0, 0, 0, 0, 0, 0, 0, 0, 0, 0, 0, 0, 0, 0, 0, 0, 0, 0, 0, 0, 0, 0, 0, 0, 0, 0, 0, 0, 0, 0, 0, 0, 0, 0]

BESTCONSDTW=(0, 100, 0.0)
LISTCONSDTW=[0, 0, 0, 0, 0, 0, 0, 0, 0, 0, 0, 0, 0, 0, 0, 0, 0, 0, 0, 0, 0, 0, 0, 0, 0, 0, 0, 0, 0, 0, 0, 0, 0, 0, 0, 0, 0, 0, 0, 0, 0, 0, 0, 0, 0, 0, 0, 0, 0, 0, 0, 0, 0, 0, 0, 0, 0, 0, 0, 0, 0, 0, 0, 0, 0, 0, 0, 0, 0, 0, 0, 0, 0, 0, 0, 0, 0, 0, 0, 0, 0, 0, 0, 0, 0, 0, 0, 0, 0, 0, 0, 0, 0, 0, 0, 0, 0, 0, 0, 0]

BESTGEM=(0, 100, 0.0)
LISTGEM=[0, 0, 0, 0, 0, 0, 0, 0, 0, 0, 0, 0, 0, 0, 0, 0, 0, 0, 0, 0, 0, 0, 0, 0, 0, 0, 0, 0, 0, 0, 0, 0, 0, 0, 0, 0, 0, 0, 0, 0, 0, 0, 0, 0, 0, 0, 0, 0, 0, 0, 0, 0, 0, 0, 0, 0, 0, 0, 0, 0, 0, 0, 0, 0, 0, 0, 0, 0, 0, 0, 0, 0, 0, 0, 0, 0, 0, 0, 0, 0, 0, 0, 0, 0, 0, 0, 0, 0, 0, 0, 0, 0, 0, 0, 0, 0, 0, 0, 0, 0]

