# shuffled stratified split (indices referring to UCR database)
TESTINDEX=[302 196  34 276  69 174 323 221 149 295 207   2  60 162 293 301 333  87
  11 224 166 260  94 303 270  50 125 213 168  13 228  37  12 132  38 235
   1 137 288 253 328 344  73 113 337 153 154 227 317  99 262  33  98 212
 290 175 136  78 171  76 285 220 211  17 182 243 203 265  29 271 255 127
  70  59  41  64  58   3 254 133 246 289 226 305 197 280 126 263 245 120
 299 104 157  66  71   5 135  84 124 206 242 349 186 258 272 300 308  10
 181 291 199 189 277 121 146 161  88  53 183 201 145  25 177 108  45  31
  91 119 304 152  90 159  54 165  75  79 296 200 179 309 115 264 204 234
 273 191  21  93  68 307 233 140   8 241 167  62 225 319 192 261 326 343
  32  40  85 281 209 269 172 195 332 282 188 347 116]
TRAININDEX=[331  35  95 169  81 229 320 324  28 102 134 151 143 178 138 287 298 164
  42 156 310 278  61 187  55 216 155 244  86 248 336  83  92  20 128  51
   9 112 311  44  89 208 292 342 117 283 160 306  30 348 238  27 340 123
  18  47 114 193  97 284 268  23 100 251 250 163 131  43 240 173 239 170
 222  14 275 214 297 312 122 107 158 130 257  77 267  96 105 129 252 330
 103 147 266  72  16  49 176 279  67 198  48  63 318 142 202  52 184 325
 314 341 180 237 338   7  82  56 210 249  19  46  22 294 230 231 286 232
   0 329 110  74 345 190   4 316 339 274 313   6  24 218 256 327  80 322
 111 215 101 194  36  39 118 144  65 185 219 334 205 259 236 106 315  57
 109 139 217 223 148  15 150 335  26 321 346 141 247]

# learned parameters for cdtw and gem
# dtw ((error, size, error/size), (window, sqr))
# gem ((error, size, error/size), (St0, St1, E, sym, sqr))
BESTLEARNCONSDTW=((28, 175, 0.16), (0.02, True))
LISTLEARNCONSDTW=[((28, 175, 0.16), (0.02, True)), ((29, 175, 0.1657142857142857), (0.01, True)), ((30, 175, 0.17142857142857143), (0.0, True)), ((34, 175, 0.19428571428571428), (0.029999999999999999, True)), ((38, 175, 0.21714285714285714), (0.040000000000000001, True)), ((39, 175, 0.22285714285714286), (0.070000000000000007, True)), ((40, 175, 0.22857142857142856), (0.059999999999999998, True)), ((41, 175, 0.23428571428571429), (0.050000000000000003, True)), ((42, 175, 0.23999999999999999), (0.080000000000000002, True)), ((43, 175, 0.24571428571428572), (0.089999999999999997, True)), ((43, 175, 0.24571428571428572), (0.10000000000000001, True)), ((43, 175, 0.24571428571428572), (0.11, True)), ((43, 175, 0.24571428571428572), (0.12, True)), ((43, 175, 0.24571428571428572), (0.13, True)), ((43, 175, 0.24571428571428572), (0.14000000000000001, True)), ((43, 175, 0.24571428571428572), (0.14999999999999999, True)), ((43, 175, 0.24571428571428572), (0.16, True)), ((43, 175, 0.24571428571428572), (0.17000000000000001, True)), ((43, 175, 0.24571428571428572), (0.17999999999999999, True)), ((43, 175, 0.24571428571428572), (0.19, True)), ((43, 175, 0.24571428571428572), (0.20000000000000001, True))]

BESTLEARNGEM=((15, 175, 0.085714285714285715), (2, 1, 0.0625, True, True))
LISTLEARNGEM=[((15, 175, 0.085714285714285715), (2, 1, 0.03125, True, True)), ((15, 175, 0.085714285714285715), (2, 1, 0.0625, True, True)), ((16, 175, 0.091428571428571428), (2, 1, 0.015625, True, True)), ((16, 175, 0.091428571428571428), (2, 1, 0.5, True, True)), ((18, 175, 0.10285714285714286), (2, 1, 0.0078125, True, True)), ((19, 175, 0.10857142857142857), (2, 1, 0.125, True, True)), ((20, 175, 0.11428571428571428), (2, 2, 0.5, True, True)), ((21, 175, 0.12), (2, 1, 0.00390625, True, True)), ((22, 175, 0.12571428571428572), (2, 2, 0.125, True, True)), ((23, 175, 0.13142857142857142), (2, 1, 0.25, True, True)), ((24, 175, 0.13714285714285715), (1, 1, 0.25, True, True)), ((24, 175, 0.13714285714285715), (1, 2, 0.25, True, True)), ((24, 175, 0.13714285714285715), (2, 2, 0.25, True, True)), ((25, 175, 0.14285714285714285), (2, 2, 0.0078125, True, True)), ((26, 175, 0.14857142857142858), (1, 1, 0.0078125, True, True)), ((26, 175, 0.14857142857142858), (1, 1, 0.03125, True, True)), ((26, 175, 0.14857142857142858), (1, 1, 0.125, True, True)), ((26, 175, 0.14857142857142858), (1, 2, 0.0078125, True, True)), ((26, 175, 0.14857142857142858), (1, 2, 0.03125, True, True)), ((26, 175, 0.14857142857142858), (1, 2, 0.125, True, True)), ((26, 175, 0.14857142857142858), (2, 2, 0.03125, True, True)), ((27, 175, 0.15428571428571428), (1, 1, 0.015625, True, True)), ((27, 175, 0.15428571428571428), (1, 1, 0.0625, True, True)), ((27, 175, 0.15428571428571428), (1, 2, 0.015625, True, True)), ((27, 175, 0.15428571428571428), (1, 2, 0.0625, True, True)), ((27, 175, 0.15428571428571428), (2, 2, 0.00390625, True, True)), ((27, 175, 0.15428571428571428), (2, 2, 0.015625, True, True)), ((28, 175, 0.16), (1, 1, 0.00390625, True, True)), ((28, 175, 0.16), (1, 1, 0.5, True, True)), ((28, 175, 0.16), (1, 2, 0.00390625, True, True)), ((28, 175, 0.16), (1, 2, 0.5, True, True)), ((28, 175, 0.16), (2, 2, 0.0625, True, True)), ((29, 175, 0.1657142857142857), (2, 1, 0, True, True)), ((30, 175, 0.17142857142857143), (1, 1, 0, True, True)), ((30, 175, 0.17142857142857143), (1, 2, 0, True, True)), ((31, 175, 0.17714285714285713), (2, 2, 0, True, True))]


# error rates for different distance measures
# (error, size, error/size) and binary mask
BESTLP=(40, 175, 0.22857142857142856)
LISTLP=[0, 0, 1, 0, 0, 1, 0, 1, 0, 0, 0, 0, 0, 0, 1, 0, 1, 0, 0, 0, 0, 0, 1, 0, 1, 0, 0, 0, 0, 0, 0, 0, 0, 0, 0, 0, 0, 1, 1, 0, 1, 0, 0, 0, 0, 0, 1, 0, 1, 1, 1, 0, 0, 0, 0, 0, 0, 0, 0, 0, 0, 1, 0, 0, 0, 0, 0, 1, 0, 1, 1, 0, 0, 0, 1, 0, 0, 0, 0, 0, 0, 0, 0, 0, 0, 1, 0, 0, 0, 0, 0, 0, 0, 0, 1, 0, 0, 0, 0, 0, 1, 1, 0, 0, 0, 0, 0, 1, 0, 0, 0, 1, 0, 0, 0, 1, 0, 0, 0, 0, 0, 1, 0, 0, 0, 0, 1, 0, 0, 0, 0, 0, 0, 0, 1, 0, 0, 0, 0, 0, 1, 0, 0, 0, 1, 1, 0, 0, 1, 0, 0, 0, 1, 0, 1, 0, 0, 1, 1, 0, 0, 0, 0, 1, 0, 0, 1, 0, 0, 1, 0, 0, 0, 0, 0]

BESTFULLDTW=(38, 175, 0.21714285714285714)
LISTFULLDTW=[1, 0, 0, 1, 1, 0, 1, 0, 0, 1, 0, 0, 0, 1, 1, 0, 1, 0, 0, 0, 0, 0, 1, 1, 0, 0, 0, 0, 0, 0, 0, 0, 0, 0, 0, 0, 1, 0, 1, 0, 0, 0, 0, 0, 0, 0, 0, 0, 1, 0, 1, 0, 0, 0, 0, 0, 0, 0, 0, 0, 0, 1, 0, 0, 0, 0, 0, 0, 0, 0, 0, 0, 0, 1, 1, 0, 0, 0, 0, 0, 1, 0, 0, 0, 0, 1, 0, 0, 0, 0, 0, 0, 0, 0, 0, 0, 0, 0, 0, 0, 0, 1, 0, 1, 0, 1, 0, 0, 1, 0, 0, 1, 0, 0, 0, 1, 0, 1, 0, 1, 0, 0, 0, 1, 1, 1, 0, 0, 0, 0, 0, 0, 0, 0, 0, 0, 0, 0, 0, 0, 0, 0, 0, 0, 0, 0, 1, 0, 1, 0, 0, 0, 1, 1, 0, 0, 1, 0, 0, 0, 0, 0, 0, 1, 0, 0, 0, 0, 0, 0, 0, 0, 1, 0, 1]

BESTCONSDTW=(41, 175, 0.23428571428571429)
LISTCONSDTW=[1, 0, 0, 0, 0, 0, 0, 0, 0, 0, 0, 0, 0, 1, 1, 0, 1, 0, 0, 0, 0, 0, 1, 0, 1, 0, 0, 0, 0, 0, 1, 0, 0, 0, 0, 0, 0, 0, 1, 0, 0, 0, 0, 0, 0, 0, 0, 0, 1, 0, 1, 0, 0, 0, 0, 0, 0, 0, 0, 0, 0, 1, 0, 0, 0, 0, 0, 1, 0, 0, 0, 0, 0, 1, 1, 1, 0, 0, 0, 0, 0, 1, 1, 0, 0, 1, 0, 0, 0, 0, 0, 0, 0, 0, 1, 1, 0, 0, 0, 0, 1, 0, 0, 1, 0, 1, 0, 1, 0, 0, 0, 1, 0, 0, 0, 1, 0, 1, 0, 0, 1, 0, 0, 0, 1, 0, 0, 0, 0, 0, 0, 0, 0, 0, 1, 0, 0, 0, 0, 0, 0, 0, 0, 0, 1, 1, 0, 0, 1, 0, 0, 0, 1, 0, 1, 0, 0, 0, 1, 0, 0, 0, 0, 1, 0, 0, 1, 0, 0, 1, 0, 0, 1, 0, 1]

BESTGEM=(16, 175, 0.091428571428571428)
LISTGEM=[0, 0, 0, 0, 0, 0, 0, 0, 0, 0, 0, 0, 0, 0, 1, 0, 0, 0, 0, 0, 0, 0, 0, 0, 0, 0, 0, 0, 0, 0, 0, 0, 0, 0, 0, 0, 0, 0, 0, 0, 1, 0, 0, 0, 0, 0, 0, 0, 1, 0, 1, 0, 0, 0, 0, 0, 0, 0, 0, 0, 0, 1, 0, 0, 0, 0, 0, 0, 0, 0, 0, 0, 0, 0, 1, 0, 0, 0, 0, 0, 0, 1, 0, 0, 0, 0, 0, 0, 0, 0, 0, 0, 0, 0, 1, 0, 0, 0, 0, 0, 0, 0, 0, 0, 0, 0, 0, 0, 0, 0, 0, 0, 0, 0, 0, 0, 0, 0, 0, 0, 0, 0, 0, 0, 1, 0, 0, 0, 0, 0, 0, 0, 0, 0, 1, 0, 0, 0, 0, 0, 1, 0, 0, 0, 0, 1, 0, 0, 1, 0, 0, 0, 1, 0, 0, 0, 0, 0, 0, 0, 0, 0, 0, 0, 0, 0, 0, 0, 0, 1, 0, 0, 1, 0, 0]

