# shuffled stratified split (indices referring to UCR database)
TESTINDEX=[ 98 256 141 259 236 151 172 221  28 202  95 185  10 306  76  43 273 133
 136 284  83 318 103  80 167 232 279  70 326 311 320  48 243 222 140 132
 246  82  69 244  34 197 291 328 282 170 166 295 175 337 319 117 294 211
 147  26  58 247 146 323 277  64 186 226  22  37  29 342 218 188 278   3
 203 253 339 274 223 327  85 343 289 208 315 168 212  46 220 334 233 270
 261   4 228 258 217 238  15  25 250 229 329 102 267  99 154  30 106 139
   1 227 198 182 128  56 230  81 340 255 144 160 158  49 214   9 173 324
 348 105  45 349   0  21 181 101 297  51 331 213 347 305 346  11  72  36
 152  84 248 200 115 286 129 280 285 276 199 109 316  38 148 116 165  53
 262   6 288 239   2 204 330 196  24 123 195 345  41]
TRAININDEX=[298   8  17 309 307 332 171 266 341 299  61  19  60 156 112 131 271 162
  20 159 317 176 264  12  23 293 321 272  77 312 313 308  50  79 177 252
 336  47 257 189 142 174 110 163 149 190 111  86 191 303 122 296 314  27
  71 219  67 300  35 118 249  52  55 135   5 231 120 287 224 138 310 164
 215 184  68 206 178 192 134 194  96 145 119 292   7 169  65 304 241 125
 251 155 234  93 157  63  88  31 153 150  87 237 269 260 281 207 108  16
 137  59 143 114 100  74 265 126 268 302  91 161  66  75 187  33  78 205
  97  94  32 183  90  42 338 322 245  89 275 242 127 209 283 179 240 210
 254 344 301  57  44 225  14  13 107 113 325 263 290 130 333  62  73  39
 216  92 193 121 180  40  54 201 235 124 104 335  18]

# learned parameters for cdtw and gem
# dtw ((error, size, error/size), (window, sqr))
# gem ((error, size, error/size), (St0, St1, E, sym, sqr))
BESTLEARNCONSDTW=((35, 175, 0.20000000000000001), (0.01, True))
LISTLEARNCONSDTW=[((35, 175, 0.20000000000000001), (0.01, True)), ((36, 175, 0.20571428571428571), (0.0, True)), ((38, 175, 0.21714285714285714), (0.02, True)), ((47, 175, 0.26857142857142857), (0.029999999999999999, True)), ((48, 175, 0.2742857142857143), (0.040000000000000001, True)), ((50, 175, 0.2857142857142857), (0.070000000000000007, True)), ((50, 175, 0.2857142857142857), (0.080000000000000002, True)), ((51, 175, 0.29142857142857143), (0.089999999999999997, True)), ((51, 175, 0.29142857142857143), (0.10000000000000001, True)), ((52, 175, 0.29714285714285715), (0.059999999999999998, True)), ((52, 175, 0.29714285714285715), (0.11, True)), ((52, 175, 0.29714285714285715), (0.12, True)), ((52, 175, 0.29714285714285715), (0.13, True)), ((52, 175, 0.29714285714285715), (0.14000000000000001, True)), ((52, 175, 0.29714285714285715), (0.14999999999999999, True)), ((52, 175, 0.29714285714285715), (0.16, True)), ((52, 175, 0.29714285714285715), (0.17000000000000001, True)), ((52, 175, 0.29714285714285715), (0.17999999999999999, True)), ((52, 175, 0.29714285714285715), (0.19, True)), ((52, 175, 0.29714285714285715), (0.20000000000000001, True)), ((55, 175, 0.31428571428571428), (0.050000000000000003, True))]

BESTLEARNGEM=((13, 175, 0.074285714285714288), (2, 1, 0.0625, True, True))
LISTLEARNGEM=[((13, 175, 0.074285714285714288), (2, 1, 0.03125, True, True)), ((13, 175, 0.074285714285714288), (2, 1, 0.0625, True, True)), ((15, 175, 0.085714285714285715), (2, 1, 0.015625, True, True)), ((19, 175, 0.10857142857142857), (2, 1, 0.0078125, True, True)), ((20, 175, 0.11428571428571428), (2, 2, 0.5, True, True)), ((22, 175, 0.12571428571428572), (2, 1, 0.00390625, True, True)), ((22, 175, 0.12571428571428572), (2, 1, 0.125, True, True)), ((23, 175, 0.13142857142857142), (2, 1, 0.25, True, True)), ((23, 175, 0.13142857142857142), (2, 1, 0.5, True, True)), ((24, 175, 0.13714285714285715), (2, 2, 0.125, True, True)), ((26, 175, 0.14857142857142858), (2, 2, 0.25, True, True)), ((28, 175, 0.16), (2, 2, 0.03125, True, True)), ((29, 175, 0.1657142857142857), (2, 1, 0, True, True)), ((29, 175, 0.1657142857142857), (2, 2, 0.0078125, True, True)), ((29, 175, 0.1657142857142857), (2, 2, 0.0625, True, True)), ((30, 175, 0.17142857142857143), (2, 2, 0.015625, True, True)), ((32, 175, 0.18285714285714286), (1, 1, 0.5, True, True)), ((32, 175, 0.18285714285714286), (1, 2, 0.5, True, True)), ((32, 175, 0.18285714285714286), (2, 2, 0, True, True)), ((32, 175, 0.18285714285714286), (2, 2, 0.00390625, True, True)), ((33, 175, 0.18857142857142858), (1, 1, 0.25, True, True)), ((33, 175, 0.18857142857142858), (1, 2, 0.25, True, True)), ((34, 175, 0.19428571428571428), (1, 1, 0.0625, True, True)), ((34, 175, 0.19428571428571428), (1, 2, 0.0625, True, True)), ((35, 175, 0.20000000000000001), (1, 1, 0.00390625, True, True)), ((35, 175, 0.20000000000000001), (1, 1, 0.0078125, True, True)), ((35, 175, 0.20000000000000001), (1, 1, 0.015625, True, True)), ((35, 175, 0.20000000000000001), (1, 1, 0.03125, True, True)), ((35, 175, 0.20000000000000001), (1, 1, 0.125, True, True)), ((35, 175, 0.20000000000000001), (1, 2, 0.00390625, True, True)), ((35, 175, 0.20000000000000001), (1, 2, 0.0078125, True, True)), ((35, 175, 0.20000000000000001), (1, 2, 0.015625, True, True)), ((35, 175, 0.20000000000000001), (1, 2, 0.03125, True, True)), ((35, 175, 0.20000000000000001), (1, 2, 0.125, True, True)), ((43, 175, 0.24571428571428572), (1, 1, 0, True, True)), ((43, 175, 0.24571428571428572), (1, 2, 0, True, True))]


# error rates for different distance measures
# (error, size, error/size) and binary mask
BESTLP=(32, 175, 0.18285714285714286)
LISTLP=[0, 0, 1, 0, 0, 0, 0, 1, 0, 0, 0, 1, 1, 0, 0, 0, 0, 0, 0, 0, 0, 1, 0, 0, 1, 0, 0, 0, 0, 0, 0, 0, 0, 0, 0, 0, 0, 0, 1, 0, 1, 0, 0, 1, 0, 0, 0, 0, 0, 0, 1, 0, 0, 0, 0, 0, 0, 0, 0, 0, 0, 0, 0, 1, 1, 0, 0, 0, 0, 0, 0, 0, 0, 0, 0, 0, 0, 0, 0, 0, 0, 0, 0, 0, 0, 0, 1, 0, 0, 1, 0, 0, 0, 0, 0, 0, 0, 1, 0, 0, 0, 1, 0, 1, 0, 0, 1, 0, 0, 0, 0, 0, 1, 0, 1, 0, 1, 1, 1, 0, 0, 0, 0, 0, 0, 0, 1, 0, 0, 0, 0, 0, 0, 0, 0, 1, 0, 0, 0, 0, 0, 0, 1, 0, 0, 0, 0, 0, 1, 0, 0, 1, 0, 0, 0, 0, 0, 0, 0, 0, 0, 0, 1, 0, 1, 0, 0, 0, 0, 0, 0, 0, 1, 0, 1]

BESTFULLDTW=(38, 175, 0.21714285714285714)
LISTFULLDTW=[0, 0, 1, 0, 0, 0, 0, 0, 0, 0, 1, 1, 0, 0, 0, 0, 0, 0, 0, 0, 0, 0, 1, 0, 1, 0, 0, 0, 0, 0, 0, 0, 0, 0, 0, 0, 0, 0, 0, 0, 0, 0, 0, 0, 0, 0, 0, 1, 1, 0, 0, 0, 1, 0, 0, 0, 0, 0, 0, 1, 0, 0, 0, 0, 0, 0, 0, 0, 0, 1, 0, 1, 0, 1, 0, 0, 0, 0, 1, 0, 0, 0, 0, 1, 0, 0, 0, 0, 0, 0, 0, 0, 0, 0, 0, 0, 1, 1, 0, 1, 0, 0, 0, 0, 0, 0, 0, 0, 1, 0, 1, 0, 1, 0, 1, 0, 1, 0, 0, 0, 0, 0, 1, 0, 0, 0, 1, 1, 0, 1, 0, 1, 1, 0, 0, 0, 0, 0, 0, 0, 0, 0, 0, 0, 0, 0, 0, 0, 1, 0, 0, 1, 0, 1, 0, 0, 0, 0, 0, 0, 0, 1, 1, 1, 1, 0, 1, 0, 0, 0, 0, 1, 1, 0, 0]

BESTCONSDTW=(29, 175, 0.1657142857142857)
LISTCONSDTW=[0, 0, 1, 0, 0, 0, 0, 0, 0, 0, 0, 1, 1, 0, 0, 0, 1, 0, 0, 0, 0, 0, 0, 0, 1, 0, 0, 0, 0, 0, 0, 0, 0, 0, 0, 0, 0, 0, 0, 0, 0, 0, 0, 0, 0, 0, 0, 0, 0, 0, 1, 0, 0, 0, 0, 0, 0, 0, 0, 0, 0, 1, 0, 1, 0, 0, 0, 0, 0, 1, 0, 0, 0, 0, 0, 0, 1, 0, 0, 0, 0, 0, 0, 0, 0, 0, 1, 0, 0, 1, 0, 0, 1, 0, 0, 0, 0, 1, 0, 0, 0, 1, 0, 0, 0, 1, 1, 0, 0, 0, 0, 0, 1, 0, 1, 0, 1, 0, 0, 0, 0, 0, 0, 0, 0, 0, 1, 0, 1, 0, 0, 0, 0, 0, 0, 1, 0, 0, 0, 0, 0, 0, 0, 0, 0, 0, 0, 0, 1, 0, 0, 1, 0, 0, 0, 0, 0, 0, 0, 0, 0, 0, 1, 0, 1, 0, 0, 0, 0, 0, 0, 0, 1, 0, 1]

BESTGEM=(15, 175, 0.085714285714285715)
LISTGEM=[0, 0, 1, 0, 0, 0, 0, 0, 0, 0, 0, 1, 1, 0, 0, 0, 0, 0, 0, 0, 0, 1, 0, 0, 0, 0, 0, 0, 0, 0, 0, 0, 0, 0, 0, 0, 0, 0, 0, 0, 0, 1, 0, 1, 0, 0, 0, 0, 0, 0, 0, 0, 0, 0, 0, 0, 0, 0, 0, 0, 0, 0, 0, 1, 0, 0, 0, 0, 0, 0, 0, 0, 0, 0, 0, 0, 0, 0, 0, 0, 1, 0, 0, 0, 0, 0, 1, 0, 0, 0, 0, 0, 1, 0, 0, 0, 0, 0, 0, 0, 0, 1, 0, 0, 0, 0, 0, 0, 0, 0, 0, 0, 1, 0, 1, 0, 0, 0, 0, 0, 0, 0, 0, 0, 0, 0, 0, 0, 0, 0, 0, 0, 0, 0, 0, 0, 0, 0, 0, 0, 0, 0, 0, 0, 0, 0, 0, 0, 1, 0, 0, 0, 0, 0, 0, 0, 0, 0, 0, 0, 0, 0, 1, 0, 0, 0, 0, 0, 0, 0, 0, 0, 0, 0, 0]

