# shuffled stratified split (indices referring to UCR database)
TESTINDEX=[264 204 118 111 120 262 241 202 236 290  83  23   5 187 281 300 332  53
 169 145 309  11  45 137 149 323 322 180 175  22 304 318 249  90 154 252
  59 263 186 160 210 324 308 189 148  87  97 115 269  26 207 127  37 239
 192  31 174  21  29 345 205 224 292 164  84 319 310 307 340 201 297  88
 108  17 229 163 337 151  68  91 188 155 126 261 253  51 130  92  55  74
 135 209 218  34 329 220 274 195 334   6 301 349  61 182  58 299 321 270
 266 291 152 128  86 287 150 288  63 219 214 158  32 250 246 121 258 235
   3 267 302  66 216 136 179  73 147  71 232 132  60  81  19 140  76 231
  50 338 280  13 311 348 181 312  56  46 260 107 228 255 114 276  14 296
 344 185   1 101 157 305  85 293 116 245  39  40 161]
TRAININDEX=[279 125  70 217 303 247 105 223 178 306  27  44 317  96 196 168 328 170
  93  24 314 285  78 333 222 162 240   4 193 177  16 282  33 242 284 198
 159  28 313 211  54 176  67 138  15  94 119 133 275 117   9 339  52 316
 268  77 315 277   2  69 283 141 342 131 335 146 230 144 320 215  75 341
 102  64 213  18 271 203 212 327   0 166 238 265  65 113 124  89 153 336
  10 243 184 171  12 326 347 325  20 104 248 237  95 225 172   8 167 294
 254 227 191  62 251  35 134  25  42 122 256 112 257 199  80 200 331 190
  82 194 197 139  72 295 234 244  36 156  30 298 142 100  49 221  41 106
 226 123 233 208 173 343 272  47 129 109 143  99 273  38 183 259  57  48
 286  79   7 103 289  43  98 278 346 165 330 110 206]

# learned parameters for cdtw and gem
# dtw ((error, size, error/size), (window, sqr))
# gem ((error, size, error/size), (St0, St1, E, sym, sqr))
BESTLEARNCONSDTW=((27, 175, 0.15428571428571428), (0.02, True))
LISTLEARNCONSDTW=[((27, 175, 0.15428571428571428), (0.02, True)), ((28, 175, 0.16), (0.01, True)), ((30, 175, 0.17142857142857143), (0.0, True)), ((33, 175, 0.18857142857142858), (0.029999999999999999, True)), ((36, 175, 0.20571428571428571), (0.059999999999999998, True)), ((37, 175, 0.21142857142857144), (0.040000000000000001, True)), ((38, 175, 0.21714285714285714), (0.050000000000000003, True)), ((42, 175, 0.23999999999999999), (0.089999999999999997, True)), ((43, 175, 0.24571428571428572), (0.070000000000000007, True)), ((43, 175, 0.24571428571428572), (0.080000000000000002, True)), ((43, 175, 0.24571428571428572), (0.10000000000000001, True)), ((43, 175, 0.24571428571428572), (0.11, True)), ((43, 175, 0.24571428571428572), (0.12, True)), ((43, 175, 0.24571428571428572), (0.13, True)), ((43, 175, 0.24571428571428572), (0.14000000000000001, True)), ((43, 175, 0.24571428571428572), (0.14999999999999999, True)), ((43, 175, 0.24571428571428572), (0.16, True)), ((43, 175, 0.24571428571428572), (0.17000000000000001, True)), ((43, 175, 0.24571428571428572), (0.17999999999999999, True)), ((43, 175, 0.24571428571428572), (0.19, True)), ((43, 175, 0.24571428571428572), (0.20000000000000001, True))]

BESTLEARNGEM=((13, 175, 0.074285714285714288), (2, 1, 0.0625, True, True))
LISTLEARNGEM=[((13, 175, 0.074285714285714288), (2, 1, 0.015625, True, True)), ((13, 175, 0.074285714285714288), (2, 1, 0.0625, True, True)), ((13, 175, 0.074285714285714288), (2, 2, 0.5, True, True)), ((14, 175, 0.080000000000000002), (2, 1, 0.03125, True, True)), ((15, 175, 0.085714285714285715), (2, 1, 0.0078125, True, True)), ((15, 175, 0.085714285714285715), (2, 1, 0.125, True, True)), ((15, 175, 0.085714285714285715), (2, 2, 0.25, True, True)), ((17, 175, 0.097142857142857142), (2, 1, 0.00390625, True, True)), ((17, 175, 0.097142857142857142), (2, 2, 0.0625, True, True)), ((18, 175, 0.10285714285714286), (2, 1, 0.5, True, True)), ((18, 175, 0.10285714285714286), (2, 2, 0.125, True, True)), ((20, 175, 0.11428571428571428), (1, 1, 0.0625, True, True)), ((20, 175, 0.11428571428571428), (1, 2, 0.0625, True, True)), ((20, 175, 0.11428571428571428), (2, 1, 0, True, True)), ((20, 175, 0.11428571428571428), (2, 1, 0.25, True, True)), ((20, 175, 0.11428571428571428), (2, 2, 0.015625, True, True)), ((22, 175, 0.12571428571428572), (1, 1, 0.03125, True, True)), ((22, 175, 0.12571428571428572), (1, 1, 0.125, True, True)), ((22, 175, 0.12571428571428572), (1, 1, 0.25, True, True)), ((22, 175, 0.12571428571428572), (1, 2, 0.03125, True, True)), ((22, 175, 0.12571428571428572), (1, 2, 0.125, True, True)), ((22, 175, 0.12571428571428572), (1, 2, 0.25, True, True)), ((22, 175, 0.12571428571428572), (2, 2, 0.0078125, True, True)), ((22, 175, 0.12571428571428572), (2, 2, 0.03125, True, True)), ((23, 175, 0.13142857142857142), (2, 2, 0, True, True)), ((23, 175, 0.13142857142857142), (2, 2, 0.00390625, True, True)), ((24, 175, 0.13714285714285715), (1, 1, 0.015625, True, True)), ((24, 175, 0.13714285714285715), (1, 2, 0.015625, True, True)), ((25, 175, 0.14285714285714285), (1, 1, 0.5, True, True)), ((25, 175, 0.14285714285714285), (1, 2, 0.5, True, True)), ((29, 175, 0.1657142857142857), (1, 1, 0.00390625, True, True)), ((29, 175, 0.1657142857142857), (1, 1, 0.0078125, True, True)), ((29, 175, 0.1657142857142857), (1, 2, 0.00390625, True, True)), ((29, 175, 0.1657142857142857), (1, 2, 0.0078125, True, True)), ((32, 175, 0.18285714285714286), (1, 1, 0, True, True)), ((32, 175, 0.18285714285714286), (1, 2, 0, True, True))]


# error rates for different distance measures
# (error, size, error/size) and binary mask
BESTLP=(40, 175, 0.22857142857142856)
LISTLP=[0, 0, 0, 0, 0, 1, 0, 0, 0, 0, 0, 0, 0, 1, 0, 0, 0, 0, 0, 0, 0, 0, 0, 1, 0, 0, 0, 0, 0, 1, 0, 1, 1, 0, 0, 0, 0, 0, 0, 0, 0, 1, 0, 1, 0, 0, 0, 0, 0, 0, 0, 0, 0, 0, 1, 1, 1, 1, 0, 0, 1, 0, 1, 0, 0, 0, 0, 0, 1, 0, 0, 0, 0, 0, 0, 0, 0, 0, 1, 1, 1, 0, 0, 0, 0, 1, 0, 0, 0, 0, 0, 1, 0, 1, 0, 1, 0, 1, 1, 0, 0, 1, 0, 0, 0, 0, 0, 1, 0, 0, 0, 0, 0, 0, 0, 1, 0, 0, 0, 0, 0, 0, 0, 0, 0, 0, 0, 0, 0, 0, 1, 0, 0, 0, 0, 1, 0, 0, 0, 0, 0, 0, 0, 0, 0, 1, 1, 0, 0, 1, 0, 0, 0, 0, 0, 1, 1, 1, 0, 0, 0, 0, 0, 1, 0, 0, 0, 0, 0, 1, 0, 0, 1, 1, 1]

BESTFULLDTW=(39, 175, 0.22285714285714286)
LISTFULLDTW=[0, 0, 0, 0, 0, 1, 1, 0, 0, 0, 0, 0, 0, 0, 0, 1, 0, 1, 0, 0, 1, 0, 0, 0, 0, 0, 0, 0, 0, 0, 0, 0, 1, 0, 0, 0, 0, 0, 0, 0, 1, 0, 0, 0, 0, 1, 0, 1, 0, 0, 0, 0, 0, 0, 0, 1, 0, 1, 0, 0, 1, 0, 0, 0, 0, 0, 0, 0, 1, 0, 0, 0, 1, 0, 1, 0, 0, 0, 1, 0, 0, 1, 0, 0, 0, 0, 1, 0, 0, 0, 0, 0, 0, 0, 0, 1, 0, 0, 0, 1, 0, 1, 0, 0, 0, 0, 0, 0, 1, 0, 0, 1, 1, 0, 0, 1, 0, 0, 1, 0, 0, 0, 0, 0, 1, 0, 1, 0, 1, 0, 0, 0, 0, 0, 0, 0, 0, 0, 0, 0, 0, 0, 0, 0, 0, 1, 1, 0, 0, 1, 1, 0, 0, 0, 0, 0, 0, 0, 0, 0, 0, 0, 0, 0, 1, 0, 0, 0, 1, 1, 1, 0, 1, 1, 0]

BESTCONSDTW=(42, 175, 0.23999999999999999)
LISTCONSDTW=[0, 0, 0, 0, 0, 1, 0, 0, 0, 1, 0, 0, 0, 1, 0, 1, 0, 1, 0, 0, 0, 0, 1, 0, 0, 0, 0, 0, 0, 0, 0, 1, 1, 0, 0, 0, 1, 0, 0, 0, 0, 0, 0, 1, 0, 1, 0, 1, 0, 0, 0, 0, 0, 0, 0, 0, 0, 1, 0, 0, 1, 0, 0, 0, 0, 0, 1, 0, 1, 0, 0, 0, 1, 0, 1, 0, 0, 0, 1, 1, 1, 1, 0, 0, 0, 0, 1, 0, 0, 0, 0, 1, 0, 1, 0, 1, 0, 1, 0, 0, 0, 0, 0, 0, 0, 0, 0, 1, 0, 0, 0, 1, 1, 0, 0, 1, 0, 0, 1, 0, 0, 0, 0, 0, 1, 0, 0, 0, 1, 0, 0, 0, 0, 0, 0, 1, 0, 0, 0, 0, 0, 0, 0, 0, 0, 1, 1, 0, 0, 0, 0, 0, 0, 0, 1, 0, 0, 0, 0, 0, 0, 0, 0, 1, 0, 0, 0, 0, 0, 0, 0, 0, 1, 1, 1]

BESTGEM=(15, 175, 0.085714285714285715)
LISTGEM=[0, 0, 0, 0, 0, 1, 0, 0, 0, 0, 0, 0, 0, 0, 0, 0, 0, 0, 0, 0, 0, 0, 0, 0, 0, 0, 0, 0, 0, 0, 0, 1, 1, 0, 0, 0, 0, 0, 0, 0, 1, 0, 0, 0, 0, 0, 0, 1, 0, 0, 0, 0, 0, 0, 0, 0, 0, 1, 0, 0, 0, 0, 0, 1, 0, 0, 0, 0, 0, 0, 0, 0, 0, 0, 0, 0, 0, 0, 1, 0, 0, 0, 0, 0, 0, 0, 0, 0, 0, 0, 0, 0, 0, 0, 0, 1, 0, 1, 0, 0, 0, 0, 0, 0, 0, 0, 0, 0, 0, 0, 0, 1, 0, 0, 0, 0, 0, 0, 0, 0, 0, 0, 0, 0, 0, 0, 0, 0, 0, 0, 0, 0, 0, 0, 0, 1, 0, 0, 0, 0, 0, 0, 0, 0, 0, 1, 0, 0, 0, 0, 0, 0, 0, 0, 0, 0, 0, 0, 0, 0, 0, 0, 0, 1, 0, 0, 0, 0, 0, 0, 0, 0, 0, 1, 0]

