# shuffled stratified split (indices referring to UCR database)
TESTINDEX=[203 155 241 310  21 296 346 163 161  77 205 213 294 128 291 130 185  42
  68 172 330 337   4 226 264 316  27 287 166 153 198 262 187 149  70 307
 138 146 256 270 102 123  55 100 236  92  98 200  79  53 145 328 165  67
  86  43 109 122 151  16 139  35 193 115 194 305  57 195  50 263  18 223
 173 192 302 338 131 137  23  84  63  45  17 106 134  44   6 321 306 297
 207  33 136  32 234 343 249 284  89 177  58 309 250 247 119 254  87   7
 292 124 214  76  28 331 202  24 324 184 341 252   2 208  47 210  20 345
 332 333 257  85 104 320 282  49 141 232 204 212 312 113 301 313  91 243
 186 258 259  11 132 239 266 197 215 269 227 255 231  73 160 253 171 238
 133 303 289 169 240 189  36  38  99 216 110  81 347]
TRAININDEX=[ 82 317  65  97   8  51 342 325 191  54 225 220  78 154 286  60 245 176
  69 327 280 150  74 242 201 233  61 143   5  41 114 170 142  30  88  15
 105 162 246  96 117 319 135 196 278 222 127  72 140 152  52  40 188 295
 348 121 111 180  56  39 265 157 326 183 275  26 339 221 340 103 336   1
 272  94 290 229 281 168 174 237 156 244 315 175 334  93 288   3 308  14
 314   9 311 224  48 158  19 206 181  95 116   0 251  29  13 126 209 118
 285  71 147 144 178  22 167  10  25 211 101 179 125 318  59 329  80 235
 322 274 300 230 182 218  37  64 148 219 112  62 344  66 299 335 349 190
  83  46 260  90 217  75 276 304  34 323 277  31 199 228 293 268 159 107
 279 271 129 273 164 298 120  12 248 267 108 261 283]

# learned parameters for cdtw and gem
# dtw ((error, size, error/size), (window, sqr))
# gem ((error, size, error/size), (St0, St1, E, sym, sqr))
BESTLEARNCONSDTW=((29, 175, 0.1657142857142857), (0.050000000000000003, True))
LISTLEARNCONSDTW=[((29, 175, 0.1657142857142857), (0.050000000000000003, True)), ((31, 175, 0.17714285714285713), (0.040000000000000001, True)), ((33, 175, 0.18857142857142858), (0.059999999999999998, True)), ((34, 175, 0.19428571428571428), (0.02, True)), ((35, 175, 0.20000000000000001), (0.070000000000000007, True)), ((36, 175, 0.20571428571428571), (0.01, True)), ((36, 175, 0.20571428571428571), (0.029999999999999999, True)), ((37, 175, 0.21142857142857144), (0.080000000000000002, True)), ((37, 175, 0.21142857142857144), (0.089999999999999997, True)), ((37, 175, 0.21142857142857144), (0.10000000000000001, True)), ((37, 175, 0.21142857142857144), (0.11, True)), ((37, 175, 0.21142857142857144), (0.12, True)), ((37, 175, 0.21142857142857144), (0.13, True)), ((37, 175, 0.21142857142857144), (0.14000000000000001, True)), ((37, 175, 0.21142857142857144), (0.14999999999999999, True)), ((37, 175, 0.21142857142857144), (0.16, True)), ((37, 175, 0.21142857142857144), (0.17000000000000001, True)), ((37, 175, 0.21142857142857144), (0.17999999999999999, True)), ((37, 175, 0.21142857142857144), (0.19, True)), ((37, 175, 0.21142857142857144), (0.20000000000000001, True)), ((38, 175, 0.21714285714285714), (0.0, True))]

BESTLEARNGEM=((16, 175, 0.091428571428571428), (2, 1, 0.03125, True, True))
LISTLEARNGEM=[((16, 175, 0.091428571428571428), (2, 1, 0.03125, True, True)), ((17, 175, 0.097142857142857142), (2, 1, 0.0078125, True, True)), ((17, 175, 0.097142857142857142), (2, 1, 0.015625, True, True)), ((18, 175, 0.10285714285714286), (2, 1, 0.0625, True, True)), ((18, 175, 0.10285714285714286), (2, 1, 0.125, True, True)), ((18, 175, 0.10285714285714286), (2, 1, 0.5, True, True)), ((20, 175, 0.11428571428571428), (2, 1, 0.00390625, True, True)), ((20, 175, 0.11428571428571428), (2, 1, 0.25, True, True)), ((20, 175, 0.11428571428571428), (2, 2, 0.5, True, True)), ((21, 175, 0.12), (2, 2, 0.25, True, True)), ((22, 175, 0.12571428571428572), (2, 2, 0.125, True, True)), ((23, 175, 0.13142857142857142), (2, 2, 0.015625, True, True)), ((23, 175, 0.13142857142857142), (2, 2, 0.03125, True, True)), ((24, 175, 0.13714285714285715), (2, 2, 0, True, True)), ((25, 175, 0.14285714285714285), (2, 2, 0.00390625, True, True)), ((25, 175, 0.14285714285714285), (2, 2, 0.0625, True, True)), ((26, 175, 0.14857142857142858), (2, 1, 0, True, True)), ((26, 175, 0.14857142857142858), (2, 2, 0.0078125, True, True)), ((28, 175, 0.16), (1, 1, 0.0625, True, True)), ((28, 175, 0.16), (1, 2, 0.0625, True, True)), ((31, 175, 0.17714285714285713), (1, 1, 0.125, True, True)), ((31, 175, 0.17714285714285713), (1, 2, 0.125, True, True)), ((32, 175, 0.18285714285714286), (1, 1, 0.03125, True, True)), ((32, 175, 0.18285714285714286), (1, 2, 0.03125, True, True)), ((34, 175, 0.19428571428571428), (1, 1, 0.0078125, True, True)), ((34, 175, 0.19428571428571428), (1, 1, 0.015625, True, True)), ((34, 175, 0.19428571428571428), (1, 1, 0.25, True, True)), ((34, 175, 0.19428571428571428), (1, 2, 0.0078125, True, True)), ((34, 175, 0.19428571428571428), (1, 2, 0.015625, True, True)), ((34, 175, 0.19428571428571428), (1, 2, 0.25, True, True)), ((36, 175, 0.20571428571428571), (1, 1, 0.5, True, True)), ((36, 175, 0.20571428571428571), (1, 2, 0.5, True, True)), ((37, 175, 0.21142857142857144), (1, 1, 0.00390625, True, True)), ((37, 175, 0.21142857142857144), (1, 2, 0.00390625, True, True)), ((38, 175, 0.21714285714285714), (1, 1, 0, True, True)), ((38, 175, 0.21714285714285714), (1, 2, 0, True, True))]


# error rates for different distance measures
# (error, size, error/size) and binary mask
BESTLP=(30, 175, 0.17142857142857143)
LISTLP=[0, 0, 0, 0, 1, 1, 0, 0, 1, 0, 0, 0, 0, 1, 0, 0, 1, 0, 0, 0, 0, 0, 0, 0, 0, 0, 0, 0, 0, 0, 0, 1, 0, 0, 0, 1, 1, 0, 0, 0, 0, 0, 0, 0, 0, 0, 0, 1, 0, 0, 0, 1, 0, 0, 0, 0, 0, 0, 1, 1, 0, 0, 0, 1, 0, 0, 0, 0, 0, 0, 0, 0, 0, 0, 0, 1, 1, 0, 0, 0, 0, 0, 0, 0, 1, 0, 0, 0, 0, 1, 0, 0, 0, 0, 0, 0, 1, 0, 0, 0, 0, 0, 0, 0, 0, 0, 0, 1, 1, 0, 0, 0, 0, 0, 0, 0, 0, 0, 0, 0, 0, 0, 1, 1, 0, 0, 0, 0, 1, 0, 0, 1, 0, 0, 1, 0, 0, 0, 0, 0, 0, 0, 1, 0, 0, 0, 0, 0, 0, 0, 0, 1, 1, 0, 0, 0, 0, 1, 0, 0, 0, 0, 0, 0, 0, 0, 0, 0, 0, 0, 1, 0, 0, 0, 0]

BESTFULLDTW=(43, 175, 0.24571428571428572)
LISTFULLDTW=[0, 1, 0, 0, 1, 0, 0, 0, 0, 0, 1, 0, 0, 1, 0, 1, 1, 0, 1, 0, 1, 0, 0, 1, 0, 0, 0, 0, 0, 0, 0, 1, 0, 0, 0, 0, 0, 0, 0, 0, 0, 1, 0, 0, 0, 0, 0, 0, 0, 1, 0, 0, 0, 0, 1, 0, 0, 0, 1, 0, 0, 0, 1, 0, 0, 0, 0, 1, 0, 0, 0, 0, 0, 0, 1, 1, 1, 1, 0, 0, 0, 0, 0, 0, 0, 0, 1, 0, 0, 1, 0, 1, 0, 0, 0, 0, 1, 0, 1, 1, 0, 0, 1, 0, 1, 0, 1, 0, 0, 0, 1, 0, 0, 0, 0, 0, 0, 0, 1, 0, 0, 0, 0, 1, 0, 1, 0, 0, 1, 1, 0, 0, 0, 0, 1, 0, 0, 0, 0, 0, 0, 0, 1, 0, 0, 1, 0, 0, 0, 0, 1, 0, 1, 0, 0, 0, 0, 0, 0, 0, 0, 0, 0, 1, 0, 0, 0, 1, 0, 0, 0, 1, 0, 0, 0]

BESTCONSDTW=(40, 175, 0.22857142857142856)
LISTCONSDTW=[0, 1, 0, 0, 1, 0, 0, 0, 0, 0, 1, 0, 0, 1, 0, 1, 1, 0, 1, 0, 1, 0, 0, 1, 0, 0, 1, 0, 0, 0, 0, 1, 0, 0, 0, 0, 0, 0, 0, 0, 0, 1, 0, 0, 0, 0, 0, 0, 0, 1, 0, 0, 0, 0, 1, 0, 0, 0, 1, 0, 0, 0, 1, 0, 0, 0, 0, 0, 0, 0, 0, 0, 0, 0, 1, 1, 1, 1, 0, 0, 0, 0, 0, 0, 0, 0, 1, 0, 0, 1, 0, 1, 0, 0, 0, 0, 1, 0, 1, 1, 0, 0, 0, 0, 0, 0, 1, 0, 0, 0, 1, 0, 0, 0, 0, 0, 0, 0, 0, 0, 0, 0, 0, 1, 0, 1, 0, 0, 1, 0, 0, 0, 0, 0, 1, 0, 0, 0, 0, 0, 0, 0, 1, 0, 0, 1, 0, 0, 0, 0, 1, 0, 1, 0, 0, 0, 0, 1, 0, 0, 0, 0, 0, 1, 0, 0, 0, 1, 0, 0, 0, 1, 0, 0, 0]

BESTGEM=(11, 175, 0.062857142857142861)
LISTGEM=[0, 0, 0, 0, 1, 0, 0, 0, 1, 0, 1, 0, 0, 1, 0, 0, 1, 0, 0, 0, 0, 0, 0, 1, 0, 0, 0, 0, 0, 0, 0, 0, 0, 0, 0, 1, 0, 0, 0, 0, 0, 0, 0, 0, 0, 0, 0, 0, 0, 0, 0, 0, 0, 0, 0, 0, 0, 0, 0, 0, 0, 0, 0, 0, 0, 0, 0, 0, 0, 0, 0, 0, 0, 0, 0, 1, 0, 0, 0, 0, 0, 0, 0, 0, 0, 0, 0, 0, 0, 0, 0, 0, 0, 0, 0, 0, 0, 0, 0, 0, 0, 0, 0, 0, 0, 0, 0, 0, 1, 0, 0, 0, 0, 0, 0, 0, 0, 0, 0, 0, 0, 0, 0, 0, 0, 0, 0, 0, 1, 0, 0, 0, 0, 0, 0, 0, 0, 0, 0, 0, 0, 0, 0, 0, 0, 0, 0, 0, 0, 0, 0, 0, 0, 0, 0, 0, 0, 0, 0, 0, 0, 0, 0, 0, 1, 0, 0, 0, 0, 0, 0, 0, 0, 0, 0]

