# shuffled stratified split (indices referring to UCR database)
TESTINDEX=[264 340  43 307 249 317 127 268 281 260 298 334 279 184 269 272 176 120
 155  89 312 223 301 310  54  26  49 261  72 167 274 339 130  27  48 345
 195 219 233 136 276 336 115 320 265 288 257  64 275  44 325 203  66  46
  33 300 171 209  74  18  36 243 230 322 196 241  96 226 146 137 200  99
  10 142 297 148 229 247 284 139 149 153 258 175 194  21 191  85  62  78
  83 166   6 277 239   2 248 285 113  25 211   4 163 131 280 296 332  28
  29 246 278 174  79 291  19 192 138  84 251 262  92  61 208 217 335  17
 294  51 313 125 232 289 147  94 190 242 123 286 197 109 114 214 228   1
  30 304 271 122 173 329 202  39 159 187 292 253 103  45  56 172 212 181
 237  91 270 206 319 110  87 111 236 309 119 308 344]
TRAININDEX=[ 71  35 250 348 151 145  86  52 179 290  75 328  65 118 311 221 185 199
  77 128 224 337 326   0 299 213 141   7 254  68 140 106 112 182 160 124
  82 321 227 324   3 105 101  42  73  24 108  95 252 235  80  90  88 231
 170 215  67  97 116 327  63 316  55  41 338 216  31  12  38 218 158 331
 295 220 126 161 207 183 135 330 104  22 349 343 186 255  53 293  15 157
  40 102 117  60 129 201 333   8 314 303 143 132  32 346 189  59  16  81
  76 177   5 169 256 323 240 198 341  47  37  14 225 259  23 121  69 107
  70 305 287  50 154 168 210 283 133 222 156 342  58 178 204  57 234 302
 263 267  13 188  20 245 162 347 273  93  11 134 193 282  34  98 238 100
 152 315 244 318 165 164 150 266   9 306 180 205 144]

# learned parameters for cdtw and gem
# dtw ((error, size, error/size), (window, sqr))
# gem ((error, size, error/size), (St0, St1, E, sym, sqr))
BESTLEARNCONSDTW=((28, 175, 0.16), (0.050000000000000003, True))
LISTLEARNCONSDTW=[((28, 175, 0.16), (0.050000000000000003, True)), ((29, 175, 0.1657142857142857), (0.040000000000000001, True)), ((30, 175, 0.17142857142857143), (0.029999999999999999, True)), ((33, 175, 0.18857142857142858), (0.02, True)), ((33, 175, 0.18857142857142858), (0.059999999999999998, True)), ((35, 175, 0.20000000000000001), (0.01, True)), ((35, 175, 0.20000000000000001), (0.070000000000000007, True)), ((37, 175, 0.21142857142857144), (0.0, True)), ((37, 175, 0.21142857142857144), (0.10000000000000001, True)), ((37, 175, 0.21142857142857144), (0.11, True)), ((37, 175, 0.21142857142857144), (0.12, True)), ((37, 175, 0.21142857142857144), (0.13, True)), ((37, 175, 0.21142857142857144), (0.14000000000000001, True)), ((37, 175, 0.21142857142857144), (0.14999999999999999, True)), ((37, 175, 0.21142857142857144), (0.16, True)), ((37, 175, 0.21142857142857144), (0.17000000000000001, True)), ((37, 175, 0.21142857142857144), (0.17999999999999999, True)), ((37, 175, 0.21142857142857144), (0.19, True)), ((37, 175, 0.21142857142857144), (0.20000000000000001, True)), ((38, 175, 0.21714285714285714), (0.080000000000000002, True)), ((38, 175, 0.21714285714285714), (0.089999999999999997, True))]

BESTLEARNGEM=((13, 175, 0.074285714285714288), (2, 1, 0.5, True, True))
LISTLEARNGEM=[((13, 175, 0.074285714285714288), (2, 1, 0.5, True, True)), ((15, 175, 0.085714285714285715), (2, 1, 0.0625, True, True)), ((16, 175, 0.091428571428571428), (2, 1, 0.03125, True, True)), ((17, 175, 0.097142857142857142), (2, 1, 0.125, True, True)), ((17, 175, 0.097142857142857142), (2, 2, 0.5, True, True)), ((18, 175, 0.10285714285714286), (2, 2, 0.125, True, True)), ((19, 175, 0.10857142857142857), (2, 1, 0.25, True, True)), ((21, 175, 0.12), (2, 1, 0.015625, True, True)), ((21, 175, 0.12), (2, 2, 0.25, True, True)), ((23, 175, 0.13142857142857142), (2, 2, 0.0625, True, True)), ((24, 175, 0.13714285714285715), (2, 1, 0.00390625, True, True)), ((24, 175, 0.13714285714285715), (2, 1, 0.0078125, True, True)), ((26, 175, 0.14857142857142858), (2, 1, 0, True, True)), ((28, 175, 0.16), (1, 1, 0.0625, True, True)), ((28, 175, 0.16), (1, 2, 0.0625, True, True)), ((28, 175, 0.16), (2, 2, 0.0078125, True, True)), ((28, 175, 0.16), (2, 2, 0.015625, True, True)), ((28, 175, 0.16), (2, 2, 0.03125, True, True)), ((29, 175, 0.1657142857142857), (2, 2, 0.00390625, True, True)), ((31, 175, 0.17714285714285713), (1, 1, 0.03125, True, True)), ((31, 175, 0.17714285714285713), (1, 1, 0.125, True, True)), ((31, 175, 0.17714285714285713), (1, 1, 0.25, True, True)), ((31, 175, 0.17714285714285713), (1, 2, 0.03125, True, True)), ((31, 175, 0.17714285714285713), (1, 2, 0.125, True, True)), ((31, 175, 0.17714285714285713), (1, 2, 0.25, True, True)), ((31, 175, 0.17714285714285713), (2, 2, 0, True, True)), ((32, 175, 0.18285714285714286), (1, 1, 0.5, True, True)), ((32, 175, 0.18285714285714286), (1, 2, 0.5, True, True)), ((33, 175, 0.18857142857142858), (1, 1, 0.015625, True, True)), ((33, 175, 0.18857142857142858), (1, 2, 0.015625, True, True)), ((36, 175, 0.20571428571428571), (1, 1, 0.00390625, True, True)), ((36, 175, 0.20571428571428571), (1, 1, 0.0078125, True, True)), ((36, 175, 0.20571428571428571), (1, 2, 0.00390625, True, True)), ((36, 175, 0.20571428571428571), (1, 2, 0.0078125, True, True)), ((39, 175, 0.22285714285714286), (1, 1, 0, True, True)), ((39, 175, 0.22285714285714286), (1, 2, 0, True, True))]


# error rates for different distance measures
# (error, size, error/size) and binary mask
BESTLP=(35, 175, 0.20000000000000001)
LISTLP=[0, 0, 0, 1, 1, 1, 1, 1, 0, 0, 0, 0, 0, 0, 0, 0, 0, 0, 0, 0, 0, 0, 0, 0, 0, 0, 0, 0, 1, 1, 0, 0, 0, 1, 0, 0, 1, 0, 0, 0, 0, 0, 1, 1, 1, 1, 1, 0, 0, 0, 0, 0, 0, 0, 1, 0, 0, 1, 1, 0, 0, 0, 1, 0, 0, 0, 0, 1, 0, 0, 0, 1, 0, 0, 1, 0, 1, 0, 0, 0, 0, 0, 0, 0, 0, 0, 1, 0, 0, 0, 0, 0, 0, 0, 0, 0, 0, 0, 0, 1, 0, 0, 0, 1, 1, 0, 0, 0, 0, 0, 0, 0, 0, 0, 0, 1, 1, 0, 0, 1, 0, 0, 0, 0, 0, 0, 0, 0, 0, 0, 0, 0, 0, 1, 0, 1, 0, 0, 1, 0, 0, 0, 0, 0, 0, 0, 0, 0, 0, 0, 0, 1, 0, 0, 0, 0, 0, 0, 0, 0, 0, 0, 0, 1, 1, 0, 0, 0, 0, 0, 0, 0, 0, 0, 0]

BESTFULLDTW=(42, 175, 0.23999999999999999)
LISTFULLDTW=[0, 1, 0, 1, 1, 1, 0, 1, 0, 1, 0, 0, 0, 0, 0, 1, 0, 0, 1, 0, 0, 0, 0, 0, 0, 0, 0, 0, 0, 1, 0, 0, 1, 1, 1, 0, 1, 0, 0, 0, 0, 0, 0, 1, 0, 1, 1, 0, 0, 0, 0, 0, 0, 0, 1, 1, 0, 0, 1, 0, 0, 0, 1, 0, 0, 0, 0, 1, 0, 0, 0, 0, 0, 0, 1, 0, 1, 0, 0, 0, 0, 0, 1, 0, 1, 1, 0, 1, 0, 0, 0, 0, 1, 0, 0, 0, 0, 0, 0, 0, 0, 0, 0, 1, 1, 0, 0, 0, 0, 0, 0, 0, 0, 1, 0, 0, 0, 0, 0, 1, 0, 0, 0, 0, 0, 0, 0, 1, 1, 0, 0, 0, 0, 1, 0, 0, 1, 0, 0, 0, 0, 0, 0, 1, 1, 0, 1, 0, 0, 0, 0, 1, 0, 0, 0, 0, 0, 0, 0, 0, 0, 1, 0, 0, 0, 0, 0, 0, 0, 0, 0, 0, 1, 0, 0]

BESTCONSDTW=(49, 175, 0.28000000000000003)
LISTCONSDTW=[0, 1, 0, 1, 1, 1, 1, 1, 0, 1, 0, 0, 0, 0, 1, 1, 0, 0, 1, 0, 0, 0, 0, 0, 0, 0, 0, 0, 0, 1, 0, 0, 1, 1, 1, 0, 1, 0, 0, 0, 0, 0, 0, 1, 1, 1, 1, 0, 0, 0, 0, 0, 0, 1, 1, 1, 0, 0, 0, 1, 0, 0, 1, 0, 0, 0, 0, 1, 0, 0, 0, 0, 0, 0, 1, 0, 1, 0, 0, 0, 0, 0, 1, 0, 1, 1, 0, 1, 0, 0, 0, 0, 1, 0, 0, 0, 0, 0, 0, 0, 0, 0, 0, 1, 1, 0, 0, 0, 0, 0, 0, 0, 0, 1, 0, 1, 1, 0, 0, 1, 0, 0, 0, 0, 0, 0, 0, 1, 1, 0, 0, 0, 0, 1, 0, 0, 1, 0, 0, 0, 0, 0, 0, 1, 1, 0, 0, 0, 0, 0, 0, 1, 0, 0, 0, 0, 0, 0, 0, 0, 0, 1, 0, 1, 1, 0, 0, 0, 0, 0, 0, 0, 1, 0, 0]

BESTGEM=(16, 175, 0.091428571428571428)
LISTGEM=[0, 0, 0, 1, 0, 1, 1, 0, 0, 0, 0, 0, 0, 0, 0, 0, 0, 0, 1, 0, 0, 1, 0, 0, 0, 0, 0, 0, 0, 0, 0, 0, 0, 0, 0, 0, 0, 0, 0, 0, 0, 0, 1, 0, 1, 0, 1, 0, 0, 0, 0, 0, 0, 0, 0, 0, 0, 0, 0, 0, 0, 0, 1, 0, 0, 0, 0, 0, 0, 0, 0, 0, 0, 0, 0, 0, 1, 0, 0, 0, 0, 0, 0, 0, 0, 0, 0, 0, 0, 0, 0, 0, 0, 0, 0, 0, 0, 0, 0, 0, 0, 0, 0, 0, 0, 0, 0, 0, 0, 0, 0, 0, 0, 0, 0, 0, 1, 0, 0, 1, 0, 0, 0, 0, 0, 0, 0, 0, 0, 1, 0, 1, 0, 0, 0, 1, 0, 0, 0, 0, 0, 0, 0, 0, 0, 0, 0, 0, 0, 0, 0, 0, 0, 0, 0, 0, 0, 0, 0, 0, 0, 0, 1, 0, 0, 0, 0, 0, 0, 0, 0, 0, 0, 0, 0]

