# shuffled stratified split (indices referring to UCR database)
TESTINDEX=[  3 224 191 269 248 118   6  92 159 110  37 152 177 111 280  82 292 314
  44 317  57 328 132  36 207 163 180   7 158  24 267 183  93  35 275 241
 230 334 326 313 215 307  75 309  48 304 296 249 256 218 144  89  40  99
 315 244 250  18 254 189 176 270 105  53 287 260  98 200 203  56 297 108
 107 306 201 238  78 349  85 346  11 235  23  39 104 126 247 308 223  61
  32 282 245 195 273 190 240  42 161 115 214  17 131 194 321 290 305 301
 198 154 264 283 160 151  58  28 239 117 285  41  65 173 225 246  69 147
   4 343 341 133  27  87  86 165 208  66 106 332 229 319 340  84  55 202
 142  71  31 197 217 124  73  47 289 143 130 236 140 125  54 237   5 169
 243  67 300  52  81  19 227  43 347 266  25 101 123]
TRAININDEX=[188 303 323 114  16 187 192   8  49 166  74 320  12 324 127 293  29 277
 325  46  20 331 310 231 199 252 209 212 129 103 336 261  72 175  33 288
  63   2 181 136 186  94 312 268 257 156 294 281 271 316 137 185 299 228
  15 138 338 272 168 150  13 234  96  21 274 174  90 337 210 100 162  83
  70  62 298 116  60 216 205 135 134  38 153 335   9  45 348 322 112 345
 157 262 278 193 164  88  22 155 265 259   0 167 330 128 213 149  26 311
  97 242 139 339 122 327  64  68 172 170  80 145 263 233 342  30 179  34
 184  95 211 329 226 344 219  51 251 286 204 333 141 171 232 253  77 120
 221 121  76 146 279 206 255 295 102  59 148  10 109  79 258 196 119 291
 276 302 318 113 182   1  14 220 284  50 222  91 178]

# learned parameters for cdtw and gem
# dtw ((error, size, error/size), (window, sqr))
# gem ((error, size, error/size), (St0, St1, E, sym, sqr))
BESTLEARNCONSDTW=((34, 175, 0.19428571428571428), (0.0, True))
LISTLEARNCONSDTW=[((34, 175, 0.19428571428571428), (0.0, True)), ((35, 175, 0.20000000000000001), (0.02, True)), ((38, 175, 0.21714285714285714), (0.01, True)), ((41, 175, 0.23428571428571429), (0.029999999999999999, True)), ((41, 175, 0.23428571428571429), (0.040000000000000001, True)), ((42, 175, 0.23999999999999999), (0.059999999999999998, True)), ((43, 175, 0.24571428571428572), (0.070000000000000007, True)), ((44, 175, 0.25142857142857145), (0.080000000000000002, True)), ((44, 175, 0.25142857142857145), (0.089999999999999997, True)), ((44, 175, 0.25142857142857145), (0.10000000000000001, True)), ((44, 175, 0.25142857142857145), (0.11, True)), ((44, 175, 0.25142857142857145), (0.12, True)), ((45, 175, 0.25714285714285712), (0.13, True)), ((45, 175, 0.25714285714285712), (0.14000000000000001, True)), ((45, 175, 0.25714285714285712), (0.14999999999999999, True)), ((45, 175, 0.25714285714285712), (0.16, True)), ((45, 175, 0.25714285714285712), (0.17000000000000001, True)), ((45, 175, 0.25714285714285712), (0.17999999999999999, True)), ((45, 175, 0.25714285714285712), (0.19, True)), ((45, 175, 0.25714285714285712), (0.20000000000000001, True)), ((46, 175, 0.26285714285714284), (0.050000000000000003, True))]

BESTLEARNGEM=((14, 175, 0.080000000000000002), (2, 1, 0.0625, True, True))
LISTLEARNGEM=[((14, 175, 0.080000000000000002), (2, 1, 0.03125, True, True)), ((14, 175, 0.080000000000000002), (2, 1, 0.0625, True, True)), ((15, 175, 0.085714285714285715), (2, 1, 0.125, True, True)), ((17, 175, 0.097142857142857142), (2, 1, 0.015625, True, True)), ((18, 175, 0.10285714285714286), (2, 1, 0.25, True, True)), ((18, 175, 0.10285714285714286), (2, 1, 0.5, True, True)), ((20, 175, 0.11428571428571428), (1, 1, 0.125, True, True)), ((20, 175, 0.11428571428571428), (1, 2, 0.125, True, True)), ((20, 175, 0.11428571428571428), (2, 1, 0.0078125, True, True)), ((21, 175, 0.12), (2, 2, 0.5, True, True)), ((22, 175, 0.12571428571428572), (1, 1, 0.0625, True, True)), ((22, 175, 0.12571428571428572), (1, 2, 0.0625, True, True)), ((24, 175, 0.13714285714285715), (1, 1, 0.03125, True, True)), ((24, 175, 0.13714285714285715), (1, 2, 0.03125, True, True)), ((24, 175, 0.13714285714285715), (2, 2, 0.25, True, True)), ((25, 175, 0.14285714285714285), (2, 1, 0.00390625, True, True)), ((26, 175, 0.14857142857142858), (1, 1, 0.25, True, True)), ((26, 175, 0.14857142857142858), (1, 2, 0.25, True, True)), ((27, 175, 0.15428571428571428), (1, 1, 0.5, True, True)), ((27, 175, 0.15428571428571428), (1, 2, 0.5, True, True)), ((27, 175, 0.15428571428571428), (2, 2, 0.125, True, True)), ((28, 175, 0.16), (2, 1, 0, True, True)), ((29, 175, 0.1657142857142857), (2, 2, 0.0078125, True, True)), ((30, 175, 0.17142857142857143), (2, 2, 0.015625, True, True)), ((31, 175, 0.17714285714285713), (1, 1, 0.0078125, True, True)), ((31, 175, 0.17714285714285713), (1, 2, 0.0078125, True, True)), ((31, 175, 0.17714285714285713), (2, 2, 0.00390625, True, True)), ((31, 175, 0.17714285714285713), (2, 2, 0.03125, True, True)), ((31, 175, 0.17714285714285713), (2, 2, 0.0625, True, True)), ((32, 175, 0.18285714285714286), (1, 1, 0.015625, True, True)), ((32, 175, 0.18285714285714286), (1, 2, 0.015625, True, True)), ((34, 175, 0.19428571428571428), (2, 2, 0, True, True)), ((35, 175, 0.20000000000000001), (1, 1, 0, True, True)), ((35, 175, 0.20000000000000001), (1, 1, 0.00390625, True, True)), ((35, 175, 0.20000000000000001), (1, 2, 0, True, True)), ((35, 175, 0.20000000000000001), (1, 2, 0.00390625, True, True))]


# error rates for different distance measures
# (error, size, error/size) and binary mask
BESTLP=(35, 175, 0.20000000000000001)
LISTLP=[0, 1, 1, 0, 0, 0, 0, 0, 0, 0, 0, 0, 1, 0, 1, 0, 0, 0, 0, 1, 0, 1, 0, 0, 0, 0, 0, 0, 0, 0, 0, 0, 0, 0, 1, 0, 1, 0, 0, 0, 0, 0, 1, 0, 0, 0, 1, 1, 0, 0, 0, 0, 1, 1, 1, 0, 0, 0, 0, 1, 0, 1, 0, 0, 0, 0, 0, 0, 0, 0, 0, 0, 1, 0, 0, 0, 0, 0, 0, 0, 0, 0, 0, 1, 0, 0, 0, 0, 0, 0, 0, 0, 0, 1, 1, 0, 0, 0, 1, 1, 0, 0, 1, 0, 0, 0, 0, 0, 0, 0, 0, 0, 0, 0, 0, 0, 1, 0, 0, 0, 0, 0, 0, 0, 0, 0, 0, 0, 0, 0, 1, 0, 0, 0, 0, 1, 0, 0, 0, 0, 1, 0, 0, 0, 0, 1, 0, 1, 0, 0, 1, 1, 0, 0, 0, 0, 0, 0, 0, 0, 0, 1, 1, 0, 0, 0, 0, 0, 0, 0, 0, 1, 1, 0, 0]

BESTFULLDTW=(44, 175, 0.25142857142857145)
LISTFULLDTW=[1, 1, 1, 0, 0, 0, 0, 0, 0, 0, 0, 0, 1, 0, 1, 0, 0, 0, 0, 1, 1, 1, 0, 0, 0, 0, 0, 0, 0, 0, 0, 0, 0, 0, 1, 1, 1, 0, 0, 1, 0, 0, 0, 0, 1, 0, 0, 1, 0, 0, 0, 0, 1, 0, 0, 0, 0, 0, 1, 1, 0, 0, 0, 1, 0, 0, 0, 0, 0, 0, 0, 1, 0, 0, 0, 0, 0, 1, 1, 0, 0, 0, 0, 1, 0, 0, 0, 0, 0, 0, 0, 0, 0, 0, 0, 0, 0, 0, 1, 0, 1, 0, 1, 0, 0, 0, 0, 0, 0, 0, 0, 0, 0, 0, 0, 0, 1, 0, 0, 1, 0, 0, 0, 0, 0, 0, 0, 0, 0, 0, 0, 1, 1, 0, 0, 1, 0, 0, 1, 0, 1, 0, 0, 0, 0, 0, 1, 1, 0, 0, 1, 1, 0, 1, 1, 0, 0, 0, 0, 0, 0, 0, 1, 0, 1, 1, 0, 0, 0, 0, 0, 1, 1, 0, 1]

BESTCONSDTW=(35, 175, 0.20000000000000001)
LISTCONSDTW=[0, 1, 1, 0, 0, 0, 0, 0, 0, 0, 0, 0, 1, 0, 1, 0, 0, 0, 0, 1, 0, 1, 0, 0, 0, 0, 0, 0, 0, 0, 0, 0, 0, 0, 1, 0, 1, 0, 0, 0, 0, 0, 1, 0, 0, 0, 1, 1, 0, 0, 0, 0, 1, 1, 1, 0, 0, 0, 0, 1, 0, 1, 0, 0, 0, 0, 0, 0, 0, 0, 0, 0, 1, 0, 0, 0, 0, 0, 0, 0, 0, 0, 0, 1, 0, 0, 0, 0, 0, 0, 0, 0, 0, 1, 1, 0, 0, 0, 1, 1, 0, 0, 1, 0, 0, 0, 0, 0, 0, 0, 0, 0, 0, 0, 0, 0, 1, 0, 0, 0, 0, 0, 0, 0, 0, 0, 0, 0, 0, 0, 1, 0, 0, 0, 0, 1, 0, 0, 0, 0, 1, 0, 0, 0, 0, 1, 0, 1, 0, 0, 1, 1, 0, 0, 0, 0, 0, 0, 0, 0, 0, 1, 1, 0, 0, 0, 0, 0, 0, 0, 0, 1, 1, 0, 0]

BESTGEM=(12, 175, 0.068571428571428575)
LISTGEM=[0, 0, 0, 0, 0, 0, 0, 0, 0, 0, 0, 0, 0, 0, 0, 0, 0, 0, 0, 1, 0, 0, 0, 0, 0, 0, 0, 0, 0, 0, 0, 0, 0, 0, 1, 0, 1, 0, 0, 0, 0, 0, 0, 0, 0, 0, 0, 1, 0, 0, 0, 0, 1, 0, 0, 0, 0, 0, 0, 0, 0, 0, 0, 0, 0, 0, 0, 0, 0, 0, 0, 0, 0, 0, 0, 0, 0, 0, 0, 0, 0, 0, 0, 1, 0, 0, 0, 0, 0, 0, 0, 0, 0, 0, 0, 0, 1, 0, 0, 1, 0, 0, 0, 0, 0, 0, 0, 0, 0, 0, 0, 0, 0, 0, 0, 0, 0, 0, 0, 0, 0, 0, 0, 0, 0, 0, 0, 0, 0, 0, 0, 0, 0, 0, 0, 0, 0, 0, 0, 0, 0, 0, 0, 0, 0, 0, 0, 0, 0, 0, 1, 1, 1, 0, 0, 0, 0, 0, 0, 0, 0, 0, 0, 0, 0, 0, 0, 0, 0, 0, 0, 1, 0, 0, 0]

