# shuffled stratified split (indices referring to UCR database)
TESTINDEX=[ 66 127  84  15  64 187  27 160  60 114 139 158 119  77  34 106  81 131
 192 133  42 182  11 153  16  51 163 135  49  63 112 104  18  82 145  17
 181  96 166 151 180   1  33  61 167  56  90  46 169 105  28  45  95 146
  22   9 194 168  38  98  74 191 126 176  40  13   4 185 164  54  71   8
 184  36 107 198  24  10 110 171 123  48 172  78 174  93  85  87   0 161
 125 124 196 128 157  39 193 175  89   7]
TRAININDEX=[103   3  94  37 117 148 152 134 183 177 101  72 155  80 186  62 118 129
  67  58  69  86  99  68  25 190 156 188 178 138  55 120  52  57 116 150
  44 141 111 144  79  88 149 113 159  31 100  50  41  65 102 143 147 195
 140 165  70 154 108  30   6  26 109  97 122  14 136 137  32 179 142  76
  43 199 173 162  19  20 121  21 170   2  83  12 130  47  91 197  23  73
  29 132  35  59 189  75  53   5  92 115]

# learned parameters for cdtw and gem
# dtw ((error, size, error/size), (window, sqr))
# gem ((error, size, error/size), (St0, St1, E, sym, sqr))
BESTLEARNCONSDTW=((0, 100, 0.0), (0.12, True))
LISTLEARNCONSDTW=[((0, 100, 0.0), (0.040000000000000001, True)), ((0, 100, 0.0), (0.050000000000000003, True)), ((0, 100, 0.0), (0.059999999999999998, True)), ((0, 100, 0.0), (0.070000000000000007, True)), ((0, 100, 0.0), (0.080000000000000002, True)), ((0, 100, 0.0), (0.089999999999999997, True)), ((0, 100, 0.0), (0.10000000000000001, True)), ((0, 100, 0.0), (0.11, True)), ((0, 100, 0.0), (0.12, True)), ((0, 100, 0.0), (0.13, True)), ((0, 100, 0.0), (0.14000000000000001, True)), ((0, 100, 0.0), (0.14999999999999999, True)), ((0, 100, 0.0), (0.16, True)), ((0, 100, 0.0), (0.17000000000000001, True)), ((0, 100, 0.0), (0.17999999999999999, True)), ((0, 100, 0.0), (0.19, True)), ((0, 100, 0.0), (0.20000000000000001, True)), ((1, 100, 0.01), (0.029999999999999999, True)), ((2, 100, 0.02), (0.02, True)), ((5, 100, 0.05), (0.01, True)), ((17, 100, 0.17), (0.0, True))]

BESTLEARNGEM=((0, 100, 0.0), (2, 2, 0.03125, True, True))
LISTLEARNGEM=[((0, 100, 0.0), (2, 2, 0, True, True)), ((0, 100, 0.0), (2, 2, 0.00390625, True, True)), ((0, 100, 0.0), (2, 2, 0.0078125, True, True)), ((0, 100, 0.0), (2, 2, 0.015625, True, True)), ((0, 100, 0.0), (2, 2, 0.03125, True, True)), ((0, 100, 0.0), (2, 2, 0.0625, True, True)), ((0, 100, 0.0), (2, 2, 0.125, True, True)), ((0, 100, 0.0), (2, 2, 0.25, True, True)), ((0, 100, 0.0), (2, 2, 0.5, True, True)), ((5, 100, 0.05), (2, 1, 0, True, True)), ((5, 100, 0.05), (2, 1, 0.00390625, True, True)), ((5, 100, 0.05), (2, 1, 0.0078125, True, True)), ((5, 100, 0.05), (2, 1, 0.015625, True, True)), ((5, 100, 0.05), (2, 1, 0.03125, True, True)), ((5, 100, 0.05), (2, 1, 0.0625, True, True)), ((6, 100, 0.06), (2, 1, 0.125, True, True)), ((8, 100, 0.08), (2, 1, 0.25, True, True)), ((8, 100, 0.08), (2, 1, 0.5, True, True)), ((10, 100, 0.1), (1, 1, 0.125, True, True)), ((10, 100, 0.1), (1, 2, 0.125, True, True)), ((11, 100, 0.11), (1, 1, 0.0625, True, True)), ((11, 100, 0.11), (1, 1, 0.25, True, True)), ((11, 100, 0.11), (1, 2, 0.0625, True, True)), ((11, 100, 0.11), (1, 2, 0.25, True, True)), ((13, 100, 0.13), (1, 1, 0.03125, True, True)), ((13, 100, 0.13), (1, 2, 0.03125, True, True)), ((15, 100, 0.15), (1, 1, 0.5, True, True)), ((15, 100, 0.15), (1, 2, 0.5, True, True)), ((18, 100, 0.18), (1, 1, 0, True, True)), ((18, 100, 0.18), (1, 2, 0, True, True)), ((19, 100, 0.19), (1, 1, 0.00390625, True, True)), ((19, 100, 0.19), (1, 1, 0.0078125, True, True)), ((19, 100, 0.19), (1, 1, 0.015625, True, True)), ((19, 100, 0.19), (1, 2, 0.00390625, True, True)), ((19, 100, 0.19), (1, 2, 0.0078125, True, True)), ((19, 100, 0.19), (1, 2, 0.015625, True, True))]


# error rates for different distance measures
# (error, size, error/size) and binary mask
BESTLP=(20, 100, 0.2)
LISTLP=[0, 0, 0, 0, 0, 0, 0, 1, 1, 0, 0, 0, 0, 0, 0, 0, 1, 0, 0, 0, 0, 0, 0, 0, 0, 1, 0, 1, 1, 0, 0, 0, 0, 0, 1, 0, 0, 0, 0, 0, 1, 0, 0, 1, 1, 1, 1, 0, 0, 0, 0, 0, 1, 0, 0, 0, 0, 0, 0, 1, 0, 0, 0, 0, 0, 0, 0, 1, 0, 1, 0, 0, 0, 0, 0, 0, 0, 0, 0, 0, 0, 1, 0, 0, 1, 0, 0, 0, 1, 0, 0, 0, 0, 0, 0, 0, 1, 0, 0, 0]

BESTFULLDTW=(0, 100, 0.0)
LISTFULLDTW=[0, 0, 0, 0, 0, 0, 0, 0, 0, 0, 0, 0, 0, 0, 0, 0, 0, 0, 0, 0, 0, 0, 0, 0, 0, 0, 0, 0, 0, 0, 0, 0, 0, 0, 0, 0, 0, 0, 0, 0, 0, 0, 0, 0, 0, 0, 0, 0, 0, 0, 0, 0, 0, 0, 0, 0, 0, 0, 0, 0, 0, 0, 0, 0, 0, 0, 0, 0, 0, 0, 0, 0, 0, 0, 0, 0, 0, 0, 0, 0, 0, 0, 0, 0, 0, 0, 0, 0, 0, 0, 0, 0, 0, 0, 0, 0, 0, 0, 0, 0]

BESTCONSDTW=(0, 100, 0.0)
LISTCONSDTW=[0, 0, 0, 0, 0, 0, 0, 0, 0, 0, 0, 0, 0, 0, 0, 0, 0, 0, 0, 0, 0, 0, 0, 0, 0, 0, 0, 0, 0, 0, 0, 0, 0, 0, 0, 0, 0, 0, 0, 0, 0, 0, 0, 0, 0, 0, 0, 0, 0, 0, 0, 0, 0, 0, 0, 0, 0, 0, 0, 0, 0, 0, 0, 0, 0, 0, 0, 0, 0, 0, 0, 0, 0, 0, 0, 0, 0, 0, 0, 0, 0, 0, 0, 0, 0, 0, 0, 0, 0, 0, 0, 0, 0, 0, 0, 0, 0, 0, 0, 0]

BESTGEM=(1, 100, 0.01)
LISTGEM=[0, 0, 0, 0, 0, 0, 0, 0, 1, 0, 0, 0, 0, 0, 0, 0, 0, 0, 0, 0, 0, 0, 0, 0, 0, 0, 0, 0, 0, 0, 0, 0, 0, 0, 0, 0, 0, 0, 0, 0, 0, 0, 0, 0, 0, 0, 0, 0, 0, 0, 0, 0, 0, 0, 0, 0, 0, 0, 0, 0, 0, 0, 0, 0, 0, 0, 0, 0, 0, 0, 0, 0, 0, 0, 0, 0, 0, 0, 0, 0, 0, 0, 0, 0, 0, 0, 0, 0, 0, 0, 0, 0, 0, 0, 0, 0, 0, 0, 0, 0]

