# shuffled stratified split (indices referring to UCR database)
TESTINDEX=[810 257 362 361 801 387 892  98  57  73 717 202 459 675 424 553 230  59
 662 713 617 122 625 355 749 234 256 576 608 169 677 313 391 874  18 605
  16 377 834 312 433 826   0 402 673 165 850 734 340 251 614 750 248 146
 685 283 152 554 296 700 181  29 114  76 285 632 844 131 680 630  28  23
 502 639 315 695 689 885 744 282 797 723 610 536 518 215  49 726 303 529
  43 895 446 110 858 678 664 513  19 336 704 859 594 187  83 194  50 148
 715 881 796 862 853 276 437 474 208 244 828  17 739 611 875 345 469 694
 497 197 431 269 129 216  85  82 262 626 703 260 218 128   9 762 332  64
 112  91 239 406 581 243 375 226 471 334 753 453 476 651 418 849 806   1
 869 829 510 104 561 124 200 519 271  67 119 781 238 475 891 203 569 832
 109  51 780 599 669 221 547  40  58 657 886 597 720 300 652  55 887   2
 756 649 813  30 301 498 876 147 358 747 352 348 155 863 346 368 363 367
 489 302 742 507 466 347 212 835 295 523 745 629 440 190 403 729 127 615
  86 574 480  99  63  47 552  54 193 388 784 101 217 156 827 376 842 421
 549 416 856  88 692 467 264 168 371 721 399 532 461 873 214 833 442 741
 309 496 357 663 543 666 125 400 166 902 280 867 384 413 765 681 789 174
 365 272 102 733 566  78 158 393 679 344 570 618 103 706 520   8 771 589
 252 600 671 142 395 814 383 449 860 595 641 213 447 577 224   3 727 786
 821 374  56 132 273 242 779 705 415 811 419   6 430 144 654 793 397 894
 585  77 401 586 864 628 550 866 517 233 711 579 748 304  14 521 410 646
 180 758 458 184 836 644 650 719 409 655 661 115 670 531 790 613 525 638
 773 160 149 135 645 281 408 562 820 289 381 139 851 454 824 167 299  96
 222 382  35 871 310  46 324  10 143 482 621 642 478 785 872 183 398 328
 795 255 698 701 219 270 353 176 722 609 878 808 491 294 697 258 545  42
 696 643 837 205 843 441 766 479 417 815 179 288 896 725 528 548 787 800
 533 366 616 624 846 207 330 134 263 884 439 718 668 658 290 450 177 220
 522 237 656 603 839 799 635 539 691 682 899 337 445 556 647 817 229 106
 757 882 598 192 535 438 637 900  34  97 776  94  74 404 690  60 477 665
 724 573 113 133 225 571 171 494 267 172 305 778  37 241 435  71 515 870
  66 541 372 448 743 509 154 686 857 546 568  25 807 457 279 606 855 602
 555 564   4  93 151 816 634 411 196 627 746 499 428 342 527 407 812 455
 420 266  36 206 443 890 898 622  13 468 188 311 223 265  90 159 325 211
 307 580 284 277 583 659 356 623 436 760 253 604  48 185 178 444  27 840
 373 830 683 822  75 386  38 508 327 511 772 306 861 751 245 534 427 318
 298 709  24 740 364 783 231  21 590 111 451 794 565 322 170 558 278 888
 631 369 316 578 504]
TRAININDEX=[228 426 660 838 297 349 710  95 893 326 802 145   5 501 338 732 495 877
 560 175 209 339 601 486 582 173 676 292 360 490 385 341  41 791 702 472
 157 847  53 370 422 323 737 514 198 620 191 108 116 596  89 831 587 763
 249 803 636 287 232 775 728 210 473 321 693 182  65 414 593 731 189 572
 607 716 788 163 823 684 120 354 819 314 559 538 738 236 557  52 712  62
 380  44 350 889 792 648 463 274 464  31 425  87 423 412 699 268 137 195
 186 351 505 687 470 291 575 130 592 240 633 809 852 854 551 707 118 714
 434 254 591 247 432 526 736 752 764 503 563  80 848 201 389 483 335 105
 845 465 359   7 390 487  32 162 331 204 805 524 537 308  15 500 584  12
 730 485 640 460  39 484 530  79 512 777 378 506 544 343 735 612 825 261
 588  11 329 903 774  69 452 164 653 542 141  33 767 153 488 150 379 818
 761 275 493 259 199 286 901 140 138 667 320 769 879 227  45 540 708 782
 405 841 456 319  81 770 396 567 619 333 759 904 429 516 293 100  61 235
  70  68 392 136 107  92 674 755 897 880 246 481 768 123 462 688 804  72
  22 394  84  20 317 883 754 126 798 121 117 492  26 865 672 161 250 868]

# learned parameters for cdtw and gem
# dtw ((error, size, error/size), (window, sqr))
# gem ((error, size, error/size), (St0, St1, E, sym, sqr))
BESTLEARNCONSDTW=((71, 270, 0.26296296296296295), (0.070000000000000007, True))
LISTLEARNCONSDTW=[((71, 270, 0.26296296296296295), (0.070000000000000007, True)), ((73, 270, 0.27037037037037037), (0.080000000000000002, True)), ((73, 270, 0.27037037037037037), (0.089999999999999997, True)), ((74, 270, 0.27407407407407408), (0.040000000000000001, True)), ((75, 270, 0.27777777777777779), (0.050000000000000003, True)), ((76, 270, 0.2814814814814815), (0.059999999999999998, True)), ((77, 270, 0.28518518518518521), (0.029999999999999999, True)), ((78, 270, 0.28888888888888886), (0.10000000000000001, True)), ((80, 270, 0.29629629629629628), (0.11, True)), ((81, 270, 0.29999999999999999), (0.12, True)), ((82, 270, 0.3037037037037037), (0.02, True)), ((84, 270, 0.31111111111111112), (0.13, True)), ((89, 270, 0.32962962962962961), (0.14000000000000001, True)), ((91, 270, 0.33703703703703702), (0.14999999999999999, True)), ((92, 270, 0.34074074074074073), (0.01, True)), ((94, 270, 0.34814814814814815), (0.16, True)), ((97, 270, 0.35925925925925928), (0.17000000000000001, True)), ((100, 270, 0.37037037037037035), (0.17999999999999999, True)), ((100, 270, 0.37037037037037035), (0.19, True)), ((101, 270, 0.37407407407407406), (0.0, True)), ((104, 270, 0.38518518518518519), (0.20000000000000001, True))]

BESTLEARNGEM=((79, 270, 0.29259259259259257), (2, 2, 0.5, True, True))
LISTLEARNGEM=[((79, 270, 0.29259259259259257), (2, 2, 0.5, True, True)), ((85, 270, 0.31481481481481483), (2, 2, 0.25, True, True)), ((87, 270, 0.32222222222222224), (2, 2, 0.125, True, True)), ((90, 270, 0.33333333333333331), (2, 2, 0.0625, True, True)), ((91, 270, 0.33703703703703702), (2, 2, 0.015625, True, True)), ((93, 270, 0.34444444444444444), (2, 2, 0.0078125, True, True)), ((94, 270, 0.34814814814814815), (2, 2, 0.03125, True, True)), ((98, 270, 0.36296296296296299), (2, 2, 0.00390625, True, True)), ((101, 270, 0.37407407407407406), (1, 1, 0.00390625, True, True)), ((101, 270, 0.37407407407407406), (1, 1, 0.0078125, True, True)), ((101, 270, 0.37407407407407406), (1, 1, 0.015625, True, True)), ((101, 270, 0.37407407407407406), (1, 2, 0.00390625, True, True)), ((101, 270, 0.37407407407407406), (1, 2, 0.0078125, True, True)), ((101, 270, 0.37407407407407406), (1, 2, 0.015625, True, True)), ((103, 270, 0.38148148148148148), (1, 1, 0, True, True)), ((103, 270, 0.38148148148148148), (1, 2, 0, True, True)), ((104, 270, 0.38518518518518519), (2, 2, 0, True, True)), ((106, 270, 0.3925925925925926), (1, 1, 0.03125, True, True)), ((106, 270, 0.3925925925925926), (1, 2, 0.03125, True, True)), ((112, 270, 0.4148148148148148), (1, 1, 0.125, True, True)), ((112, 270, 0.4148148148148148), (1, 2, 0.125, True, True)), ((113, 270, 0.41851851851851851), (1, 1, 0.0625, True, True)), ((113, 270, 0.41851851851851851), (1, 2, 0.0625, True, True)), ((127, 270, 0.47037037037037038), (1, 1, 0.25, True, True)), ((127, 270, 0.47037037037037038), (1, 2, 0.25, True, True)), ((134, 270, 0.49629629629629629), (2, 1, 0.5, True, True)), ((135, 270, 0.5), (1, 1, 0.5, True, True)), ((135, 270, 0.5), (1, 2, 0.5, True, True)), ((138, 270, 0.51111111111111107), (2, 1, 0.25, True, True)), ((142, 270, 0.52592592592592591), (2, 1, 0.125, True, True)), ((151, 270, 0.55925925925925923), (2, 1, 0.0625, True, True)), ((163, 270, 0.60370370370370374), (2, 1, 0.03125, True, True)), ((171, 270, 0.6333333333333333), (2, 1, 0.015625, True, True)), ((175, 270, 0.64814814814814814), (2, 1, 0.0078125, True, True)), ((178, 270, 0.65925925925925921), (2, 1, 0, True, True)), ((178, 270, 0.65925925925925921), (2, 1, 0.00390625, True, True))]


# error rates for different distance measures
# (error, size, error/size) and binary mask
BESTLP=(247, 635, 0.38897637795275591)
LISTLP=[0, 0, 1, 1, 0, 0, 0, 1, 0, 1, 0, 0, 1, 1, 0, 0, 1, 0, 0, 0, 0, 1, 0, 1, 1, 0, 0, 0, 0, 0, 1, 0, 0, 1, 0, 0, 1, 1, 0, 0, 0, 0, 0, 0, 0, 0, 0, 1, 0, 0, 1, 0, 1, 1, 0, 1, 1, 0, 1, 0, 0, 0, 1, 0, 0, 0, 1, 0, 0, 1, 1, 0, 0, 1, 1, 1, 0, 0, 0, 1, 0, 0, 0, 0, 1, 1, 1, 0, 1, 0, 0, 1, 0, 0, 1, 1, 0, 0, 1, 1, 0, 0, 0, 1, 1, 0, 0, 0, 1, 0, 0, 1, 1, 1, 0, 1, 0, 1, 0, 0, 0, 0, 0, 0, 1, 0, 0, 1, 1, 0, 0, 0, 0, 0, 1, 0, 1, 1, 0, 0, 0, 0, 1, 0, 1, 1, 1, 0, 1, 0, 0, 1, 0, 1, 0, 0, 0, 0, 0, 1, 0, 0, 1, 1, 1, 0, 0, 0, 1, 0, 0, 0, 0, 0, 1, 0, 1, 0, 1, 0, 0, 0, 0, 0, 0, 0, 0, 1, 0, 1, 0, 0, 0, 0, 1, 0, 0, 0, 0, 1, 0, 0, 1, 0, 1, 0, 1, 1, 1, 1, 0, 0, 0, 0, 1, 1, 0, 0, 0, 1, 0, 0, 0, 1, 0, 0, 1, 1, 1, 1, 0, 1, 0, 0, 1, 1, 0, 0, 0, 0, 0, 1, 0, 0, 0, 0, 0, 0, 0, 0, 0, 1, 0, 0, 1, 1, 1, 1, 1, 0, 1, 0, 0, 0, 1, 0, 0, 0, 0, 0, 0, 1, 0, 0, 1, 1, 1, 0, 1, 1, 1, 0, 0, 0, 0, 1, 1, 0, 0, 0, 1, 0, 1, 1, 0, 0, 0, 0, 0, 1, 1, 0, 0, 1, 0, 1, 0, 0, 0, 1, 0, 1, 0, 1, 0, 0, 1, 0, 0, 0, 1, 0, 0, 0, 1, 0, 1, 1, 0, 1, 1, 0, 0, 1, 0, 1, 0, 0, 1, 0, 1, 1, 0, 0, 0, 1, 0, 0, 0, 0, 0, 0, 1, 0, 1, 0, 1, 0, 0, 0, 0, 0, 0, 1, 1, 1, 0, 1, 1, 0, 0, 0, 1, 0, 1, 1, 1, 0, 1, 1, 1, 0, 1, 0, 0, 1, 1, 0, 1, 1, 0, 1, 0, 1, 1, 1, 1, 0, 0, 1, 1, 1, 0, 0, 1, 1, 0, 0, 0, 0, 1, 0, 0, 0, 0, 1, 0, 0, 0, 0, 0, 0, 0, 1, 1, 0, 0, 0, 1, 1, 0, 1, 0, 0, 1, 1, 0, 0, 0, 0, 0, 1, 0, 1, 0, 0, 1, 0, 1, 0, 0, 0, 1, 1, 1, 0, 1, 1, 0, 1, 0, 1, 1, 0, 1, 0, 0, 0, 0, 0, 0, 0, 0, 1, 0, 0, 1, 0, 0, 1, 1, 1, 0, 0, 1, 1, 0, 0, 1, 0, 1, 0, 0, 0, 0, 0, 1, 0, 1, 0, 1, 0, 1, 1, 1, 0, 1, 0, 0, 1, 1, 1, 0, 0, 1, 1, 0, 0, 0, 0, 0, 0, 0, 1, 1, 0, 0, 1, 1, 1, 1, 0, 1, 0, 1, 0, 0, 0, 0, 0, 0, 1, 1, 0, 1, 0, 0, 0, 1, 0, 1, 1, 0, 0, 0, 0, 1, 1, 0, 0, 0, 1, 1, 0, 1, 1, 0, 0, 0, 1, 0, 1, 0, 1, 0, 0, 0, 1, 0, 1, 0, 1, 1, 0, 0, 1, 1, 0, 0, 1, 0, 0, 0, 0, 1, 0, 1, 0, 1, 0, 0, 1, 0, 1, 0, 0, 0, 0, 1, 0, 0, 0, 0, 0, 0, 1, 1, 0, 1, 0, 0, 0, 0, 1, 0, 0, 0, 1, 1, 1, 0, 0, 1, 0, 1]

BESTFULLDTW=(214, 635, 0.33700787401574805)
LISTFULLDTW=[1, 0, 0, 0, 1, 1, 0, 1, 1, 0, 0, 0, 0, 1, 0, 1, 1, 0, 0, 0, 0, 1, 0, 0, 0, 0, 0, 0, 0, 0, 1, 0, 0, 1, 0, 0, 0, 1, 0, 0, 0, 0, 1, 0, 0, 0, 0, 0, 0, 0, 0, 1, 1, 1, 0, 0, 1, 0, 1, 0, 0, 1, 1, 0, 0, 1, 1, 0, 0, 0, 1, 0, 0, 1, 1, 1, 0, 0, 0, 1, 0, 0, 0, 0, 1, 0, 1, 1, 0, 0, 0, 1, 0, 0, 1, 1, 0, 0, 0, 1, 0, 0, 0, 0, 0, 1, 0, 0, 1, 0, 1, 0, 0, 0, 0, 1, 0, 1, 0, 0, 0, 0, 1, 0, 1, 0, 1, 1, 0, 0, 0, 1, 0, 0, 0, 0, 1, 1, 0, 0, 0, 1, 1, 0, 1, 1, 1, 0, 1, 1, 1, 0, 1, 1, 0, 0, 0, 0, 0, 1, 0, 1, 0, 0, 0, 0, 0, 0, 1, 0, 0, 0, 0, 0, 1, 0, 0, 0, 1, 0, 1, 1, 1, 0, 0, 0, 0, 1, 0, 0, 0, 0, 0, 0, 1, 1, 1, 0, 0, 0, 0, 0, 1, 0, 1, 0, 0, 0, 1, 1, 0, 0, 0, 0, 0, 0, 0, 1, 0, 0, 1, 0, 0, 1, 0, 0, 1, 1, 0, 1, 1, 1, 0, 0, 0, 1, 1, 0, 0, 0, 0, 0, 0, 0, 0, 0, 1, 1, 0, 0, 0, 0, 1, 0, 1, 1, 0, 1, 1, 0, 1, 0, 0, 1, 1, 0, 0, 0, 0, 0, 1, 1, 0, 0, 0, 1, 1, 0, 1, 1, 0, 1, 0, 0, 0, 0, 1, 0, 0, 0, 1, 1, 0, 1, 0, 1, 1, 0, 0, 1, 1, 0, 0, 1, 0, 0, 0, 0, 0, 0, 0, 1, 0, 0, 0, 0, 0, 0, 0, 0, 0, 0, 0, 0, 0, 0, 1, 0, 0, 0, 0, 0, 0, 1, 0, 1, 0, 0, 1, 0, 0, 0, 0, 0, 0, 1, 0, 0, 0, 1, 0, 0, 0, 0, 0, 0, 0, 0, 0, 0, 0, 1, 1, 0, 1, 0, 0, 1, 0, 1, 0, 1, 1, 0, 1, 0, 1, 0, 1, 0, 0, 0, 1, 1, 0, 1, 1, 0, 0, 1, 0, 1, 0, 1, 0, 1, 1, 0, 0, 0, 0, 1, 0, 1, 0, 1, 0, 0, 0, 0, 1, 0, 0, 0, 1, 1, 1, 0, 1, 0, 0, 0, 1, 1, 1, 0, 0, 0, 0, 0, 1, 0, 0, 0, 0, 1, 1, 1, 0, 0, 0, 0, 0, 1, 0, 0, 0, 0, 1, 0, 1, 1, 0, 0, 1, 0, 1, 1, 0, 0, 0, 0, 1, 1, 1, 1, 0, 0, 1, 0, 0, 0, 0, 0, 0, 0, 1, 0, 0, 1, 1, 0, 1, 0, 0, 1, 0, 0, 1, 0, 0, 0, 0, 0, 0, 1, 1, 0, 1, 0, 1, 0, 0, 0, 1, 0, 1, 0, 0, 0, 1, 0, 0, 0, 1, 0, 0, 0, 0, 0, 0, 0, 0, 1, 1, 1, 0, 0, 1, 1, 0, 0, 1, 0, 1, 0, 0, 0, 0, 0, 0, 1, 1, 0, 0, 0, 0, 0, 0, 0, 1, 1, 0, 1, 0, 0, 1, 0, 0, 0, 0, 1, 0, 0, 0, 0, 0, 0, 0, 1, 0, 0, 0, 1, 0, 0, 0, 0, 1, 1, 0, 1, 1, 0, 0, 1, 1, 1, 0, 0, 0, 1, 0, 0, 1, 0, 0, 1, 0, 1, 0, 1, 0, 1, 0, 0, 0, 0, 1, 0, 0, 0, 1, 1, 1, 1, 0, 0, 0, 0, 0, 0, 0, 0, 1, 0, 1, 1, 0, 0, 0, 0, 1, 0, 1]

BESTCONSDTW=(163, 635, 0.25669291338582678)
LISTCONSDTW=[0, 0, 0, 0, 0, 1, 0, 1, 0, 0, 0, 0, 0, 1, 0, 0, 1, 0, 0, 0, 0, 1, 0, 0, 0, 0, 0, 0, 0, 0, 1, 0, 0, 1, 0, 0, 0, 1, 0, 0, 0, 0, 0, 0, 0, 0, 0, 1, 0, 0, 0, 1, 1, 1, 0, 0, 1, 0, 0, 0, 0, 0, 1, 0, 0, 0, 1, 0, 0, 0, 1, 0, 0, 0, 1, 0, 0, 0, 0, 1, 0, 0, 0, 0, 1, 1, 1, 1, 0, 0, 0, 0, 0, 0, 1, 1, 0, 0, 0, 1, 0, 0, 0, 0, 0, 0, 0, 0, 1, 0, 1, 0, 0, 0, 0, 1, 0, 1, 0, 0, 0, 0, 0, 0, 1, 0, 0, 1, 1, 0, 0, 0, 0, 0, 1, 0, 1, 1, 0, 0, 0, 1, 0, 0, 0, 0, 1, 0, 1, 1, 0, 0, 0, 1, 0, 0, 0, 0, 0, 1, 0, 0, 0, 1, 0, 0, 0, 0, 1, 0, 0, 1, 0, 0, 1, 0, 1, 0, 1, 0, 1, 1, 0, 0, 0, 0, 0, 0, 0, 0, 0, 0, 0, 0, 1, 0, 0, 0, 0, 0, 0, 0, 0, 0, 1, 0, 0, 1, 1, 0, 0, 0, 0, 0, 0, 0, 0, 0, 0, 0, 0, 0, 0, 1, 0, 0, 1, 1, 0, 0, 0, 1, 0, 0, 0, 1, 0, 0, 0, 0, 0, 0, 0, 0, 0, 0, 0, 1, 0, 0, 0, 0, 0, 0, 1, 1, 0, 1, 1, 0, 1, 0, 0, 0, 1, 0, 0, 0, 0, 0, 0, 0, 0, 0, 0, 1, 1, 0, 1, 1, 0, 0, 0, 0, 0, 1, 1, 0, 0, 0, 1, 1, 0, 1, 0, 1, 0, 0, 0, 1, 1, 0, 0, 1, 0, 0, 0, 0, 0, 0, 0, 1, 0, 1, 0, 0, 1, 0, 0, 0, 1, 0, 0, 0, 0, 0, 1, 1, 0, 0, 0, 0, 0, 1, 0, 1, 0, 0, 0, 0, 0, 0, 0, 0, 0, 0, 0, 0, 0, 0, 0, 0, 0, 0, 0, 0, 0, 0, 1, 0, 0, 0, 1, 0, 1, 0, 0, 1, 0, 0, 0, 0, 1, 0, 0, 0, 1, 0, 1, 0, 1, 0, 1, 0, 0, 1, 1, 0, 0, 1, 0, 1, 0, 0, 0, 1, 0, 0, 0, 0, 0, 1, 0, 0, 0, 1, 0, 0, 0, 0, 1, 0, 0, 0, 0, 1, 0, 0, 0, 0, 0, 0, 0, 1, 1, 0, 0, 0, 0, 0, 1, 1, 0, 0, 1, 1, 0, 0, 0, 0, 0, 0, 0, 1, 0, 0, 0, 0, 1, 0, 0, 0, 1, 0, 1, 0, 1, 1, 0, 0, 0, 0, 1, 0, 1, 1, 0, 0, 1, 0, 0, 0, 0, 1, 0, 0, 0, 0, 0, 0, 1, 0, 1, 0, 0, 1, 0, 0, 1, 0, 0, 0, 0, 0, 0, 0, 1, 0, 1, 0, 1, 0, 0, 0, 1, 0, 1, 0, 0, 0, 1, 1, 1, 0, 1, 1, 0, 0, 0, 0, 0, 0, 0, 0, 1, 0, 0, 1, 1, 0, 0, 0, 1, 0, 1, 0, 0, 0, 0, 0, 0, 1, 1, 0, 0, 0, 0, 0, 0, 0, 1, 1, 0, 0, 0, 0, 1, 0, 0, 0, 0, 1, 0, 0, 0, 0, 0, 0, 0, 1, 0, 0, 0, 1, 0, 0, 0, 0, 0, 1, 0, 0, 1, 0, 0, 1, 1, 0, 0, 0, 0, 1, 0, 0, 1, 0, 1, 0, 0, 1, 0, 1, 0, 1, 0, 0, 0, 0, 1, 0, 0, 0, 0, 0, 0, 1, 0, 0, 0, 0, 0, 0, 0, 0, 0, 0, 0, 1, 1, 0, 0, 0, 0, 0, 1]

BESTGEM=(157, 635, 0.24724409448818899)
LISTGEM=[0, 1, 0, 0, 1, 1, 0, 0, 0, 0, 0, 0, 0, 1, 0, 0, 1, 0, 0, 0, 0, 1, 0, 0, 0, 0, 0, 0, 0, 0, 1, 0, 0, 1, 0, 0, 0, 1, 0, 0, 0, 0, 0, 0, 0, 0, 0, 1, 0, 0, 0, 0, 1, 1, 0, 0, 0, 0, 0, 0, 0, 0, 1, 0, 0, 1, 1, 1, 0, 0, 1, 0, 0, 0, 1, 0, 0, 0, 0, 1, 0, 0, 0, 0, 1, 1, 1, 0, 0, 0, 0, 1, 0, 0, 1, 1, 0, 0, 1, 0, 0, 0, 0, 0, 0, 0, 0, 0, 0, 0, 0, 0, 1, 0, 0, 1, 0, 1, 0, 0, 0, 0, 0, 0, 1, 0, 1, 0, 1, 0, 0, 0, 0, 0, 0, 0, 1, 1, 0, 0, 0, 1, 0, 0, 0, 1, 1, 0, 1, 1, 0, 0, 0, 1, 0, 0, 0, 0, 0, 1, 0, 0, 0, 0, 0, 0, 0, 0, 0, 0, 0, 1, 0, 1, 1, 0, 1, 0, 1, 0, 1, 0, 0, 0, 0, 0, 0, 1, 0, 1, 0, 0, 1, 0, 1, 1, 0, 0, 0, 0, 0, 0, 1, 0, 1, 0, 0, 1, 1, 1, 0, 0, 0, 0, 0, 0, 0, 0, 0, 0, 1, 0, 0, 1, 0, 0, 1, 1, 0, 1, 0, 1, 0, 0, 0, 1, 1, 0, 1, 0, 0, 0, 1, 0, 1, 0, 0, 0, 0, 0, 0, 0, 0, 1, 0, 0, 0, 0, 1, 0, 1, 0, 0, 0, 0, 0, 0, 0, 0, 0, 0, 0, 0, 0, 0, 1, 1, 0, 1, 1, 0, 0, 0, 0, 0, 0, 1, 0, 0, 0, 1, 1, 0, 1, 0, 1, 0, 0, 0, 1, 1, 0, 0, 1, 0, 0, 0, 0, 0, 0, 0, 1, 0, 1, 0, 0, 1, 0, 0, 1, 1, 0, 0, 0, 0, 0, 1, 0, 0, 0, 0, 0, 0, 0, 0, 1, 0, 0, 0, 0, 0, 0, 0, 0, 0, 0, 0, 0, 0, 0, 0, 0, 0, 0, 0, 0, 0, 0, 0, 0, 0, 0, 0, 0, 1, 0, 0, 1, 0, 0, 0, 0, 0, 0, 0, 0, 0, 1, 1, 0, 0, 0, 0, 0, 0, 0, 1, 0, 0, 1, 0, 1, 0, 0, 1, 0, 1, 0, 0, 0, 0, 1, 0, 0, 0, 1, 0, 0, 0, 0, 0, 0, 0, 0, 0, 1, 1, 0, 0, 0, 0, 1, 1, 1, 1, 0, 0, 0, 0, 0, 1, 1, 0, 0, 1, 0, 0, 0, 0, 0, 0, 0, 0, 1, 0, 0, 0, 1, 1, 0, 1, 0, 0, 0, 0, 0, 1, 1, 0, 1, 0, 1, 0, 0, 1, 0, 0, 0, 0, 0, 0, 0, 0, 0, 0, 0, 0, 0, 0, 1, 1, 0, 1, 0, 0, 1, 0, 0, 0, 0, 0, 0, 0, 0, 0, 0, 0, 0, 0, 1, 1, 0, 1, 1, 1, 0, 1, 0, 0, 1, 1, 1, 0, 0, 0, 0, 0, 0, 0, 0, 0, 0, 0, 1, 1, 0, 0, 0, 0, 1, 0, 0, 0, 0, 1, 0, 0, 0, 0, 0, 0, 1, 1, 0, 1, 0, 0, 0, 0, 0, 0, 1, 0, 1, 0, 1, 1, 0, 0, 0, 0, 1, 0, 0, 0, 0, 0, 0, 0, 1, 0, 0, 0, 0, 0, 0, 0, 0, 0, 1, 0, 0, 1, 0, 0, 0, 1, 0, 0, 0, 0, 0, 0, 0, 1, 0, 1, 0, 0, 1, 0, 1, 0, 1, 0, 0, 0, 0, 1, 0, 0, 0, 1, 0, 0, 1, 0, 0, 0, 0, 0, 0, 0, 0, 0, 0, 1, 0, 0, 0, 0, 0, 0, 0, 0]

