# shuffled stratified split (indices referring to UCR database)
TESTINDEX=[  5 271 281 222 201 273  46 208 260  83 215 275 138 175  66 119 247 268
 166 134 209 263 348  74 110  91 129 342 107 234 165 202 287 156 305 315
 225 108 284 141 290  18 116 181 159 216  65 167 282 272 195 155 101 132
  28 298 283  85 173  12 218 318  38 240 280  43 151   2 331  35  81 106
 127 333 229  87 295 146 145 338 150 164 314  56  36 323  26 131  20  82
 259 236 289 277 188 241 163 301  21 310 269 344  23 324 162  61 246  22
  42   8   6 192 302 251  47 109 161  32  73 226 133  95   3 207  50 197
  70 336 179 152 178  16 238 204  45 266 304 235  54 262 257 105 120  89
   1  30 261 171 113 193 142 239 180  62 154 327 211 100 213 297 124 130
 137 172 321 293 326  24 214 322 299 249 276 285 200]
TRAININDEX=[242 256 278 203 221  71  97  55 346 206  49  13 244 243  51 219 294 254
 121  79 279 311 325 230 112 158  57 136  33 274 224 125 212 300 157 227
 349 328 309 147  17 148  48  39  76 169 126 233 291 340  94 292 187 114
  77 308  72   7 223 217  98 176 296 186 153  88 341 103  86 307 210  63
 191  15 183 250 220 339 329 174 330  78 320  90 149  40 334 135 205  34
 170 232  68 144 319 237 115 306 122 228 312  59 139  53  84  99 182 189
  14 185 198 316 194  75 258  69 345  92 196 102  64 255  19 117 264 303
 199 123 248 313   4 270  67 288  93  96 118 168 286 177  60  11   9  80
  44 128 160 104 265 190   0 143  31 267  58 253  10 245 252 231 347 140
 335  37  29 337 184  27  25 332 343 317  41  52 111]

# learned parameters for cdtw and gem
# dtw ((error, size, error/size), (window, sqr))
# gem ((error, size, error/size), (St0, St1, E, sym, sqr))
BESTLEARNCONSDTW=((30, 175, 0.17142857142857143), (0.01, True))
LISTLEARNCONSDTW=[((30, 175, 0.17142857142857143), (0.01, True)), ((31, 175, 0.17714285714285713), (0.0, True)), ((35, 175, 0.20000000000000001), (0.02, True)), ((38, 175, 0.21714285714285714), (0.029999999999999999, True)), ((40, 175, 0.22857142857142856), (0.040000000000000001, True)), ((47, 175, 0.26857142857142857), (0.050000000000000003, True)), ((50, 175, 0.2857142857142857), (0.059999999999999998, True)), ((50, 175, 0.2857142857142857), (0.070000000000000007, True)), ((52, 175, 0.29714285714285715), (0.10000000000000001, True)), ((53, 175, 0.30285714285714288), (0.089999999999999997, True)), ((53, 175, 0.30285714285714288), (0.11, True)), ((53, 175, 0.30285714285714288), (0.12, True)), ((53, 175, 0.30285714285714288), (0.13, True)), ((53, 175, 0.30285714285714288), (0.14000000000000001, True)), ((53, 175, 0.30285714285714288), (0.14999999999999999, True)), ((53, 175, 0.30285714285714288), (0.16, True)), ((53, 175, 0.30285714285714288), (0.17000000000000001, True)), ((53, 175, 0.30285714285714288), (0.17999999999999999, True)), ((53, 175, 0.30285714285714288), (0.19, True)), ((53, 175, 0.30285714285714288), (0.20000000000000001, True)), ((54, 175, 0.30857142857142855), (0.080000000000000002, True))]

BESTLEARNGEM=((7, 175, 0.040000000000000001), (2, 1, 0.03125, True, True))
LISTLEARNGEM=[((7, 175, 0.040000000000000001), (2, 1, 0.03125, True, True)), ((9, 175, 0.051428571428571428), (2, 1, 0.0625, True, True)), ((11, 175, 0.062857142857142861), (2, 1, 0.015625, True, True)), ((12, 175, 0.068571428571428575), (2, 1, 0.125, True, True)), ((15, 175, 0.085714285714285715), (2, 2, 0.5, True, True)), ((16, 175, 0.091428571428571428), (2, 1, 0.5, True, True)), ((17, 175, 0.097142857142857142), (2, 1, 0.25, True, True)), ((18, 175, 0.10285714285714286), (2, 1, 0.0078125, True, True)), ((20, 175, 0.11428571428571428), (2, 1, 0.00390625, True, True)), ((21, 175, 0.12), (2, 2, 0.015625, True, True)), ((21, 175, 0.12), (2, 2, 0.03125, True, True)), ((22, 175, 0.12571428571428572), (2, 2, 0.0078125, True, True)), ((23, 175, 0.13142857142857142), (2, 1, 0, True, True)), ((23, 175, 0.13142857142857142), (2, 2, 0.0625, True, True)), ((24, 175, 0.13714285714285715), (1, 1, 0.125, True, True)), ((24, 175, 0.13714285714285715), (1, 2, 0.125, True, True)), ((24, 175, 0.13714285714285715), (2, 2, 0.00390625, True, True)), ((25, 175, 0.14285714285714285), (1, 1, 0.0625, True, True)), ((25, 175, 0.14285714285714285), (1, 2, 0.0625, True, True)), ((25, 175, 0.14285714285714285), (2, 2, 0.125, True, True)), ((26, 175, 0.14857142857142858), (2, 2, 0, True, True)), ((27, 175, 0.15428571428571428), (1, 1, 0.015625, True, True)), ((27, 175, 0.15428571428571428), (1, 1, 0.03125, True, True)), ((27, 175, 0.15428571428571428), (1, 2, 0.015625, True, True)), ((27, 175, 0.15428571428571428), (1, 2, 0.03125, True, True)), ((27, 175, 0.15428571428571428), (2, 2, 0.25, True, True)), ((29, 175, 0.1657142857142857), (1, 1, 0.0078125, True, True)), ((29, 175, 0.1657142857142857), (1, 1, 0.25, True, True)), ((29, 175, 0.1657142857142857), (1, 1, 0.5, True, True)), ((29, 175, 0.1657142857142857), (1, 2, 0.0078125, True, True)), ((29, 175, 0.1657142857142857), (1, 2, 0.25, True, True)), ((29, 175, 0.1657142857142857), (1, 2, 0.5, True, True)), ((32, 175, 0.18285714285714286), (1, 1, 0.00390625, True, True)), ((32, 175, 0.18285714285714286), (1, 2, 0.00390625, True, True)), ((39, 175, 0.22285714285714286), (1, 1, 0, True, True)), ((39, 175, 0.22285714285714286), (1, 2, 0, True, True))]


# error rates for different distance measures
# (error, size, error/size) and binary mask
BESTLP=(35, 175, 0.20000000000000001)
LISTLP=[1, 1, 0, 0, 0, 1, 0, 0, 0, 0, 0, 0, 1, 0, 0, 0, 0, 0, 0, 1, 1, 0, 1, 0, 0, 1, 0, 0, 1, 0, 0, 0, 0, 1, 0, 1, 1, 0, 0, 1, 0, 0, 0, 0, 0, 1, 0, 1, 0, 0, 1, 0, 0, 0, 0, 0, 0, 0, 0, 0, 0, 1, 0, 1, 1, 0, 0, 0, 0, 0, 0, 0, 1, 0, 1, 0, 0, 0, 0, 1, 0, 1, 0, 0, 0, 0, 0, 1, 0, 0, 0, 0, 0, 0, 0, 0, 0, 0, 0, 0, 0, 0, 0, 0, 0, 0, 0, 1, 0, 1, 0, 1, 0, 0, 1, 0, 0, 0, 1, 0, 0, 0, 1, 0, 0, 0, 0, 0, 0, 0, 0, 1, 0, 0, 0, 0, 0, 0, 0, 1, 1, 0, 0, 0, 0, 0, 0, 0, 0, 0, 0, 0, 0, 0, 0, 0, 0, 0, 0, 0, 0, 0, 0, 0, 0, 1, 0, 0, 0, 0, 0, 1, 0, 0, 0]

BESTFULLDTW=(46, 175, 0.26285714285714284)
LISTFULLDTW=[0, 0, 0, 0, 1, 0, 0, 0, 1, 0, 1, 0, 0, 0, 0, 1, 0, 0, 0, 0, 0, 1, 0, 1, 0, 0, 0, 0, 0, 0, 0, 0, 0, 0, 0, 0, 1, 1, 0, 1, 0, 0, 0, 1, 0, 0, 0, 1, 0, 0, 1, 0, 0, 0, 0, 0, 0, 1, 0, 0, 1, 0, 1, 1, 1, 0, 1, 0, 0, 0, 0, 0, 1, 0, 1, 0, 0, 0, 0, 1, 0, 0, 0, 0, 0, 1, 0, 1, 0, 0, 0, 0, 0, 0, 1, 0, 0, 0, 1, 1, 0, 0, 0, 0, 0, 0, 0, 0, 0, 1, 0, 0, 1, 0, 1, 0, 0, 1, 0, 1, 0, 1, 1, 0, 0, 0, 1, 0, 1, 0, 1, 0, 0, 0, 0, 1, 0, 0, 0, 1, 1, 0, 0, 0, 0, 1, 0, 0, 0, 0, 0, 0, 0, 0, 0, 0, 0, 0, 0, 0, 0, 1, 1, 0, 0, 1, 0, 0, 0, 0, 0, 1, 0, 1, 1]

BESTCONSDTW=(35, 175, 0.20000000000000001)
LISTCONSDTW=[1, 1, 0, 0, 0, 1, 0, 0, 1, 0, 0, 0, 1, 0, 0, 0, 0, 0, 0, 1, 1, 1, 0, 0, 0, 1, 0, 0, 0, 0, 0, 0, 0, 1, 0, 0, 0, 0, 0, 1, 0, 0, 0, 0, 0, 0, 0, 1, 0, 0, 1, 0, 0, 0, 0, 0, 0, 0, 0, 0, 0, 0, 0, 1, 1, 0, 0, 0, 0, 0, 0, 0, 1, 0, 1, 1, 0, 0, 0, 1, 0, 0, 0, 0, 0, 0, 0, 1, 0, 0, 0, 0, 0, 0, 1, 0, 0, 0, 0, 1, 0, 0, 0, 0, 0, 0, 0, 0, 0, 0, 0, 1, 1, 0, 0, 0, 0, 0, 0, 1, 0, 0, 1, 0, 0, 0, 0, 0, 0, 0, 0, 1, 0, 0, 1, 0, 0, 0, 0, 1, 1, 1, 0, 1, 0, 0, 0, 0, 0, 0, 0, 0, 0, 0, 0, 0, 0, 0, 0, 0, 0, 1, 0, 0, 0, 1, 0, 0, 0, 0, 0, 1, 0, 0, 0]

BESTGEM=(15, 175, 0.085714285714285715)
LISTGEM=[0, 0, 0, 0, 0, 1, 0, 0, 0, 0, 0, 0, 0, 0, 0, 0, 0, 1, 0, 0, 0, 0, 1, 0, 0, 0, 0, 0, 0, 0, 0, 0, 0, 0, 0, 0, 0, 0, 0, 0, 0, 0, 0, 0, 0, 0, 0, 0, 0, 0, 1, 0, 0, 0, 0, 0, 0, 0, 0, 0, 0, 1, 0, 1, 0, 0, 0, 0, 0, 0, 0, 0, 0, 0, 1, 0, 0, 0, 0, 1, 0, 0, 0, 0, 0, 0, 0, 1, 0, 0, 0, 0, 1, 0, 0, 0, 0, 0, 0, 0, 0, 0, 0, 0, 0, 0, 0, 0, 0, 1, 0, 0, 1, 0, 0, 0, 0, 0, 0, 0, 0, 0, 0, 0, 0, 0, 0, 0, 0, 0, 0, 0, 0, 0, 0, 0, 0, 0, 0, 1, 1, 0, 0, 0, 0, 0, 0, 0, 0, 0, 0, 0, 0, 0, 0, 0, 0, 0, 0, 0, 0, 0, 0, 0, 0, 1, 0, 0, 0, 0, 0, 0, 0, 0, 0]

