# shuffled stratified split (indices referring to UCR database)
TESTINDEX=[887 491 539  90 109 306 314 446 838 710 420 460  84 343 896 108 447  59
 502 861 311  17 786 816 348 410 620 222  78 361 866 884  61 754 880 630
 231 387  36 874 864 290 388 264 742 529 758 525 450  94 788 490 693 765
 105  63 851  56 246 191 898 416 763  15 125 236 656 822 211 189 903 717
 423 269 470   1 497 364 844 219 877 860 759 547 303 837 493 641 425 614
 690 145 283 708  64 385 411 577 434  85 821 537 610 836 207 400 325 784
 803 649 686 172 309 810 297 183 302 734 256 367  66 212 384 594 377 209
 605 363 151 444 126 774 106 775 433 501 327 476  39 166 282 719 814 396
 369 100 118  89 469 365 731 114 200 637 727 156  33 463 611 554 749 326
 206 904 181 188 298 238 839 413 485 792 548 279 612 317 579 232 519 829
 755 573 598 858 171 113 606 284 352  18 527 322 583 402 882  35  83 646
 127 852 778 208  69 650 555 684 642 268 152 558 613 139 762 550 101 344
 869 840 312 362  40 204 294 653 121  88 193 780 900 824 368 700 373 673
 654  98 850 475 878 678 520 845 516 221 496 595 773 677 438  91 465 443
 499 117 380 848  32  26 220 743 494 768 146 894 524 584 192 801 660 479
 255 601 608  80 350   8 575 165 565 854 511  20 737 182 342 899 518 517
  41 371  45 680 176 394  53 687  31 308  99 695 841 730 230 831 785 552
 406 732 609 543 638 815 596 587 288 586 639   3 902 621 254 538  50 512
   9 149 830 756 812 842  14 515 137 144 676 607 793 588 201 720 440 886
 513 123  86 251 205 399 580 805 636 266 102 216  65 128 590  57 334 427
 335 130 789 696 161 522 391 310 163 223 431 847 421 133 883 262  28 358
 569 629 794  62 705 589 658 509 332 843 134 508 210 846 820 381 346 403
 643 675 748 370 633 383 557  97 140 154 277 261 162 563 486 875 249 791
 318 593 448 135 781 572 667 263 455 813 701 718  52 556 571 272 291  72
 215 503 349 103 453 618 300 202 412 729 195  16 257 804 674 585 890 248
 483 523 856  11 351 227 122 597 885 506 437 645 194 390 599 196 867 459
 549 582 276 167 461 751 568 713 286 863 561 213 258 892 287 233   6 530
 408 328 160 750 468 285 709 229 280 175 474 767 409 703 757 157 833 808
 769 714 725 745 340 627 430 889 374 354 217 429 240 616 615 442 753 540
 622 715 623 581 783  10 567 672 671 817 250 170 376 359 888 752 679 407
 482 526 138 313 835 168 777 897 107 150 663 797 862 432 435 111  74 790
 634 174 546  75 711 735 243 142 405 819  46 454 834 241 218 655 764 305
 625 691  73 462 698 712 315 375 339 704 818 265 603 259 178 253 337 245
 426 576  19 452 393 472 566 631 551 198 247 723 226  29 766 542 235 531
  60 707 528  30 267 855 652 570 372 273 746 331 798 345 115  48  70  58
 640 706  42 436 617]
TRAININDEX=[536 776 164 299 203 451 872 559  77 169 574 404 661 682  23 120 807 879
 826 143 728 158 397 347 234 514  55 199 173 802 799 104 828 389 439  47
 657 441 307 147 260 891 500 398 796 422  76 504 857 739 669 379 823 304
 533 180  54 873 382 659 895 360 274 592 136 779 484 419 507  71  37 353
 651 747 876  67  82 324 628 662 141 498 478 495 185 647  12 870 632 541
 293 534 770 330 458 787 177 619 578 355 800 697 772 418  87 124 604 827
 242 197 553 664 771 129 681 392 186 228 323 893   0 665 270 281 668 722
 562 760 849 560 214  49 116  95 689 445   2  21 244 415 271 545 741 357
  79 112 505 336 119 301 644 716 489 699 795 871 153 825 295 626 688 740
  43 726 341 464 702 110 591 378 564 666  25 366 329 386 881 733 319 224
 535 692 155  27 694 395 624 225  93 806   5 521 252  96 333 600 131   7
 670 321 487  34 289 868 510 492 635 480 237 417 859 466  24 296 190 239
 401  38 544  92 865 736 477 488  22 184 456 467 809  81 721 278 602 648
 316 473 532 414 292 356 724 782 275 320 738 132 685 832  44 187 901 481
 683 179 338 148 424 761   4  51 853  68 449 471 428 159 457  13 811 744]

# learned parameters for cdtw and gem
# dtw ((error, size, error/size), (window, sqr))
# gem ((error, size, error/size), (St0, St1, E, sym, sqr))
BESTLEARNCONSDTW=((73, 270, 0.27037037037037037), (0.10000000000000001, True))
LISTLEARNCONSDTW=[((73, 270, 0.27037037037037037), (0.080000000000000002, True)), ((73, 270, 0.27037037037037037), (0.10000000000000001, True)), ((75, 270, 0.27777777777777779), (0.089999999999999997, True)), ((75, 270, 0.27777777777777779), (0.11, True)), ((76, 270, 0.2814814814814815), (0.050000000000000003, True)), ((76, 270, 0.2814814814814815), (0.059999999999999998, True)), ((76, 270, 0.2814814814814815), (0.070000000000000007, True)), ((78, 270, 0.28888888888888886), (0.12, True)), ((78, 270, 0.28888888888888886), (0.13, True)), ((78, 270, 0.28888888888888886), (0.14999999999999999, True)), ((79, 270, 0.29259259259259257), (0.14000000000000001, True)), ((79, 270, 0.29259259259259257), (0.17999999999999999, True)), ((79, 270, 0.29259259259259257), (0.19, True)), ((80, 270, 0.29629629629629628), (0.16, True)), ((80, 270, 0.29629629629629628), (0.17000000000000001, True)), ((80, 270, 0.29629629629629628), (0.20000000000000001, True)), ((82, 270, 0.3037037037037037), (0.040000000000000001, True)), ((85, 270, 0.31481481481481483), (0.029999999999999999, True)), ((91, 270, 0.33703703703703702), (0.02, True)), ((95, 270, 0.35185185185185186), (0.01, True)), ((103, 270, 0.38148148148148148), (0.0, True))]

BESTLEARNGEM=((71, 270, 0.26296296296296295), (2, 2, 0.25, True, True))
LISTLEARNGEM=[((71, 270, 0.26296296296296295), (2, 2, 0.25, True, True)), ((75, 270, 0.27777777777777779), (2, 2, 0.125, True, True)), ((75, 270, 0.27777777777777779), (2, 2, 0.5, True, True)), ((87, 270, 0.32222222222222224), (2, 2, 0.0625, True, True)), ((88, 270, 0.32592592592592595), (2, 2, 0.0078125, True, True)), ((89, 270, 0.32962962962962961), (2, 2, 0, True, True)), ((89, 270, 0.32962962962962961), (2, 2, 0.00390625, True, True)), ((89, 270, 0.32962962962962961), (2, 2, 0.015625, True, True)), ((92, 270, 0.34074074074074073), (2, 2, 0.03125, True, True)), ((102, 270, 0.37777777777777777), (1, 1, 0.0078125, True, True)), ((102, 270, 0.37777777777777777), (1, 2, 0.0078125, True, True)), ((103, 270, 0.38148148148148148), (1, 1, 0, True, True)), ((103, 270, 0.38148148148148148), (1, 1, 0.015625, True, True)), ((103, 270, 0.38148148148148148), (1, 2, 0, True, True)), ((103, 270, 0.38148148148148148), (1, 2, 0.015625, True, True)), ((104, 270, 0.38518518518518519), (1, 1, 0.00390625, True, True)), ((104, 270, 0.38518518518518519), (1, 2, 0.00390625, True, True)), ((105, 270, 0.3888888888888889), (1, 1, 0.03125, True, True)), ((105, 270, 0.3888888888888889), (1, 2, 0.03125, True, True)), ((107, 270, 0.39629629629629631), (1, 1, 0.0625, True, True)), ((107, 270, 0.39629629629629631), (1, 2, 0.0625, True, True)), ((117, 270, 0.43333333333333335), (1, 1, 0.125, True, True)), ((117, 270, 0.43333333333333335), (1, 2, 0.125, True, True)), ((120, 270, 0.44444444444444442), (2, 1, 0.5, True, True)), ((121, 270, 0.44814814814814813), (1, 1, 0.25, True, True)), ((121, 270, 0.44814814814814813), (1, 2, 0.25, True, True)), ((124, 270, 0.45925925925925926), (2, 1, 0.25, True, True)), ((128, 270, 0.47407407407407409), (1, 1, 0.5, True, True)), ((128, 270, 0.47407407407407409), (1, 2, 0.5, True, True)), ((132, 270, 0.48888888888888887), (2, 1, 0.125, True, True)), ((134, 270, 0.49629629629629629), (2, 1, 0.0625, True, True)), ((139, 270, 0.51481481481481484), (2, 1, 0.03125, True, True)), ((142, 270, 0.52592592592592591), (2, 1, 0.015625, True, True)), ((145, 270, 0.53703703703703709), (2, 1, 0.0078125, True, True)), ((150, 270, 0.55555555555555558), (2, 1, 0.00390625, True, True)), ((153, 270, 0.56666666666666665), (2, 1, 0, True, True))]


# error rates for different distance measures
# (error, size, error/size) and binary mask
BESTLP=(232, 635, 0.36535433070866141)
LISTLP=[0, 0, 0, 0, 0, 0, 0, 0, 1, 0, 0, 1, 0, 1, 0, 0, 0, 0, 1, 0, 1, 0, 0, 0, 1, 0, 0, 1, 1, 0, 0, 0, 0, 1, 1, 1, 0, 0, 0, 1, 0, 0, 0, 1, 0, 0, 0, 1, 0, 0, 0, 0, 1, 0, 1, 1, 0, 1, 0, 1, 1, 1, 0, 1, 0, 1, 0, 0, 0, 0, 0, 1, 0, 0, 1, 1, 0, 0, 0, 0, 0, 0, 0, 0, 1, 0, 0, 0, 1, 0, 1, 0, 0, 1, 0, 1, 0, 1, 0, 0, 1, 1, 0, 1, 0, 1, 0, 0, 1, 1, 1, 0, 0, 0, 0, 0, 0, 1, 0, 0, 0, 0, 1, 0, 1, 0, 0, 1, 1, 0, 0, 0, 1, 0, 0, 0, 0, 0, 1, 0, 0, 0, 1, 0, 0, 1, 0, 0, 0, 0, 1, 1, 1, 0, 0, 1, 0, 1, 0, 0, 1, 0, 0, 0, 0, 1, 0, 1, 0, 0, 0, 1, 1, 0, 1, 1, 0, 0, 1, 1, 0, 0, 1, 1, 1, 1, 0, 0, 1, 1, 1, 0, 0, 1, 0, 0, 0, 0, 0, 1, 1, 0, 0, 0, 0, 0, 0, 0, 0, 0, 0, 1, 0, 0, 1, 0, 1, 0, 0, 1, 1, 0, 0, 1, 0, 1, 0, 0, 0, 1, 0, 0, 1, 0, 1, 1, 0, 0, 1, 1, 0, 0, 1, 0, 1, 0, 1, 1, 0, 1, 1, 0, 1, 0, 0, 1, 0, 0, 0, 0, 1, 0, 1, 1, 0, 1, 0, 0, 0, 0, 1, 0, 0, 0, 0, 1, 1, 0, 0, 0, 1, 0, 0, 0, 0, 0, 1, 0, 1, 1, 0, 0, 1, 0, 0, 1, 0, 0, 0, 1, 0, 0, 0, 0, 0, 0, 0, 0, 1, 0, 0, 1, 1, 0, 1, 1, 1, 0, 1, 0, 1, 1, 0, 1, 0, 1, 0, 0, 0, 0, 0, 0, 1, 0, 0, 0, 0, 0, 0, 0, 0, 0, 0, 0, 1, 0, 1, 0, 1, 0, 0, 0, 1, 0, 0, 0, 0, 0, 1, 0, 0, 0, 1, 0, 0, 0, 0, 0, 1, 0, 1, 0, 1, 0, 1, 1, 1, 0, 1, 1, 1, 1, 0, 1, 0, 0, 1, 0, 1, 0, 0, 0, 0, 1, 0, 1, 0, 1, 1, 0, 1, 0, 0, 0, 0, 1, 1, 1, 0, 0, 1, 0, 0, 0, 0, 0, 1, 1, 0, 0, 0, 0, 1, 0, 1, 1, 0, 1, 1, 0, 0, 1, 1, 1, 1, 1, 0, 1, 0, 0, 0, 1, 0, 1, 0, 0, 1, 0, 1, 1, 1, 0, 0, 1, 0, 1, 1, 0, 0, 1, 0, 1, 0, 1, 0, 0, 0, 0, 0, 0, 1, 1, 1, 0, 0, 0, 0, 0, 0, 0, 1, 0, 0, 0, 1, 1, 0, 0, 0, 1, 1, 0, 0, 1, 1, 0, 0, 1, 1, 1, 0, 0, 0, 0, 0, 1, 0, 1, 0, 0, 0, 1, 0, 0, 0, 0, 0, 0, 0, 0, 0, 0, 1, 0, 0, 0, 0, 0, 1, 1, 0, 0, 0, 0, 0, 1, 1, 0, 0, 0, 1, 0, 0, 0, 1, 0, 0, 1, 1, 1, 0, 0, 0, 1, 0, 0, 0, 1, 0, 0, 0, 1, 1, 0, 0, 1, 0, 0, 0, 1, 0, 0, 0, 0, 1, 0, 1, 0, 1, 0, 1, 1, 1, 0, 1, 1, 1, 1, 1, 0, 0, 0, 1, 1, 0, 0, 1, 0, 0, 1, 0, 0, 1, 0, 0, 0, 0, 0, 0, 1, 1, 1, 0, 0, 1, 0, 0, 0, 1, 0, 1, 1, 0, 0, 0, 1, 0, 0, 1, 0, 1, 0, 1, 1, 0]

BESTFULLDTW=(231, 635, 0.36377952755905513)
LISTFULLDTW=[0, 0, 1, 0, 1, 0, 1, 0, 0, 0, 0, 0, 1, 1, 0, 0, 0, 0, 0, 0, 1, 1, 0, 0, 1, 1, 0, 0, 0, 0, 0, 0, 1, 0, 1, 1, 0, 0, 0, 1, 1, 0, 0, 1, 0, 0, 0, 0, 0, 0, 0, 0, 1, 0, 1, 1, 1, 1, 0, 0, 0, 0, 0, 1, 0, 1, 1, 1, 0, 0, 0, 0, 0, 1, 1, 1, 0, 0, 1, 0, 0, 0, 0, 0, 0, 1, 1, 0, 0, 0, 0, 0, 0, 0, 0, 1, 0, 0, 0, 0, 0, 1, 0, 1, 0, 0, 0, 0, 0, 1, 1, 1, 1, 0, 0, 0, 1, 1, 0, 0, 1, 0, 0, 0, 1, 1, 0, 0, 0, 1, 0, 0, 1, 1, 0, 0, 0, 0, 0, 0, 1, 1, 0, 0, 0, 1, 0, 0, 0, 0, 0, 1, 1, 0, 0, 1, 0, 0, 0, 1, 0, 0, 1, 0, 0, 0, 1, 0, 0, 1, 0, 1, 0, 0, 1, 1, 0, 0, 0, 0, 0, 0, 0, 1, 1, 1, 0, 0, 1, 1, 1, 1, 1, 1, 1, 0, 1, 0, 0, 1, 0, 0, 1, 0, 0, 0, 0, 0, 0, 1, 0, 1, 0, 0, 0, 0, 1, 0, 0, 1, 1, 0, 0, 1, 0, 0, 0, 0, 0, 0, 0, 0, 1, 0, 1, 1, 1, 0, 1, 1, 0, 0, 1, 1, 1, 0, 1, 0, 0, 0, 1, 1, 1, 0, 1, 1, 0, 0, 0, 0, 0, 0, 1, 0, 0, 0, 0, 1, 1, 0, 1, 0, 0, 0, 1, 0, 1, 0, 1, 0, 0, 0, 0, 0, 1, 0, 0, 0, 1, 1, 1, 0, 0, 0, 0, 1, 0, 0, 0, 1, 0, 0, 0, 1, 0, 0, 0, 0, 1, 0, 0, 0, 1, 0, 1, 1, 1, 0, 1, 0, 1, 1, 0, 0, 0, 0, 0, 1, 0, 0, 0, 1, 0, 0, 1, 0, 0, 0, 0, 0, 0, 0, 0, 0, 0, 0, 1, 0, 0, 0, 1, 0, 1, 1, 0, 0, 0, 1, 1, 0, 1, 1, 1, 1, 1, 1, 0, 0, 1, 0, 0, 0, 0, 0, 1, 0, 1, 1, 1, 1, 0, 1, 0, 0, 1, 1, 0, 0, 1, 1, 0, 1, 1, 0, 0, 1, 0, 0, 1, 0, 0, 0, 0, 0, 1, 1, 1, 0, 1, 1, 0, 0, 0, 1, 0, 0, 1, 0, 1, 0, 0, 0, 1, 0, 0, 0, 1, 1, 0, 0, 1, 1, 0, 0, 0, 1, 0, 1, 0, 0, 0, 1, 0, 1, 1, 0, 1, 0, 0, 1, 1, 0, 1, 0, 1, 1, 0, 0, 0, 1, 0, 0, 1, 1, 0, 0, 1, 0, 1, 0, 1, 0, 0, 0, 0, 1, 0, 0, 0, 0, 0, 0, 0, 0, 1, 0, 0, 0, 1, 1, 1, 0, 1, 0, 0, 0, 1, 0, 0, 1, 0, 0, 0, 0, 0, 0, 0, 0, 0, 0, 0, 1, 0, 0, 0, 0, 1, 0, 0, 0, 0, 0, 1, 0, 1, 1, 0, 1, 1, 0, 0, 0, 1, 0, 0, 0, 0, 0, 1, 0, 1, 0, 1, 0, 1, 0, 0, 1, 1, 0, 0, 0, 0, 0, 0, 0, 1, 1, 0, 1, 0, 0, 0, 1, 1, 0, 0, 1, 0, 0, 0, 0, 0, 1, 0, 0, 0, 1, 0, 1, 1, 1, 1, 1, 1, 0, 1, 0, 0, 0, 0, 1, 1, 1, 1, 0, 1, 0, 1, 0, 0, 1, 1, 0, 0, 0, 0, 1, 0, 0, 1, 1, 0, 0, 0, 1, 1, 0, 1, 0, 1, 1, 1, 0, 0, 0, 0, 0, 1, 1, 1, 0, 0, 0, 0]

BESTCONSDTW=(178, 635, 0.28031496062992128)
LISTCONSDTW=[0, 0, 1, 0, 0, 0, 1, 0, 0, 0, 0, 0, 0, 0, 0, 0, 0, 0, 0, 0, 1, 0, 0, 0, 1, 1, 0, 0, 1, 0, 0, 0, 1, 0, 1, 0, 0, 0, 0, 0, 1, 0, 0, 1, 0, 0, 0, 1, 0, 0, 0, 0, 1, 0, 1, 1, 0, 1, 0, 0, 0, 0, 0, 1, 0, 0, 1, 0, 0, 0, 0, 0, 0, 0, 1, 1, 0, 0, 0, 0, 0, 0, 0, 0, 0, 1, 0, 0, 0, 0, 0, 0, 0, 0, 0, 0, 0, 1, 0, 0, 0, 1, 0, 1, 0, 0, 0, 0, 0, 1, 1, 0, 1, 0, 0, 0, 1, 1, 0, 0, 0, 0, 0, 0, 1, 1, 0, 0, 1, 1, 0, 0, 0, 0, 0, 0, 0, 0, 1, 1, 0, 0, 0, 0, 0, 1, 0, 0, 0, 0, 0, 1, 1, 0, 0, 1, 0, 0, 0, 0, 0, 0, 0, 0, 0, 0, 0, 1, 0, 0, 0, 1, 0, 0, 1, 1, 0, 0, 0, 1, 0, 0, 0, 0, 1, 1, 0, 0, 1, 1, 1, 1, 1, 1, 0, 0, 0, 0, 0, 0, 0, 0, 1, 0, 0, 0, 0, 0, 1, 1, 0, 1, 0, 0, 0, 0, 1, 0, 0, 1, 0, 0, 0, 1, 0, 0, 1, 0, 0, 0, 0, 0, 1, 0, 0, 1, 0, 0, 1, 1, 0, 0, 1, 0, 0, 0, 1, 1, 0, 0, 0, 1, 1, 0, 1, 1, 0, 0, 0, 0, 0, 0, 1, 0, 0, 1, 0, 1, 1, 0, 0, 0, 0, 0, 1, 0, 1, 0, 0, 0, 0, 0, 0, 0, 0, 0, 0, 0, 1, 1, 1, 0, 0, 0, 0, 1, 0, 0, 0, 0, 0, 0, 1, 0, 0, 0, 0, 0, 1, 0, 0, 0, 1, 0, 1, 1, 1, 0, 1, 0, 1, 1, 0, 1, 0, 1, 0, 1, 1, 0, 0, 1, 0, 0, 0, 0, 0, 0, 0, 0, 0, 0, 0, 0, 0, 0, 1, 0, 0, 0, 0, 0, 1, 1, 0, 0, 0, 1, 1, 0, 0, 0, 1, 1, 0, 1, 0, 0, 0, 0, 1, 0, 0, 0, 1, 0, 1, 0, 1, 1, 0, 1, 0, 0, 0, 1, 0, 0, 1, 0, 0, 0, 0, 0, 0, 1, 0, 1, 1, 0, 0, 0, 0, 0, 0, 0, 1, 1, 0, 0, 0, 0, 0, 1, 0, 0, 0, 0, 0, 0, 0, 0, 1, 0, 0, 0, 0, 1, 0, 0, 0, 1, 1, 0, 1, 1, 0, 1, 0, 0, 0, 1, 0, 0, 0, 0, 0, 0, 0, 1, 1, 0, 1, 0, 1, 1, 0, 0, 0, 1, 0, 0, 0, 1, 0, 0, 0, 0, 0, 0, 1, 0, 0, 0, 0, 1, 0, 0, 0, 0, 0, 0, 0, 0, 1, 0, 0, 0, 0, 1, 1, 0, 1, 0, 0, 0, 1, 1, 0, 1, 0, 0, 0, 0, 0, 1, 0, 0, 0, 0, 0, 1, 0, 0, 0, 0, 0, 0, 0, 0, 0, 0, 0, 0, 1, 0, 0, 0, 1, 0, 0, 0, 1, 1, 0, 0, 0, 0, 1, 0, 1, 0, 1, 0, 1, 0, 0, 1, 1, 0, 0, 0, 0, 0, 0, 0, 1, 0, 0, 1, 0, 0, 0, 1, 1, 0, 0, 1, 0, 0, 0, 0, 0, 1, 0, 0, 0, 0, 0, 1, 0, 0, 1, 0, 1, 0, 1, 0, 0, 0, 0, 1, 1, 1, 1, 0, 1, 0, 1, 0, 0, 0, 1, 0, 0, 0, 0, 0, 0, 0, 1, 1, 0, 0, 0, 1, 1, 0, 1, 0, 1, 0, 1, 0, 0, 0, 0, 0, 1, 0, 0, 0, 1, 0, 0]

BESTGEM=(166, 635, 0.26141732283464569)
LISTGEM=[0, 0, 1, 0, 1, 0, 0, 0, 0, 0, 0, 0, 0, 1, 0, 0, 0, 0, 0, 0, 1, 0, 0, 0, 1, 1, 0, 1, 1, 0, 0, 0, 0, 0, 0, 0, 0, 0, 0, 1, 0, 0, 0, 1, 0, 0, 0, 0, 1, 0, 0, 0, 1, 0, 0, 0, 0, 1, 0, 1, 0, 0, 0, 0, 0, 0, 1, 0, 0, 0, 0, 0, 1, 0, 0, 0, 1, 0, 1, 0, 0, 0, 0, 0, 0, 0, 0, 1, 0, 0, 0, 0, 0, 1, 0, 0, 0, 1, 0, 0, 0, 1, 0, 0, 0, 0, 0, 0, 0, 1, 1, 0, 0, 0, 0, 0, 0, 1, 0, 0, 1, 0, 0, 0, 1, 0, 0, 0, 1, 0, 0, 0, 1, 0, 0, 0, 0, 0, 0, 1, 0, 1, 0, 0, 0, 1, 0, 0, 1, 0, 0, 1, 1, 0, 0, 1, 0, 0, 0, 0, 0, 0, 1, 0, 0, 0, 0, 1, 0, 0, 0, 1, 1, 0, 0, 1, 0, 0, 0, 1, 0, 0, 0, 1, 0, 0, 0, 0, 1, 1, 0, 0, 0, 1, 0, 0, 0, 0, 0, 0, 1, 0, 1, 0, 0, 0, 0, 0, 0, 0, 0, 1, 1, 0, 1, 0, 1, 0, 0, 0, 1, 0, 0, 1, 0, 0, 1, 0, 0, 0, 0, 1, 1, 0, 0, 0, 0, 0, 1, 1, 0, 0, 1, 0, 0, 0, 1, 0, 0, 0, 0, 0, 1, 0, 0, 0, 0, 0, 0, 0, 1, 0, 1, 0, 0, 1, 0, 1, 0, 0, 1, 0, 0, 0, 0, 0, 0, 0, 0, 1, 0, 0, 0, 0, 0, 0, 1, 0, 1, 1, 1, 0, 1, 0, 0, 0, 0, 0, 0, 0, 0, 0, 1, 1, 1, 0, 0, 0, 1, 0, 1, 1, 1, 0, 1, 0, 0, 0, 1, 0, 1, 1, 0, 0, 0, 0, 0, 0, 0, 0, 0, 0, 0, 1, 1, 0, 0, 0, 0, 0, 0, 0, 0, 0, 0, 0, 1, 0, 0, 0, 0, 0, 1, 1, 0, 0, 0, 1, 1, 0, 1, 0, 1, 0, 0, 0, 0, 0, 0, 0, 0, 0, 0, 0, 0, 1, 1, 1, 1, 1, 1, 1, 0, 0, 0, 1, 0, 0, 1, 0, 0, 0, 0, 0, 0, 0, 0, 0, 1, 0, 1, 0, 0, 0, 0, 0, 0, 1, 0, 0, 0, 1, 0, 1, 0, 1, 1, 0, 0, 0, 0, 1, 1, 0, 0, 1, 1, 1, 0, 0, 1, 1, 1, 0, 0, 1, 0, 0, 0, 0, 0, 0, 0, 1, 1, 0, 1, 1, 0, 1, 1, 0, 0, 1, 1, 1, 0, 0, 0, 1, 0, 0, 0, 1, 0, 0, 0, 0, 0, 0, 1, 0, 0, 0, 0, 0, 0, 0, 0, 0, 0, 0, 0, 0, 1, 0, 0, 0, 0, 0, 0, 0, 1, 0, 0, 0, 1, 1, 0, 1, 0, 0, 0, 0, 0, 0, 0, 0, 0, 0, 0, 1, 0, 0, 0, 0, 0, 0, 0, 0, 0, 0, 0, 0, 0, 0, 0, 0, 1, 0, 0, 0, 1, 1, 0, 0, 0, 0, 0, 0, 1, 0, 0, 0, 1, 0, 0, 1, 1, 0, 0, 0, 0, 0, 1, 0, 0, 0, 0, 0, 0, 0, 0, 1, 1, 0, 0, 0, 0, 0, 0, 0, 0, 1, 0, 0, 0, 0, 1, 1, 0, 0, 1, 0, 1, 0, 1, 0, 0, 0, 0, 1, 1, 1, 1, 0, 1, 0, 0, 0, 0, 0, 1, 0, 0, 0, 0, 0, 0, 0, 1, 1, 0, 0, 0, 0, 1, 0, 1, 0, 1, 0, 0, 0, 0, 0, 0, 0, 0, 1, 1, 0, 1, 0, 0]

