# shuffled stratified split (indices referring to UCR database)
TESTINDEX=[293 184   9 335 123  23  39 103 270 172 257 167 144 192 316 114 118 157
 109 235 303 341 161  54  12 236  94 166  67  16  51 314 177 231 240 233
 183 238  28 312 318 230 159 254  90 143 223 281  66 207 340 275 222  82
  24  47 280 250 306  30  73 141   4 313  31 113 302  40 224 338 242 308
 175 169 197   2  98 182 260 202 115  20 189 117 139 133 216  18 217 116
 248 283  46 134 344 136  87 269 119 279  93 319  45 342 205 263 173  96
  49 124 108  38  95  64 209 107 330 243  52 228 112  57   6  81 247 190
  15  88   7 171 195 296 249 264 131 334 180  42 232  27  29  55 100 244
 213 165 315 215  35 251  79 193 111 298 309  22 176 181 259 266 332 271
 212 148 186  70 317  74  85 199 147  32 110  53 135]
TRAININDEX=[ 25 187   0  91 295  17 337 241 286 211   3  56  84 346  21 156 122 282
 307   5 297  83  36   8 121 225 258 204 333 219 349 320  60 324 137  34
  10  75 276  41 290 237 284 261  63 299 220   1 201  19 146 132 227 329
 158 272  11 120 321 106 311  78 198  61 285 265  59 188 304 234  77  48
  44 154 206  71 164  68 218  69 348  76 347  26 226 102 345 288 163 125
 291 162 267 149 142 185 152  89 268 300 292  33 273  65 252 256 221 101
 151 322 203 168 336  58 245 239 210 126  86 178  13 274 305 326 191 153
 253 255  99 287 145 325 130  97 343  37 140 194  14 310 331 339 160 128
  80 155 129  50  43 277 200 208 127 174 328 150 323 214 278 179 138 196
 170 104 246 289 229  62 262 327 105  92 294  72 301]

# learned parameters for cdtw and gem
# dtw ((error, size, error/size), (window, sqr))
# gem ((error, size, error/size), (St0, St1, E, sym, sqr))
BESTLEARNCONSDTW=((27, 175, 0.15428571428571428), (0.01, True))
LISTLEARNCONSDTW=[((27, 175, 0.15428571428571428), (0.0, True)), ((27, 175, 0.15428571428571428), (0.01, True)), ((30, 175, 0.17142857142857143), (0.02, True)), ((34, 175, 0.19428571428571428), (0.050000000000000003, True)), ((34, 175, 0.19428571428571428), (0.080000000000000002, True)), ((34, 175, 0.19428571428571428), (0.089999999999999997, True)), ((34, 175, 0.19428571428571428), (0.10000000000000001, True)), ((34, 175, 0.19428571428571428), (0.11, True)), ((34, 175, 0.19428571428571428), (0.12, True)), ((34, 175, 0.19428571428571428), (0.13, True)), ((34, 175, 0.19428571428571428), (0.14000000000000001, True)), ((34, 175, 0.19428571428571428), (0.14999999999999999, True)), ((34, 175, 0.19428571428571428), (0.16, True)), ((34, 175, 0.19428571428571428), (0.17000000000000001, True)), ((34, 175, 0.19428571428571428), (0.17999999999999999, True)), ((34, 175, 0.19428571428571428), (0.19, True)), ((34, 175, 0.19428571428571428), (0.20000000000000001, True)), ((35, 175, 0.20000000000000001), (0.029999999999999999, True)), ((35, 175, 0.20000000000000001), (0.059999999999999998, True)), ((35, 175, 0.20000000000000001), (0.070000000000000007, True)), ((39, 175, 0.22285714285714286), (0.040000000000000001, True))]

BESTLEARNGEM=((14, 175, 0.080000000000000002), (2, 1, 0.03125, True, True))
LISTLEARNGEM=[((14, 175, 0.080000000000000002), (2, 1, 0.015625, True, True)), ((14, 175, 0.080000000000000002), (2, 1, 0.03125, True, True)), ((15, 175, 0.085714285714285715), (2, 2, 0.5, True, True)), ((16, 175, 0.091428571428571428), (2, 1, 0.0625, True, True)), ((17, 175, 0.097142857142857142), (2, 1, 0.5, True, True)), ((18, 175, 0.10285714285714286), (2, 1, 0.125, True, True)), ((19, 175, 0.10857142857142857), (2, 2, 0.25, True, True)), ((20, 175, 0.11428571428571428), (2, 1, 0.00390625, True, True)), ((21, 175, 0.12), (2, 1, 0.25, True, True)), ((22, 175, 0.12571428571428572), (2, 1, 0.0078125, True, True)), ((23, 175, 0.13142857142857142), (2, 2, 0.125, True, True)), ((24, 175, 0.13714285714285715), (2, 2, 0.015625, True, True)), ((24, 175, 0.13714285714285715), (2, 2, 0.03125, True, True)), ((25, 175, 0.14285714285714285), (1, 1, 0.03125, True, True)), ((25, 175, 0.14285714285714285), (1, 1, 0.125, True, True)), ((25, 175, 0.14285714285714285), (1, 2, 0.03125, True, True)), ((25, 175, 0.14285714285714285), (1, 2, 0.125, True, True)), ((25, 175, 0.14285714285714285), (2, 1, 0, True, True)), ((25, 175, 0.14285714285714285), (2, 2, 0.0078125, True, True)), ((26, 175, 0.14857142857142858), (1, 1, 0.0625, True, True)), ((26, 175, 0.14857142857142858), (1, 2, 0.0625, True, True)), ((26, 175, 0.14857142857142858), (2, 2, 0, True, True)), ((26, 175, 0.14857142857142858), (2, 2, 0.00390625, True, True)), ((26, 175, 0.14857142857142858), (2, 2, 0.0625, True, True)), ((28, 175, 0.16), (1, 1, 0.25, True, True)), ((28, 175, 0.16), (1, 2, 0.25, True, True)), ((29, 175, 0.1657142857142857), (1, 1, 0.0078125, True, True)), ((29, 175, 0.1657142857142857), (1, 1, 0.5, True, True)), ((29, 175, 0.1657142857142857), (1, 2, 0.0078125, True, True)), ((29, 175, 0.1657142857142857), (1, 2, 0.5, True, True)), ((30, 175, 0.17142857142857143), (1, 1, 0.015625, True, True)), ((30, 175, 0.17142857142857143), (1, 2, 0.015625, True, True)), ((32, 175, 0.18285714285714286), (1, 1, 0.00390625, True, True)), ((32, 175, 0.18285714285714286), (1, 2, 0.00390625, True, True)), ((35, 175, 0.20000000000000001), (1, 1, 0, True, True)), ((35, 175, 0.20000000000000001), (1, 2, 0, True, True))]


# error rates for different distance measures
# (error, size, error/size) and binary mask
BESTLP=(46, 175, 0.26285714285714284)
LISTLP=[0, 0, 0, 0, 0, 0, 0, 0, 0, 0, 1, 1, 0, 1, 0, 0, 0, 0, 0, 0, 0, 0, 1, 0, 0, 0, 1, 0, 0, 1, 1, 0, 0, 1, 0, 0, 0, 0, 0, 0, 1, 1, 0, 0, 0, 0, 0, 0, 1, 0, 1, 0, 0, 0, 1, 1, 1, 0, 1, 0, 1, 1, 1, 0, 1, 0, 0, 0, 0, 1, 1, 0, 0, 0, 1, 0, 0, 0, 0, 0, 1, 1, 0, 0, 0, 0, 1, 0, 1, 0, 0, 0, 0, 1, 0, 0, 0, 0, 0, 0, 0, 0, 0, 0, 0, 0, 0, 0, 0, 0, 0, 0, 0, 0, 1, 1, 0, 0, 1, 1, 0, 0, 0, 0, 1, 0, 0, 0, 0, 0, 1, 1, 1, 0, 1, 1, 0, 0, 0, 1, 0, 0, 0, 0, 0, 0, 1, 0, 0, 0, 0, 0, 0, 0, 0, 1, 1, 0, 0, 1, 0, 0, 0, 0, 0, 0, 1, 1, 0, 1, 0, 0, 0, 0, 0]

BESTFULLDTW=(42, 175, 0.23999999999999999)
LISTFULLDTW=[1, 0, 0, 0, 0, 0, 1, 0, 0, 0, 1, 0, 0, 0, 0, 0, 0, 0, 0, 0, 1, 0, 0, 0, 0, 0, 1, 0, 0, 0, 1, 0, 0, 1, 0, 0, 0, 0, 0, 0, 0, 1, 0, 0, 0, 0, 0, 0, 0, 0, 1, 0, 0, 0, 1, 0, 1, 0, 0, 1, 0, 1, 0, 0, 1, 0, 1, 1, 0, 1, 0, 0, 0, 1, 0, 0, 0, 0, 1, 0, 0, 0, 1, 0, 0, 0, 1, 0, 0, 1, 0, 0, 0, 0, 1, 0, 0, 0, 1, 0, 0, 0, 0, 0, 1, 0, 0, 0, 1, 0, 1, 0, 1, 0, 0, 0, 1, 0, 1, 0, 0, 0, 0, 0, 0, 0, 1, 1, 0, 0, 0, 0, 1, 0, 1, 0, 0, 0, 0, 0, 0, 0, 0, 0, 0, 0, 0, 1, 0, 0, 0, 0, 0, 1, 0, 0, 0, 1, 0, 1, 0, 1, 0, 0, 0, 0, 1, 0, 1, 0, 0, 0, 0, 1, 0]

BESTCONSDTW=(39, 175, 0.22285714285714286)
LISTCONSDTW=[0, 0, 0, 0, 0, 0, 1, 0, 1, 0, 1, 1, 0, 1, 0, 0, 0, 0, 0, 0, 0, 0, 1, 0, 0, 0, 1, 0, 0, 1, 1, 0, 0, 1, 0, 0, 0, 0, 0, 0, 1, 1, 0, 0, 0, 0, 0, 0, 1, 0, 1, 0, 0, 0, 0, 0, 1, 0, 1, 0, 0, 1, 1, 0, 0, 0, 1, 0, 0, 1, 1, 0, 0, 0, 1, 0, 0, 0, 1, 0, 0, 0, 0, 0, 0, 0, 1, 0, 0, 0, 0, 0, 0, 1, 1, 0, 0, 0, 0, 0, 0, 0, 0, 0, 0, 0, 0, 0, 0, 0, 0, 0, 1, 0, 1, 1, 0, 0, 1, 0, 0, 0, 0, 0, 0, 0, 0, 0, 0, 0, 1, 1, 1, 0, 1, 0, 0, 0, 0, 0, 0, 0, 0, 0, 0, 0, 0, 0, 0, 0, 0, 0, 0, 1, 0, 0, 1, 0, 0, 1, 0, 0, 0, 0, 0, 0, 1, 0, 0, 1, 0, 0, 0, 0, 0]

BESTGEM=(12, 175, 0.068571428571428575)
LISTGEM=[0, 0, 0, 0, 0, 0, 0, 0, 0, 0, 1, 0, 0, 0, 0, 0, 0, 0, 0, 0, 0, 0, 1, 0, 0, 0, 1, 0, 0, 0, 0, 0, 0, 0, 1, 0, 0, 0, 0, 0, 1, 1, 0, 0, 0, 0, 0, 0, 0, 0, 0, 0, 0, 0, 0, 0, 0, 0, 0, 0, 0, 1, 0, 0, 0, 0, 1, 1, 0, 0, 0, 0, 0, 0, 0, 0, 0, 0, 0, 0, 0, 0, 0, 0, 0, 0, 0, 0, 0, 0, 0, 0, 0, 0, 0, 0, 0, 0, 0, 0, 0, 0, 0, 0, 0, 0, 0, 0, 0, 0, 0, 0, 1, 0, 0, 0, 0, 0, 0, 0, 0, 0, 0, 0, 0, 0, 0, 0, 0, 0, 1, 0, 0, 0, 1, 0, 0, 0, 0, 0, 0, 0, 0, 0, 0, 0, 0, 0, 0, 0, 0, 0, 0, 0, 0, 0, 0, 0, 0, 0, 0, 0, 0, 0, 0, 0, 0, 0, 0, 0, 0, 0, 0, 0, 0]

