# shuffled stratified split (indices referring to UCR database)
TESTINDEX=[288  21 345  50  65 231 252 348 334 218 163 254  70 317 319   0 118 182
 158 256 285 213 243  45  51 255  54  53 340 183 339 277 128 117  42 105
 329 138  59 289 137 196 239 299 106 312 142  98 291  35  58 282  34 270
 241 189  36 219 104 153  48 292 343  20 135 114  75 324 271 250  12  92
 110  72 179 207 160 245 341 150 102 332 235  55 181 123 157  16 127  33
  85  27 109 216 300 174 152 161 232 206 222 131 247  67 173  60 144  41
 303 346  57  52  37  68  17 149 130 238 111 283 308 242 274 287 113 278
 294 233  25 279 246 326 212 321   5  31 240  39 167 210 320  23 349 124
 336 249 140  69 342  89 159 322  95 286 132 186 116 120 187 226 237 169
  56 197  15 107  96 264 259 309  87 162 190  97 260]
TRAININDEX=[ 73 268 325   3 290 272 267 145  78 165 200 198 261 328   2 333   4  11
 121  94 275 214 315 293 344 318  49   8  61 115  26   7 296 302  24 244
  77 156 257  64  46 310 338 188 304 248 273  71 265 228  14 295  40 281
 191 331  30 225  91  44 327 208  43 164 129 184 155 125  79 170 223 298
 148 301 203 251 201 136 215 221 307 263 258 154  62 262 101 205 108 139
  18  66  84  82 146 284  76  99  28 177  63 166 224 297 147 122 330 220
 347 313   6 195 143 193 217  22  10 180 119  13 204 266 253 229 227   1
 314  81 236 211 100 323 133 316  93 337 276 141  29 103  32 185  74 306
 175  88 172 335 171 112 280 199 134 305   9 178 311  19 192 202 234 126
 230 209 194 168 176 151 269  38  90  47  83  80  86]

# learned parameters for cdtw and gem
# dtw ((error, size, error/size), (window, sqr))
# gem ((error, size, error/size), (St0, St1, E, sym, sqr))
BESTLEARNCONSDTW=((33, 175, 0.18857142857142858), (0.01, True))
LISTLEARNCONSDTW=[((33, 175, 0.18857142857142858), (0.01, True)), ((36, 175, 0.20571428571428571), (0.0, True)), ((39, 175, 0.22285714285714286), (0.02, True)), ((39, 175, 0.22285714285714286), (0.040000000000000001, True)), ((41, 175, 0.23428571428571429), (0.029999999999999999, True)), ((44, 175, 0.25142857142857145), (0.080000000000000002, True)), ((45, 175, 0.25714285714285712), (0.059999999999999998, True)), ((45, 175, 0.25714285714285712), (0.070000000000000007, True)), ((45, 175, 0.25714285714285712), (0.089999999999999997, True)), ((46, 175, 0.26285714285714284), (0.050000000000000003, True)), ((46, 175, 0.26285714285714284), (0.10000000000000001, True)), ((46, 175, 0.26285714285714284), (0.11, True)), ((46, 175, 0.26285714285714284), (0.12, True)), ((46, 175, 0.26285714285714284), (0.13, True)), ((46, 175, 0.26285714285714284), (0.14000000000000001, True)), ((46, 175, 0.26285714285714284), (0.14999999999999999, True)), ((46, 175, 0.26285714285714284), (0.16, True)), ((46, 175, 0.26285714285714284), (0.17000000000000001, True)), ((46, 175, 0.26285714285714284), (0.17999999999999999, True)), ((46, 175, 0.26285714285714284), (0.19, True)), ((46, 175, 0.26285714285714284), (0.20000000000000001, True))]

BESTLEARNGEM=((12, 175, 0.068571428571428575), (2, 1, 0.03125, True, True))
LISTLEARNGEM=[((12, 175, 0.068571428571428575), (2, 1, 0.03125, True, True)), ((13, 175, 0.074285714285714288), (2, 2, 0.5, True, True)), ((15, 175, 0.085714285714285715), (2, 1, 0.0625, True, True)), ((16, 175, 0.091428571428571428), (2, 1, 0.125, True, True)), ((17, 175, 0.097142857142857142), (2, 1, 0.5, True, True)), ((18, 175, 0.10285714285714286), (2, 1, 0.25, True, True)), ((20, 175, 0.11428571428571428), (2, 2, 0.015625, True, True)), ((20, 175, 0.11428571428571428), (2, 2, 0.0625, True, True)), ((21, 175, 0.12), (2, 1, 0.0078125, True, True)), ((21, 175, 0.12), (2, 1, 0.015625, True, True)), ((21, 175, 0.12), (2, 2, 0.0078125, True, True)), ((21, 175, 0.12), (2, 2, 0.03125, True, True)), ((22, 175, 0.12571428571428572), (2, 2, 0.00390625, True, True)), ((23, 175, 0.13142857142857142), (2, 2, 0, True, True)), ((23, 175, 0.13142857142857142), (2, 2, 0.125, True, True)), ((23, 175, 0.13142857142857142), (2, 2, 0.25, True, True)), ((24, 175, 0.13714285714285715), (2, 1, 0, True, True)), ((25, 175, 0.14285714285714285), (2, 1, 0.00390625, True, True)), ((31, 175, 0.17714285714285713), (1, 1, 0.03125, True, True)), ((31, 175, 0.17714285714285713), (1, 1, 0.0625, True, True)), ((31, 175, 0.17714285714285713), (1, 2, 0.03125, True, True)), ((31, 175, 0.17714285714285713), (1, 2, 0.0625, True, True)), ((32, 175, 0.18285714285714286), (1, 1, 0.015625, True, True)), ((32, 175, 0.18285714285714286), (1, 2, 0.015625, True, True)), ((34, 175, 0.19428571428571428), (1, 1, 0.00390625, True, True)), ((34, 175, 0.19428571428571428), (1, 1, 0.0078125, True, True)), ((34, 175, 0.19428571428571428), (1, 2, 0.00390625, True, True)), ((34, 175, 0.19428571428571428), (1, 2, 0.0078125, True, True)), ((35, 175, 0.20000000000000001), (1, 1, 0.25, True, True)), ((35, 175, 0.20000000000000001), (1, 2, 0.25, True, True)), ((36, 175, 0.20571428571428571), (1, 1, 0.5, True, True)), ((36, 175, 0.20571428571428571), (1, 2, 0.5, True, True)), ((37, 175, 0.21142857142857144), (1, 1, 0.125, True, True)), ((37, 175, 0.21142857142857144), (1, 2, 0.125, True, True)), ((39, 175, 0.22285714285714286), (1, 1, 0, True, True)), ((39, 175, 0.22285714285714286), (1, 2, 0, True, True))]


# error rates for different distance measures
# (error, size, error/size) and binary mask
BESTLP=(30, 175, 0.17142857142857143)
LISTLP=[1, 0, 0, 0, 0, 0, 0, 1, 1, 0, 0, 0, 0, 1, 0, 0, 0, 0, 0, 0, 0, 0, 0, 0, 1, 0, 0, 0, 0, 0, 0, 0, 1, 0, 0, 0, 0, 1, 0, 0, 1, 0, 0, 0, 0, 0, 0, 0, 0, 0, 0, 0, 1, 1, 0, 0, 0, 0, 0, 0, 0, 0, 0, 1, 0, 0, 0, 0, 0, 0, 0, 0, 0, 1, 0, 0, 0, 0, 0, 0, 1, 0, 0, 0, 0, 0, 0, 1, 0, 0, 0, 0, 0, 1, 0, 1, 0, 1, 0, 0, 0, 1, 0, 0, 0, 0, 0, 1, 0, 0, 0, 0, 0, 0, 0, 0, 0, 0, 0, 0, 0, 1, 0, 0, 0, 0, 0, 0, 1, 0, 0, 0, 0, 0, 1, 1, 0, 1, 1, 1, 0, 0, 1, 0, 0, 1, 0, 0, 0, 0, 0, 0, 0, 0, 0, 0, 0, 0, 0, 1, 0, 0, 0, 0, 0, 1, 0, 0, 0, 0, 0, 0, 0, 0, 0]

BESTFULLDTW=(34, 175, 0.19428571428571428)
LISTFULLDTW=[1, 1, 0, 0, 0, 0, 0, 0, 0, 0, 0, 1, 0, 1, 0, 0, 0, 0, 0, 0, 0, 0, 0, 0, 0, 0, 0, 1, 0, 0, 0, 0, 1, 0, 0, 0, 0, 0, 0, 0, 0, 0, 0, 0, 0, 0, 0, 0, 0, 0, 0, 0, 0, 1, 0, 1, 0, 0, 0, 0, 1, 0, 0, 0, 0, 0, 0, 0, 0, 0, 0, 0, 0, 1, 0, 0, 0, 0, 0, 0, 0, 0, 0, 0, 1, 1, 0, 0, 0, 0, 1, 0, 0, 1, 0, 0, 0, 1, 0, 0, 0, 1, 0, 0, 0, 0, 0, 1, 1, 0, 0, 1, 0, 1, 0, 0, 1, 0, 0, 0, 0, 1, 0, 0, 0, 0, 0, 0, 0, 0, 0, 0, 0, 0, 0, 1, 0, 1, 1, 1, 0, 0, 1, 0, 0, 1, 0, 1, 0, 1, 0, 0, 0, 0, 0, 0, 1, 0, 0, 1, 0, 1, 0, 0, 1, 0, 0, 0, 0, 0, 0, 0, 0, 0, 0]

BESTCONSDTW=(25, 175, 0.14285714285714285)
LISTCONSDTW=[1, 0, 0, 0, 0, 0, 0, 0, 0, 0, 0, 0, 0, 1, 0, 0, 0, 0, 0, 0, 0, 0, 0, 0, 1, 0, 0, 0, 0, 0, 0, 0, 1, 0, 0, 1, 0, 1, 0, 0, 0, 0, 0, 0, 0, 0, 0, 0, 0, 0, 0, 0, 1, 1, 0, 0, 0, 0, 0, 0, 0, 0, 0, 0, 0, 0, 0, 0, 0, 0, 0, 0, 0, 0, 0, 0, 0, 0, 0, 0, 1, 0, 0, 0, 0, 0, 0, 1, 0, 0, 0, 0, 0, 0, 0, 0, 0, 1, 0, 0, 0, 1, 0, 0, 0, 0, 0, 1, 0, 0, 0, 0, 0, 0, 0, 0, 0, 0, 0, 0, 0, 1, 0, 0, 0, 0, 0, 0, 1, 0, 0, 0, 0, 0, 1, 0, 0, 1, 1, 1, 0, 0, 0, 0, 0, 1, 0, 0, 0, 1, 0, 0, 0, 0, 0, 0, 1, 0, 1, 1, 0, 0, 0, 0, 0, 1, 0, 0, 0, 0, 0, 0, 0, 0, 0]

BESTGEM=(15, 175, 0.085714285714285715)
LISTGEM=[0, 0, 0, 0, 0, 0, 0, 1, 0, 0, 0, 0, 0, 1, 0, 0, 0, 0, 0, 0, 0, 0, 0, 0, 0, 0, 0, 0, 0, 0, 0, 0, 0, 0, 0, 0, 0, 0, 0, 1, 0, 0, 0, 0, 0, 0, 0, 0, 0, 0, 0, 0, 0, 0, 0, 0, 0, 0, 0, 0, 0, 0, 0, 0, 0, 0, 1, 0, 0, 0, 0, 0, 0, 0, 0, 0, 0, 0, 0, 0, 0, 0, 0, 0, 0, 0, 0, 0, 0, 0, 0, 0, 0, 0, 0, 0, 0, 1, 0, 0, 0, 0, 0, 0, 0, 0, 0, 1, 0, 0, 0, 0, 0, 0, 0, 0, 0, 0, 0, 0, 0, 1, 0, 0, 0, 0, 0, 0, 1, 0, 0, 0, 0, 0, 0, 0, 1, 1, 0, 1, 0, 0, 0, 0, 0, 1, 0, 0, 0, 0, 0, 0, 1, 0, 0, 0, 0, 0, 0, 1, 0, 0, 0, 1, 0, 0, 0, 0, 0, 0, 0, 0, 0, 0, 0]

