# shuffled stratified split (indices referring to UCR database)
TESTINDEX=[ 81 228 347  56 217 200 137  38 258 348 224  22 250 219 108 223 279 174
 216  75  47   3 170 299  46  63 226 165 337  19 185 167  87 318  51 266
 190 316  66 187 302 138  36  60 231 275 206 233 220 230 127 268  68 118
 291 213 314  95 344 113 312 329 103 235 182 136 315 234 144  41  74 215
 274 278 130 225 242 150 283 332 245 107  44  82 261 310 181 173  76 208
  97 164 168 236 307 243  40 272  77 238 131 343 290 251 333  12 349 221
  49 106 327 210 297 249 132 120 159 126 339 294 129 284 336  73 148 247
  89 179 346 218 288 240 158 153 143 244  70  35 157  27 209 202 260  92
 133 101 264 273 328 154 122  16 184 100  15 248 117 212 207 259 197  32
 317 166 276 309 298 257 109 289  58  94  57  14 175]
TRAININDEX=[ 37 296 345 178 186 253 342 151  53 121  71 155  80  13 263 267  78  86
 321 295 246  62   7 331 162 341 128  99 142 237 308 198 271 177  45 286
 205  83  30 147 201 222 196  52  39  23 330  72 338  31 180 305 139 256
 293 269 214 324 303 192 160 115 156 161 146 135 123 125  55 319 141  65
 229 171 172 325 326  34 134  91 306 282 191 277  67  64 265 252 105 239
  54 301 188 262   2  43 254 199  50 204 176  93  29  21 270 189  59  11
   8 285 313 241  18 322  88  96  26 194  61  90 124 211   0 203   6 292
 334  28 140  79 114 183  25 300 281 311  48  17   9   1  98 152 102 145
  84 116 280 323 104 232  85  10 111 195 304 340  33 119 112 110  69 255
   5  20 227   4 149  24 320 335 287 169 193  42 163]

# learned parameters for cdtw and gem
# dtw ((error, size, error/size), (window, sqr))
# gem ((error, size, error/size), (St0, St1, E, sym, sqr))
BESTLEARNCONSDTW=((27, 175, 0.15428571428571428), (0.01, True))
LISTLEARNCONSDTW=[((27, 175, 0.15428571428571428), (0.01, True)), ((29, 175, 0.1657142857142857), (0.02, True)), ((35, 175, 0.20000000000000001), (0.0, True)), ((40, 175, 0.22857142857142856), (0.029999999999999999, True)), ((48, 175, 0.2742857142857143), (0.040000000000000001, True)), ((49, 175, 0.28000000000000003), (0.059999999999999998, True)), ((50, 175, 0.2857142857142857), (0.080000000000000002, True)), ((50, 175, 0.2857142857142857), (0.089999999999999997, True)), ((50, 175, 0.2857142857142857), (0.11, True)), ((50, 175, 0.2857142857142857), (0.12, True)), ((50, 175, 0.2857142857142857), (0.13, True)), ((50, 175, 0.2857142857142857), (0.14000000000000001, True)), ((50, 175, 0.2857142857142857), (0.14999999999999999, True)), ((50, 175, 0.2857142857142857), (0.16, True)), ((50, 175, 0.2857142857142857), (0.17000000000000001, True)), ((50, 175, 0.2857142857142857), (0.17999999999999999, True)), ((50, 175, 0.2857142857142857), (0.19, True)), ((50, 175, 0.2857142857142857), (0.20000000000000001, True)), ((51, 175, 0.29142857142857143), (0.050000000000000003, True)), ((51, 175, 0.29142857142857143), (0.10000000000000001, True)), ((52, 175, 0.29714285714285715), (0.070000000000000007, True))]

BESTLEARNGEM=((10, 175, 0.057142857142857141), (2, 1, 0.0625, True, True))
LISTLEARNGEM=[((10, 175, 0.057142857142857141), (2, 1, 0.0625, True, True)), ((12, 175, 0.068571428571428575), (2, 1, 0.03125, True, True)), ((12, 175, 0.068571428571428575), (2, 1, 0.25, True, True)), ((13, 175, 0.074285714285714288), (2, 1, 0.125, True, True)), ((15, 175, 0.085714285714285715), (2, 1, 0.5, True, True)), ((15, 175, 0.085714285714285715), (2, 2, 0.5, True, True)), ((16, 175, 0.091428571428571428), (2, 1, 0.015625, True, True)), ((19, 175, 0.10857142857142857), (2, 1, 0.0078125, True, True)), ((19, 175, 0.10857142857142857), (2, 2, 0.0625, True, True)), ((19, 175, 0.10857142857142857), (2, 2, 0.125, True, True)), ((20, 175, 0.11428571428571428), (2, 2, 0.0078125, True, True)), ((20, 175, 0.11428571428571428), (2, 2, 0.015625, True, True)), ((20, 175, 0.11428571428571428), (2, 2, 0.03125, True, True)), ((21, 175, 0.12), (2, 2, 0.00390625, True, True)), ((21, 175, 0.12), (2, 2, 0.25, True, True)), ((22, 175, 0.12571428571428572), (2, 1, 0.00390625, True, True)), ((22, 175, 0.12571428571428572), (2, 2, 0, True, True)), ((23, 175, 0.13142857142857142), (2, 1, 0, True, True)), ((26, 175, 0.14857142857142858), (1, 1, 0.5, True, True)), ((26, 175, 0.14857142857142858), (1, 2, 0.5, True, True)), ((27, 175, 0.15428571428571428), (1, 1, 0.25, True, True)), ((27, 175, 0.15428571428571428), (1, 2, 0.25, True, True)), ((28, 175, 0.16), (1, 1, 0.0625, True, True)), ((28, 175, 0.16), (1, 2, 0.0625, True, True)), ((29, 175, 0.1657142857142857), (1, 1, 0.125, True, True)), ((29, 175, 0.1657142857142857), (1, 2, 0.125, True, True)), ((32, 175, 0.18285714285714286), (1, 1, 0.015625, True, True)), ((32, 175, 0.18285714285714286), (1, 1, 0.03125, True, True)), ((32, 175, 0.18285714285714286), (1, 2, 0.015625, True, True)), ((32, 175, 0.18285714285714286), (1, 2, 0.03125, True, True)), ((33, 175, 0.18857142857142858), (1, 1, 0.00390625, True, True)), ((33, 175, 0.18857142857142858), (1, 2, 0.00390625, True, True)), ((34, 175, 0.19428571428571428), (1, 1, 0.0078125, True, True)), ((34, 175, 0.19428571428571428), (1, 2, 0.0078125, True, True)), ((36, 175, 0.20571428571428571), (1, 1, 0, True, True)), ((36, 175, 0.20571428571428571), (1, 2, 0, True, True))]


# error rates for different distance measures
# (error, size, error/size) and binary mask
BESTLP=(36, 175, 0.20571428571428571)
LISTLP=[0, 0, 0, 0, 1, 0, 1, 0, 0, 0, 0, 1, 0, 0, 0, 0, 0, 0, 1, 1, 1, 0, 0, 0, 0, 0, 1, 0, 0, 0, 1, 1, 0, 1, 1, 1, 0, 0, 1, 1, 0, 1, 0, 0, 0, 0, 0, 0, 1, 1, 1, 0, 1, 0, 0, 0, 0, 0, 0, 0, 0, 0, 0, 0, 0, 0, 0, 0, 0, 0, 0, 0, 0, 0, 0, 0, 1, 0, 0, 0, 0, 1, 0, 0, 0, 0, 0, 0, 0, 0, 0, 0, 0, 0, 0, 0, 1, 0, 0, 0, 1, 0, 0, 0, 0, 0, 1, 1, 0, 0, 0, 1, 0, 1, 0, 0, 0, 0, 0, 0, 0, 0, 0, 1, 0, 0, 0, 0, 0, 0, 1, 0, 0, 0, 0, 0, 0, 0, 0, 0, 1, 0, 0, 0, 0, 0, 0, 1, 1, 0, 0, 1, 0, 0, 0, 0, 0, 0, 0, 0, 0, 0, 1, 0, 0, 0, 0, 1, 0, 0, 0, 1, 0, 0, 0]

BESTFULLDTW=(46, 175, 0.26285714285714284)
LISTFULLDTW=[0, 0, 0, 0, 0, 1, 0, 0, 1, 0, 0, 0, 0, 0, 1, 0, 0, 0, 0, 1, 1, 0, 0, 0, 0, 0, 1, 0, 0, 0, 1, 1, 1, 0, 1, 1, 0, 0, 1, 0, 1, 1, 0, 0, 1, 0, 0, 0, 1, 1, 1, 1, 1, 0, 0, 0, 0, 1, 1, 0, 0, 0, 0, 0, 0, 0, 0, 0, 0, 0, 1, 1, 0, 0, 1, 0, 0, 0, 1, 0, 0, 0, 0, 1, 0, 0, 1, 0, 0, 1, 0, 0, 0, 0, 0, 0, 1, 0, 0, 0, 1, 0, 0, 0, 0, 0, 1, 0, 0, 0, 0, 1, 0, 1, 0, 1, 0, 0, 1, 0, 0, 0, 0, 0, 0, 0, 0, 1, 1, 0, 1, 0, 0, 0, 0, 0, 0, 0, 0, 0, 0, 1, 0, 0, 0, 0, 0, 0, 0, 0, 0, 0, 0, 0, 1, 0, 0, 0, 0, 0, 0, 0, 1, 0, 0, 0, 1, 1, 0, 0, 0, 1, 1, 0, 0]

BESTCONSDTW=(32, 175, 0.18285714285714286)
LISTCONSDTW=[0, 0, 0, 0, 0, 0, 0, 0, 1, 0, 0, 0, 0, 0, 0, 1, 0, 0, 0, 1, 1, 0, 0, 0, 0, 0, 1, 0, 0, 0, 1, 1, 0, 0, 0, 1, 0, 0, 1, 1, 0, 1, 0, 0, 0, 0, 0, 0, 1, 1, 1, 0, 1, 0, 0, 0, 0, 0, 0, 0, 0, 0, 0, 0, 0, 0, 0, 0, 0, 1, 0, 0, 0, 0, 0, 0, 1, 0, 0, 0, 0, 1, 0, 0, 0, 0, 0, 0, 0, 0, 0, 0, 0, 0, 0, 0, 1, 0, 0, 0, 1, 0, 1, 0, 0, 0, 1, 0, 0, 0, 0, 1, 0, 1, 0, 0, 0, 0, 0, 0, 0, 0, 0, 0, 0, 0, 1, 0, 0, 0, 0, 0, 0, 0, 0, 0, 0, 0, 0, 0, 0, 0, 1, 0, 0, 0, 0, 1, 1, 0, 0, 1, 0, 0, 0, 0, 0, 0, 0, 0, 0, 0, 1, 0, 0, 0, 0, 1, 0, 0, 0, 1, 0, 0, 0]

BESTGEM=(17, 175, 0.097142857142857142)
LISTGEM=[0, 0, 0, 0, 0, 0, 0, 0, 0, 0, 0, 0, 0, 0, 0, 0, 0, 0, 0, 1, 0, 0, 0, 0, 0, 0, 1, 0, 0, 0, 1, 0, 0, 1, 0, 0, 0, 0, 0, 0, 0, 0, 0, 0, 0, 0, 0, 0, 1, 1, 0, 0, 1, 0, 0, 0, 0, 0, 0, 0, 0, 0, 0, 0, 0, 0, 0, 0, 0, 1, 0, 0, 0, 0, 0, 0, 0, 0, 0, 0, 0, 0, 0, 0, 0, 0, 0, 0, 0, 0, 0, 1, 0, 0, 0, 0, 1, 0, 0, 0, 1, 0, 0, 0, 0, 0, 0, 0, 0, 0, 0, 1, 0, 1, 0, 0, 0, 0, 0, 0, 0, 0, 0, 0, 0, 0, 0, 0, 0, 0, 0, 0, 0, 0, 0, 0, 0, 0, 0, 0, 0, 0, 0, 0, 0, 0, 0, 1, 0, 0, 0, 0, 0, 0, 0, 0, 0, 0, 0, 0, 0, 0, 1, 0, 0, 0, 0, 1, 0, 1, 0, 0, 0, 0, 0]

