# shuffled stratified split (indices referring to UCR database)
TESTINDEX=[192 242 241 321  15 208 182  75 283 326 309  98 100 132  46   9 219 281
 154 327 214 314 215  87  44   1  52 319  23  72  17 191 173 163 178  73
 333  36 243 266 155 125  74  80 129  29 201  76 330 323 133 304 141   8
  45  86 187 277  65  60 288  39 123   2 104 160 291   7 316 197 275  48
 273 320 168   6  53 345 206 148 194 257  16  35  81 222 110 301 340 287
 101  61 174 295  54 171 195 292 223 136  91 161 232 264  12 286 278 303
 318 296 279 274 204 227 253 284 165 322 202 252  59 159 247 237 258  77
  34 135 169  84 224  14 183 344 332 254  22 298 210  85 212  20 280  50
 265  67  30 112 140 150  78 268  31 185 106 128 117 167  55  79 162 193
  93 269  10 181 196 142 126 220 262 130 272 261 337]
TRAININDEX=[152 175  49 216 139 158 198 235 122 267 228 339  58 328 164  18 186  26
 238 170 246 205 166 276 312  97 103 329   0 300 203 127 294  28 348 199
 240  94 146 172 131 244 177  71  13 200 299 157 306  27  40  95 115 111
 297 259 229 317 180 184 114 343 179 113 207 349  63  33 209 234 248 225
  92 302 145 230  69 256  41  56 147  66 189  19  57 236  82 151 144  62
 245 342 119 226 293 120 290  32 270 324 121 255 260 308 102   4   3 285
 249 153 239  37 263 188   5 347 211 251 231 108 138  25  88 338  42 233
 149 289 331  64 124 107 305 250 118 325  38  24 221 105 336 313  43 156
 335 307 218  68 217 134 311 334 310 176 109 213  90 282  96  99  70 190
  21 137 271 143  83 341  11  51 116  89 315 346  47]

# learned parameters for cdtw and gem
# dtw ((error, size, error/size), (window, sqr))
# gem ((error, size, error/size), (St0, St1, E, sym, sqr))
BESTLEARNCONSDTW=((29, 175, 0.1657142857142857), (0.02, True))
LISTLEARNCONSDTW=[((29, 175, 0.1657142857142857), (0.02, True)), ((31, 175, 0.17714285714285713), (0.01, True)), ((32, 175, 0.18285714285714286), (0.0, True)), ((32, 175, 0.18285714285714286), (0.059999999999999998, True)), ((36, 175, 0.20571428571428571), (0.029999999999999999, True)), ((36, 175, 0.20571428571428571), (0.070000000000000007, True)), ((36, 175, 0.20571428571428571), (0.080000000000000002, True)), ((36, 175, 0.20571428571428571), (0.089999999999999997, True)), ((36, 175, 0.20571428571428571), (0.10000000000000001, True)), ((37, 175, 0.21142857142857144), (0.040000000000000001, True)), ((37, 175, 0.21142857142857144), (0.050000000000000003, True)), ((37, 175, 0.21142857142857144), (0.11, True)), ((38, 175, 0.21714285714285714), (0.12, True)), ((38, 175, 0.21714285714285714), (0.13, True)), ((38, 175, 0.21714285714285714), (0.14000000000000001, True)), ((38, 175, 0.21714285714285714), (0.14999999999999999, True)), ((38, 175, 0.21714285714285714), (0.16, True)), ((38, 175, 0.21714285714285714), (0.17000000000000001, True)), ((38, 175, 0.21714285714285714), (0.17999999999999999, True)), ((38, 175, 0.21714285714285714), (0.19, True)), ((38, 175, 0.21714285714285714), (0.20000000000000001, True))]

BESTLEARNGEM=((15, 175, 0.085714285714285715), (2, 1, 0.125, True, True))
LISTLEARNGEM=[((15, 175, 0.085714285714285715), (2, 1, 0.03125, True, True)), ((15, 175, 0.085714285714285715), (2, 1, 0.125, True, True)), ((15, 175, 0.085714285714285715), (2, 2, 0.5, True, True)), ((16, 175, 0.091428571428571428), (2, 1, 0.0625, True, True)), ((19, 175, 0.10857142857142857), (2, 1, 0.015625, True, True)), ((21, 175, 0.12), (2, 1, 0.25, True, True)), ((22, 175, 0.12571428571428572), (2, 1, 0.5, True, True)), ((23, 175, 0.13142857142857142), (2, 2, 0.0625, True, True)), ((24, 175, 0.13714285714285715), (2, 2, 0.125, True, True)), ((25, 175, 0.14285714285714285), (2, 1, 0.0078125, True, True)), ((27, 175, 0.15428571428571428), (2, 2, 0.25, True, True)), ((29, 175, 0.1657142857142857), (2, 2, 0.0078125, True, True)), ((29, 175, 0.1657142857142857), (2, 2, 0.03125, True, True)), ((30, 175, 0.17142857142857143), (1, 1, 0.25, True, True)), ((30, 175, 0.17142857142857143), (1, 2, 0.25, True, True)), ((30, 175, 0.17142857142857143), (2, 1, 0.00390625, True, True)), ((31, 175, 0.17714285714285713), (1, 1, 0.03125, True, True)), ((31, 175, 0.17714285714285713), (1, 1, 0.5, True, True)), ((31, 175, 0.17714285714285713), (1, 2, 0.03125, True, True)), ((31, 175, 0.17714285714285713), (1, 2, 0.5, True, True)), ((31, 175, 0.17714285714285713), (2, 2, 0.00390625, True, True)), ((31, 175, 0.17714285714285713), (2, 2, 0.015625, True, True)), ((32, 175, 0.18285714285714286), (1, 1, 0.0078125, True, True)), ((32, 175, 0.18285714285714286), (1, 1, 0.015625, True, True)), ((32, 175, 0.18285714285714286), (1, 1, 0.0625, True, True)), ((32, 175, 0.18285714285714286), (1, 1, 0.125, True, True)), ((32, 175, 0.18285714285714286), (1, 2, 0.0078125, True, True)), ((32, 175, 0.18285714285714286), (1, 2, 0.015625, True, True)), ((32, 175, 0.18285714285714286), (1, 2, 0.0625, True, True)), ((32, 175, 0.18285714285714286), (1, 2, 0.125, True, True)), ((32, 175, 0.18285714285714286), (2, 1, 0, True, True)), ((33, 175, 0.18857142857142858), (2, 2, 0, True, True)), ((37, 175, 0.21142857142857144), (1, 1, 0, True, True)), ((37, 175, 0.21142857142857144), (1, 1, 0.00390625, True, True)), ((37, 175, 0.21142857142857144), (1, 2, 0, True, True)), ((37, 175, 0.21142857142857144), (1, 2, 0.00390625, True, True))]


# error rates for different distance measures
# (error, size, error/size) and binary mask
BESTLP=(38, 175, 0.21714285714285714)
LISTLP=[0, 1, 0, 0, 0, 0, 0, 0, 0, 0, 0, 0, 0, 0, 0, 0, 0, 0, 0, 1, 1, 0, 0, 1, 0, 0, 0, 0, 0, 1, 0, 1, 0, 0, 0, 0, 0, 0, 0, 0, 1, 0, 1, 0, 0, 0, 0, 0, 0, 0, 0, 0, 1, 1, 0, 0, 0, 0, 0, 0, 1, 1, 0, 0, 0, 0, 0, 1, 0, 0, 1, 0, 0, 0, 1, 0, 0, 0, 0, 0, 0, 1, 1, 0, 0, 0, 0, 0, 1, 0, 0, 0, 0, 0, 1, 0, 1, 0, 0, 0, 1, 1, 0, 0, 0, 0, 0, 0, 1, 1, 0, 0, 0, 0, 0, 0, 0, 0, 0, 0, 0, 0, 0, 0, 1, 0, 1, 0, 1, 0, 0, 0, 0, 0, 0, 0, 1, 0, 1, 0, 0, 0, 1, 0, 1, 0, 0, 0, 0, 0, 0, 0, 1, 1, 1, 1, 0, 1, 0, 0, 0, 0, 0, 0, 0, 0, 0, 0, 0, 1, 1, 0, 0, 0, 0]

BESTFULLDTW=(46, 175, 0.26285714285714284)
LISTFULLDTW=[0, 1, 0, 0, 1, 0, 0, 1, 0, 0, 0, 0, 0, 0, 0, 0, 0, 0, 0, 0, 0, 0, 0, 0, 1, 1, 1, 0, 0, 0, 0, 1, 0, 0, 0, 0, 0, 0, 0, 1, 1, 0, 1, 0, 0, 0, 0, 0, 0, 1, 0, 0, 1, 1, 0, 0, 1, 0, 0, 0, 1, 1, 1, 0, 0, 0, 0, 0, 0, 0, 0, 0, 0, 0, 1, 1, 1, 1, 0, 0, 1, 1, 0, 0, 0, 0, 0, 0, 1, 0, 0, 0, 0, 1, 0, 0, 1, 0, 1, 0, 1, 0, 0, 0, 0, 0, 0, 1, 0, 0, 0, 0, 0, 0, 0, 0, 0, 0, 0, 0, 1, 0, 0, 0, 1, 0, 1, 0, 1, 0, 0, 0, 0, 0, 0, 1, 0, 0, 1, 1, 0, 0, 1, 0, 0, 0, 0, 1, 0, 0, 0, 1, 1, 1, 0, 1, 0, 0, 0, 0, 0, 1, 0, 0, 0, 1, 0, 0, 0, 1, 1, 0, 0, 0, 0]

BESTCONSDTW=(39, 175, 0.22285714285714286)
LISTCONSDTW=[0, 1, 0, 0, 1, 0, 0, 0, 0, 0, 0, 0, 0, 0, 0, 0, 0, 0, 0, 0, 1, 0, 0, 1, 0, 1, 0, 1, 0, 0, 0, 1, 0, 0, 0, 0, 0, 0, 0, 0, 1, 0, 0, 0, 0, 0, 0, 0, 0, 1, 0, 0, 1, 1, 0, 1, 1, 0, 0, 0, 1, 1, 0, 0, 0, 0, 0, 0, 0, 1, 0, 0, 1, 0, 0, 0, 0, 0, 0, 0, 0, 1, 1, 0, 0, 0, 0, 0, 1, 0, 1, 0, 0, 0, 0, 0, 1, 0, 0, 0, 0, 1, 0, 0, 0, 0, 0, 0, 1, 0, 0, 0, 0, 0, 0, 0, 0, 0, 0, 0, 1, 0, 0, 0, 1, 0, 1, 0, 0, 0, 0, 0, 0, 0, 0, 0, 0, 0, 0, 0, 0, 0, 1, 0, 1, 0, 1, 0, 0, 0, 0, 1, 1, 1, 1, 1, 0, 1, 0, 0, 0, 0, 0, 0, 0, 0, 0, 0, 0, 1, 1, 1, 0, 0, 0]

BESTGEM=(17, 175, 0.097142857142857142)
LISTGEM=[0, 1, 0, 0, 0, 0, 0, 1, 0, 0, 0, 0, 0, 0, 0, 0, 0, 0, 0, 0, 0, 0, 0, 0, 0, 0, 0, 0, 0, 0, 0, 0, 0, 0, 0, 0, 0, 0, 0, 0, 0, 0, 0, 0, 0, 0, 0, 0, 0, 0, 0, 0, 1, 0, 0, 0, 0, 0, 0, 0, 0, 1, 0, 0, 0, 0, 0, 0, 0, 0, 0, 0, 0, 0, 0, 0, 0, 0, 0, 0, 0, 1, 0, 0, 0, 0, 0, 0, 0, 0, 0, 0, 0, 0, 0, 0, 0, 1, 1, 0, 0, 0, 0, 0, 0, 0, 0, 1, 1, 0, 0, 0, 0, 0, 0, 0, 0, 0, 0, 0, 0, 0, 0, 1, 0, 0, 0, 0, 0, 0, 0, 0, 0, 0, 0, 0, 0, 0, 1, 0, 0, 0, 0, 0, 1, 0, 0, 0, 0, 0, 0, 1, 1, 1, 0, 1, 0, 0, 0, 0, 0, 0, 0, 0, 0, 0, 0, 0, 0, 1, 0, 0, 0, 0, 0]

