# shuffled stratified split (indices referring to UCR database)
TESTINDEX=[873 308 799 589 674 125 438 471 234 759 386 835 256 552 200 271 825 237
 284 115 743 726  88 556 331 143 478 898 811 270 524 527 514 156 528 267
 426 320 815 861 336 561 730 709  33 488  68 775 823 492 417  80 744 261
  65 690 687  27 693 768 294 892  18 875 499 130 665 260 120 486  38 845
 543 112 762 863 681 622 611 750 620 384 453 623 662 467 660 663 818 643
 577 673  12 132 654 751 887 341 731 501  89  32  34  29 231 747  37 798
 243 614 512 809 656 216 412  62  77 881 171 329 398  53 278 682 612 401
 382 387 455 106 640 456 648 163 758 583 377 400 451 176 322 634 187 114
 880 139 494 574 330 496  86  40 428 378 346 252 551 159 299 413 500 339
 569 152 262  14  69 146 686 266 617 839 570 540  21 854 198  83 373 181
 565 807 764 792 363 179 388 134 303 327 852  26 853 268  47 688 182 707
  87 113 189 402 754 286 790 248 319 197 848 100  94 869 142 485 239 838
 201 816 296 625 719 862 276 167  78 310 636 180 302 254 425 221 309 546
 144 326 694 194 736 778 229 415 659 462 491 537 238   9  64 832 767 814
 295 519 227 215 588 580   1 647  52  10 658 186 212 606 902 283  76  51
 721 355   3 630 652 705  11 621 679 445 470 316 739 812 328 473  55 712
 352  43 801 717  61 369 893 888 450 287 397 218 675 618 797 136 424 837
 740 123 547 598 516 318  41 544 529 452 550 695 349 866 392 532 507 389
 315 317 298  22 277 772 616 232 312 344 619 362 466 784 586 732 222 281
 118 150 609 536 374 480 419 297 443 102 127 223 513 520 372 746 534 335
   2 325 833 368 345 876 375 364 489  90 766 901  25 357 306  63 774 627
  92 641 829 391 199 680 891 578 865 737 487 285 637 461 897 559 676 720
 209 447 421  71 668 165 903 788 685 509 249 333 184 347  91 482 292 210
 716 191 337 877  74 697   5 800 702 140 604 843 884  70  67 409 523 110
 241 735 340 808 773 770 782 879 769 354 856  24 549 105 458 554 706 834
 541 827 785 582  35 579 870  57 430 479 752 353 434 205 169 760 154 849
 850 108 103 162 804 290 202  75 715 177 605 573 356 895 572 138 560 251
 505 304 233 244 104 211 535 530 490 689 170  50 121  95 174 323 235 365
 263  81 376 522 301 396 440 868 749  79 506 334 279 193 405 476 691  82
 264 684 631 469 629  16 153 381 699 439 311 160 406 407 708 280 860 133
 190 224 128 380 414 511 220 137 597 481 794 208 246 332 422 164  36 874
 602 817  85 379  58 786 813 433 763  28 639 173 521 503 596 145 700 595
 666 385 836 230 563  97 484 722 293 361 427 404 289 777 644 418 745 601
   6 584 657 628 841 420 411 613 468 129 664 828 410 515 728 846 734 755
 449 508 885 859 245 360 615 787 459 558 724 257 370 314 147 225  59 780
 109 437 172  48 463]
TRAININDEX=[738 821 635  49 576 141 525 135 351 568 291 124 192 131  46 119 581 592
 820 791 886  17 148 851 343 472 802 567 111  45 555 696 741 502  23 651
  66 531 698 116 607 178 831  73 504 495 305 890 533 653 300 444 493 806
 824 805 454 564 883 348 646 442 761 757  98 670 538 273 250 645 408 847
 465 701 566 669 307  54 756 358 748 655 725 324 822 517 793 526 321 632
 367 557 781 157 441 435  84 904 899 446 575 338  30 240 431 436 723 672
 871 149 753 553 729 779 789 236 633 166 678 247 855 650 857  93 642 155
 195 649 539 733 122 661 603 858 593 265 350 219 545 393 188 175 638 842
 206 274  60 183 882 742 217 826 796 600   8 275 783 704  13   7  96 288
 390 107 896   4 872 810 713  39 624 497 371 226 475 626  56 795 542 313
 776 403 889 830 864 608 158  72 844 185 253 819 878 718 161 101 840 196
 259 498 272 474 359 464 667 867 269 900 711 168 548 394 714  42 282 765
 671 151 510 610 213 677 383 399 203  31  44 703 590 214 448 242 585 477
 255 692 571  99 594 342 894 599 423 771 710 395 429 587 126 518 432 258
   0 457 562 591 117 460 366 204  20 483 803 683 207 416  19  15 727 228]

# learned parameters for cdtw and gem
# dtw ((error, size, error/size), (window, sqr))
# gem ((error, size, error/size), (St0, St1, E, sym, sqr))
BESTLEARNCONSDTW=((67, 270, 0.24814814814814815), (0.050000000000000003, True))
LISTLEARNCONSDTW=[((67, 270, 0.24814814814814815), (0.050000000000000003, True)), ((68, 270, 0.25185185185185183), (0.040000000000000001, True)), ((71, 270, 0.26296296296296295), (0.059999999999999998, True)), ((71, 270, 0.26296296296296295), (0.070000000000000007, True)), ((74, 270, 0.27407407407407408), (0.080000000000000002, True)), ((75, 270, 0.27777777777777779), (0.029999999999999999, True)), ((76, 270, 0.2814814814814815), (0.089999999999999997, True)), ((80, 270, 0.29629629629629628), (0.10000000000000001, True)), ((83, 270, 0.30740740740740741), (0.14000000000000001, True)), ((83, 270, 0.30740740740740741), (0.14999999999999999, True)), ((84, 270, 0.31111111111111112), (0.12, True)), ((84, 270, 0.31111111111111112), (0.13, True)), ((85, 270, 0.31481481481481483), (0.16, True)), ((85, 270, 0.31481481481481483), (0.17000000000000001, True)), ((85, 270, 0.31481481481481483), (0.17999999999999999, True)), ((86, 270, 0.31851851851851853), (0.11, True)), ((86, 270, 0.31851851851851853), (0.19, True)), ((87, 270, 0.32222222222222224), (0.20000000000000001, True)), ((90, 270, 0.33333333333333331), (0.02, True)), ((95, 270, 0.35185185185185186), (0.01, True)), ((111, 270, 0.41111111111111109), (0.0, True))]

BESTLEARNGEM=((84, 270, 0.31111111111111112), (2, 2, 0.25, True, True))
LISTLEARNGEM=[((84, 270, 0.31111111111111112), (2, 2, 0.25, True, True)), ((87, 270, 0.32222222222222224), (2, 2, 0.5, True, True)), ((92, 270, 0.34074074074074073), (2, 2, 0.125, True, True)), ((93, 270, 0.34444444444444444), (2, 2, 0.015625, True, True)), ((93, 270, 0.34444444444444444), (2, 2, 0.03125, True, True)), ((95, 270, 0.35185185185185186), (2, 2, 0.00390625, True, True)), ((95, 270, 0.35185185185185186), (2, 2, 0.0078125, True, True)), ((96, 270, 0.35555555555555557), (2, 2, 0, True, True)), ((97, 270, 0.35925925925925928), (2, 2, 0.0625, True, True)), ((109, 270, 0.40370370370370373), (1, 1, 0, True, True)), ((109, 270, 0.40370370370370373), (1, 1, 0.00390625, True, True)), ((109, 270, 0.40370370370370373), (1, 2, 0, True, True)), ((109, 270, 0.40370370370370373), (1, 2, 0.00390625, True, True)), ((116, 270, 0.42962962962962964), (1, 1, 0.0078125, True, True)), ((116, 270, 0.42962962962962964), (1, 1, 0.015625, True, True)), ((116, 270, 0.42962962962962964), (1, 2, 0.0078125, True, True)), ((116, 270, 0.42962962962962964), (1, 2, 0.015625, True, True)), ((121, 270, 0.44814814814814813), (1, 1, 0.03125, True, True)), ((121, 270, 0.44814814814814813), (1, 2, 0.03125, True, True)), ((128, 270, 0.47407407407407409), (2, 1, 0.5, True, True)), ((132, 270, 0.48888888888888887), (1, 1, 0.0625, True, True)), ((132, 270, 0.48888888888888887), (1, 1, 0.125, True, True)), ((132, 270, 0.48888888888888887), (1, 2, 0.0625, True, True)), ((132, 270, 0.48888888888888887), (1, 2, 0.125, True, True)), ((132, 270, 0.48888888888888887), (2, 1, 0.25, True, True)), ((138, 270, 0.51111111111111107), (2, 1, 0.125, True, True)), ((141, 270, 0.52222222222222225), (1, 1, 0.25, True, True)), ((141, 270, 0.52222222222222225), (1, 2, 0.25, True, True)), ((143, 270, 0.52962962962962967), (1, 1, 0.5, True, True)), ((143, 270, 0.52962962962962967), (1, 2, 0.5, True, True)), ((144, 270, 0.53333333333333333), (2, 1, 0.0625, True, True)), ((148, 270, 0.54814814814814816), (2, 1, 0.03125, True, True)), ((150, 270, 0.55555555555555558), (2, 1, 0.015625, True, True)), ((153, 270, 0.56666666666666665), (2, 1, 0, True, True)), ((153, 270, 0.56666666666666665), (2, 1, 0.0078125, True, True)), ((155, 270, 0.57407407407407407), (2, 1, 0.00390625, True, True))]


# error rates for different distance measures
# (error, size, error/size) and binary mask
BESTLP=(226, 635, 0.35590551181102364)
LISTLP=[0, 0, 0, 0, 0, 0, 0, 1, 1, 0, 1, 1, 0, 0, 1, 0, 1, 0, 0, 0, 0, 0, 1, 1, 0, 1, 0, 0, 1, 0, 0, 0, 1, 1, 1, 1, 0, 0, 1, 0, 1, 0, 0, 0, 0, 0, 1, 0, 0, 0, 0, 0, 0, 1, 0, 1, 1, 0, 1, 0, 0, 0, 0, 0, 1, 1, 1, 1, 0, 1, 0, 0, 0, 0, 0, 0, 1, 1, 1, 1, 0, 1, 0, 0, 0, 0, 0, 0, 0, 0, 0, 0, 1, 1, 1, 0, 0, 1, 1, 1, 1, 0, 0, 0, 0, 1, 0, 0, 0, 0, 1, 0, 0, 0, 0, 1, 0, 1, 1, 1, 0, 1, 0, 0, 0, 1, 0, 0, 1, 1, 1, 1, 0, 1, 0, 1, 1, 0, 0, 0, 0, 1, 1, 1, 1, 1, 1, 0, 1, 1, 1, 1, 0, 1, 1, 0, 1, 0, 1, 0, 0, 1, 1, 1, 1, 1, 0, 1, 1, 0, 0, 0, 1, 0, 0, 0, 0, 1, 1, 1, 0, 1, 0, 1, 1, 0, 0, 1, 0, 0, 0, 0, 1, 0, 1, 0, 0, 1, 0, 1, 0, 1, 1, 0, 0, 1, 0, 1, 1, 1, 0, 1, 1, 0, 1, 0, 0, 0, 1, 1, 0, 0, 1, 1, 1, 0, 0, 0, 0, 0, 1, 0, 1, 1, 0, 0, 0, 0, 0, 1, 0, 0, 1, 0, 0, 0, 1, 0, 0, 0, 1, 1, 0, 0, 1, 1, 0, 0, 1, 1, 0, 0, 0, 0, 0, 0, 1, 0, 0, 0, 0, 1, 0, 1, 1, 0, 1, 0, 0, 1, 1, 1, 0, 0, 0, 0, 0, 0, 1, 0, 0, 0, 0, 0, 0, 0, 0, 0, 1, 0, 1, 1, 0, 1, 0, 1, 1, 0, 0, 0, 1, 0, 1, 1, 0, 0, 0, 1, 1, 0, 1, 0, 0, 0, 1, 1, 0, 1, 1, 0, 1, 0, 0, 0, 0, 1, 0, 0, 1, 0, 1, 0, 0, 1, 1, 0, 0, 0, 0, 0, 1, 1, 0, 0, 0, 0, 1, 1, 0, 1, 0, 0, 0, 1, 0, 0, 0, 0, 0, 0, 0, 0, 1, 0, 0, 1, 0, 0, 0, 0, 1, 1, 0, 0, 1, 0, 0, 0, 1, 0, 0, 1, 1, 0, 0, 0, 0, 0, 1, 0, 1, 0, 0, 0, 0, 1, 0, 0, 1, 0, 0, 1, 0, 0, 1, 1, 1, 0, 0, 0, 1, 0, 1, 0, 0, 0, 1, 1, 1, 1, 0, 0, 0, 0, 1, 0, 1, 0, 0, 1, 0, 0, 1, 0, 1, 1, 1, 0, 0, 0, 0, 0, 0, 0, 0, 0, 0, 0, 0, 0, 1, 1, 0, 1, 0, 0, 1, 1, 0, 0, 1, 0, 0, 0, 0, 0, 0, 0, 0, 0, 0, 0, 0, 1, 0, 0, 0, 0, 0, 0, 0, 0, 1, 0, 0, 0, 0, 0, 0, 0, 0, 1, 1, 0, 0, 0, 0, 0, 1, 0, 0, 1, 0, 0, 1, 0, 0, 0, 0, 0, 0, 0, 1, 0, 0, 0, 1, 1, 0, 1, 0, 0, 1, 1, 0, 0, 0, 1, 0, 0, 1, 1, 0, 0, 0, 1, 0, 1, 0, 0, 1, 0, 0, 1, 0, 1, 0, 1, 1, 0, 0, 0, 0, 0, 0, 0, 0, 1, 1, 0, 0, 0, 1, 0, 0, 0, 0, 0, 0, 1, 1, 1, 0, 0, 0, 0, 1, 0, 1, 0, 0, 0, 1, 0, 1, 1, 1, 0, 0, 0, 0, 0, 1, 0, 0, 0, 1, 0, 1, 0, 1, 0, 0, 0, 0, 0, 0, 0, 0, 0, 0, 0, 1, 1, 0, 0, 0, 0, 0, 0, 0, 0, 0, 0, 1]

BESTFULLDTW=(223, 635, 0.35118110236220473)
LISTFULLDTW=[0, 0, 0, 0, 0, 0, 0, 0, 0, 1, 0, 1, 0, 0, 1, 0, 0, 0, 0, 0, 0, 1, 0, 0, 0, 0, 0, 0, 0, 0, 1, 0, 1, 1, 1, 1, 0, 1, 0, 0, 1, 1, 0, 1, 0, 0, 1, 0, 0, 0, 1, 0, 0, 1, 0, 1, 1, 0, 1, 0, 1, 0, 0, 1, 1, 0, 0, 0, 0, 1, 0, 1, 0, 0, 0, 0, 1, 0, 0, 1, 0, 0, 0, 1, 0, 1, 0, 0, 1, 0, 1, 0, 1, 1, 0, 0, 0, 0, 0, 0, 1, 0, 0, 1, 0, 0, 0, 0, 0, 0, 1, 0, 0, 1, 0, 1, 1, 0, 1, 1, 1, 1, 0, 0, 1, 0, 0, 1, 0, 1, 1, 1, 0, 1, 1, 1, 1, 0, 0, 0, 0, 1, 0, 1, 1, 1, 1, 1, 1, 1, 0, 1, 0, 0, 0, 0, 1, 1, 0, 1, 0, 0, 1, 1, 0, 0, 1, 1, 1, 0, 0, 0, 0, 0, 0, 0, 0, 0, 0, 0, 1, 1, 0, 0, 0, 0, 1, 1, 1, 0, 0, 1, 1, 0, 0, 0, 0, 1, 0, 1, 1, 1, 0, 1, 1, 1, 1, 0, 1, 1, 0, 0, 1, 0, 0, 0, 0, 0, 0, 1, 1, 0, 0, 0, 0, 0, 1, 0, 1, 0, 0, 0, 1, 0, 0, 0, 0, 1, 1, 0, 0, 1, 1, 0, 0, 1, 0, 0, 0, 0, 0, 0, 0, 0, 0, 1, 0, 1, 1, 1, 1, 1, 0, 0, 0, 0, 1, 0, 0, 1, 0, 1, 0, 0, 1, 0, 1, 0, 0, 1, 1, 1, 0, 0, 0, 1, 1, 0, 0, 0, 1, 0, 0, 0, 1, 0, 0, 1, 0, 0, 0, 1, 0, 1, 1, 1, 0, 0, 0, 1, 1, 0, 1, 0, 0, 0, 0, 1, 0, 0, 1, 1, 0, 0, 1, 1, 1, 1, 1, 0, 0, 0, 0, 0, 0, 1, 1, 0, 1, 0, 0, 0, 0, 1, 1, 1, 0, 1, 0, 0, 0, 1, 0, 0, 0, 0, 1, 1, 0, 0, 0, 0, 0, 0, 0, 1, 0, 0, 0, 0, 0, 0, 0, 0, 0, 1, 0, 0, 0, 1, 0, 0, 0, 0, 0, 0, 0, 1, 1, 0, 0, 0, 1, 0, 1, 1, 1, 0, 0, 0, 1, 0, 0, 0, 0, 1, 0, 0, 1, 0, 1, 1, 0, 0, 0, 1, 0, 0, 1, 0, 0, 0, 1, 0, 0, 1, 0, 1, 0, 1, 0, 0, 0, 1, 0, 1, 1, 0, 1, 0, 0, 0, 1, 0, 0, 1, 1, 1, 0, 0, 0, 0, 1, 0, 0, 0, 0, 0, 0, 0, 0, 0, 0, 1, 0, 0, 0, 1, 0, 0, 1, 0, 0, 0, 0, 0, 0, 0, 0, 0, 1, 1, 0, 1, 0, 0, 1, 0, 0, 1, 0, 0, 0, 0, 0, 0, 0, 0, 0, 0, 0, 1, 1, 0, 0, 0, 0, 1, 1, 0, 0, 1, 0, 0, 1, 1, 1, 1, 0, 0, 1, 0, 1, 0, 0, 0, 1, 0, 0, 0, 0, 0, 1, 1, 0, 0, 0, 0, 0, 0, 1, 0, 0, 1, 0, 1, 1, 1, 0, 0, 0, 0, 0, 1, 0, 0, 0, 1, 1, 0, 0, 1, 1, 0, 0, 0, 0, 1, 1, 1, 0, 0, 1, 0, 0, 0, 0, 0, 0, 1, 0, 1, 0, 1, 0, 0, 0, 0, 0, 0, 0, 0, 1, 0, 1, 0, 0, 0, 0, 0, 0, 0, 1, 0, 0, 0, 0, 0, 1, 1, 1, 1, 0, 1, 0, 0, 1, 0, 0, 1, 0, 0, 1, 1, 0, 1, 0, 0, 0, 0, 1, 0, 1, 0, 0]

BESTCONSDTW=(161, 635, 0.25354330708661416)
LISTCONSDTW=[0, 0, 1, 0, 0, 0, 0, 0, 0, 0, 0, 1, 0, 0, 1, 0, 0, 0, 0, 0, 0, 1, 1, 0, 0, 1, 0, 0, 1, 0, 0, 0, 1, 1, 1, 1, 0, 0, 1, 0, 1, 0, 0, 0, 0, 0, 1, 0, 0, 0, 0, 0, 0, 1, 0, 0, 1, 0, 1, 0, 0, 0, 0, 1, 1, 1, 0, 0, 0, 1, 0, 0, 0, 0, 0, 0, 1, 0, 0, 1, 0, 0, 0, 0, 0, 0, 0, 0, 1, 0, 1, 0, 1, 1, 0, 0, 0, 0, 0, 1, 0, 0, 0, 0, 0, 0, 0, 0, 0, 0, 0, 0, 0, 0, 0, 0, 0, 0, 1, 1, 0, 0, 1, 0, 0, 0, 0, 0, 0, 1, 1, 1, 0, 1, 0, 0, 1, 0, 0, 1, 0, 1, 1, 1, 1, 0, 1, 0, 1, 0, 0, 1, 0, 0, 1, 0, 1, 0, 0, 0, 0, 0, 1, 1, 0, 0, 0, 1, 1, 0, 0, 0, 0, 0, 0, 0, 0, 0, 1, 1, 0, 0, 0, 0, 0, 0, 0, 1, 0, 0, 0, 0, 0, 0, 0, 0, 0, 1, 0, 1, 0, 1, 1, 0, 0, 1, 0, 1, 1, 1, 0, 0, 1, 0, 1, 0, 0, 0, 0, 0, 1, 0, 0, 0, 1, 0, 0, 0, 0, 0, 0, 0, 0, 0, 0, 0, 0, 0, 0, 1, 0, 0, 0, 0, 0, 0, 1, 0, 0, 0, 1, 1, 0, 0, 0, 1, 0, 1, 0, 1, 0, 0, 0, 0, 0, 0, 1, 0, 0, 0, 0, 0, 0, 0, 1, 0, 1, 0, 0, 1, 1, 1, 0, 1, 0, 0, 0, 0, 1, 0, 0, 0, 0, 0, 0, 0, 0, 0, 0, 0, 1, 0, 0, 1, 0, 1, 1, 0, 0, 0, 1, 0, 0, 0, 0, 0, 0, 1, 0, 0, 1, 0, 0, 0, 1, 1, 0, 0, 1, 0, 0, 0, 0, 0, 0, 1, 1, 0, 1, 0, 0, 0, 0, 1, 1, 0, 0, 1, 0, 0, 0, 1, 0, 0, 0, 0, 1, 1, 0, 0, 0, 0, 0, 0, 0, 1, 0, 0, 0, 0, 0, 0, 0, 0, 0, 0, 0, 0, 0, 1, 1, 0, 0, 0, 1, 0, 0, 0, 1, 0, 0, 1, 1, 0, 0, 1, 0, 0, 0, 0, 1, 0, 0, 0, 0, 1, 0, 0, 0, 0, 0, 1, 0, 0, 0, 1, 0, 0, 0, 0, 1, 0, 1, 0, 0, 0, 0, 1, 1, 1, 0, 0, 0, 0, 0, 0, 1, 0, 1, 0, 0, 0, 1, 0, 0, 1, 1, 0, 0, 0, 1, 0, 0, 0, 0, 0, 0, 0, 0, 0, 0, 0, 0, 1, 0, 0, 0, 1, 0, 0, 1, 0, 0, 0, 0, 0, 0, 0, 0, 0, 1, 0, 0, 1, 0, 0, 0, 0, 0, 1, 0, 0, 0, 0, 0, 0, 0, 0, 0, 0, 0, 1, 1, 0, 0, 0, 0, 0, 1, 0, 0, 1, 0, 0, 0, 0, 0, 0, 0, 0, 0, 0, 1, 0, 0, 0, 1, 0, 0, 1, 0, 0, 1, 0, 0, 0, 1, 0, 0, 0, 1, 1, 0, 0, 0, 1, 0, 0, 0, 0, 0, 0, 0, 1, 0, 0, 0, 1, 1, 0, 0, 0, 0, 0, 0, 0, 0, 1, 1, 0, 0, 0, 1, 0, 0, 0, 1, 0, 0, 1, 1, 1, 0, 0, 0, 0, 0, 0, 0, 0, 0, 0, 1, 0, 1, 1, 0, 0, 0, 0, 0, 0, 1, 0, 0, 0, 1, 0, 0, 0, 1, 1, 0, 1, 1, 0, 0, 0, 0, 0, 0, 0, 1, 1, 0, 0, 0, 0, 0, 0, 0, 0, 0, 0, 0]

BESTGEM=(187, 635, 0.29448818897637796)
LISTGEM=[0, 0, 1, 0, 1, 0, 0, 0, 0, 0, 0, 1, 0, 0, 0, 0, 0, 0, 1, 0, 0, 1, 0, 0, 0, 0, 0, 0, 1, 0, 0, 1, 1, 1, 1, 1, 0, 1, 1, 0, 0, 0, 0, 1, 0, 0, 1, 0, 0, 0, 0, 0, 0, 1, 0, 1, 0, 0, 1, 0, 0, 0, 0, 1, 1, 0, 1, 1, 0, 1, 0, 1, 0, 1, 0, 0, 1, 0, 0, 0, 0, 0, 0, 0, 0, 0, 0, 0, 1, 0, 1, 0, 1, 1, 0, 0, 0, 0, 0, 0, 1, 0, 0, 1, 0, 0, 0, 0, 1, 0, 0, 0, 0, 0, 0, 1, 0, 0, 1, 1, 0, 1, 0, 0, 0, 0, 1, 1, 0, 1, 1, 0, 0, 1, 0, 1, 1, 0, 1, 0, 0, 1, 1, 1, 1, 1, 1, 0, 1, 0, 0, 1, 0, 0, 0, 0, 1, 0, 1, 0, 0, 0, 1, 0, 0, 0, 0, 1, 1, 0, 0, 0, 0, 0, 0, 1, 0, 0, 0, 1, 0, 0, 1, 1, 0, 0, 0, 1, 0, 1, 0, 0, 1, 0, 0, 1, 0, 1, 0, 1, 0, 1, 1, 0, 0, 1, 0, 0, 1, 1, 0, 0, 1, 0, 0, 0, 0, 0, 0, 0, 0, 0, 0, 0, 1, 0, 0, 0, 0, 0, 0, 0, 1, 0, 0, 1, 0, 0, 0, 0, 0, 0, 0, 0, 0, 0, 0, 0, 0, 1, 1, 1, 0, 1, 0, 1, 0, 0, 0, 1, 1, 0, 0, 0, 0, 0, 1, 0, 0, 0, 0, 0, 0, 1, 1, 0, 1, 0, 0, 1, 1, 1, 0, 1, 0, 1, 1, 0, 0, 0, 1, 0, 0, 0, 0, 0, 0, 1, 1, 0, 0, 0, 0, 1, 0, 1, 1, 0, 0, 0, 0, 0, 1, 1, 0, 0, 0, 1, 0, 0, 1, 0, 0, 0, 1, 1, 1, 0, 0, 0, 0, 0, 0, 0, 0, 1, 1, 0, 1, 0, 1, 0, 0, 0, 1, 0, 0, 1, 0, 0, 0, 1, 0, 0, 0, 0, 1, 1, 0, 1, 0, 0, 0, 0, 0, 0, 1, 0, 0, 0, 0, 0, 0, 0, 0, 1, 0, 0, 0, 1, 1, 0, 0, 0, 1, 0, 0, 0, 1, 0, 0, 0, 1, 0, 0, 1, 1, 0, 0, 0, 0, 0, 0, 0, 0, 1, 0, 1, 0, 0, 0, 1, 0, 0, 1, 0, 1, 0, 0, 0, 1, 0, 1, 0, 0, 0, 0, 1, 1, 0, 0, 0, 0, 1, 0, 0, 0, 0, 0, 0, 0, 0, 0, 0, 0, 0, 1, 0, 0, 0, 1, 0, 1, 0, 0, 0, 0, 0, 0, 0, 0, 0, 1, 0, 0, 0, 0, 1, 0, 0, 1, 0, 0, 0, 0, 0, 0, 0, 0, 0, 1, 0, 0, 1, 0, 0, 0, 0, 0, 1, 0, 0, 0, 0, 0, 0, 1, 0, 0, 0, 0, 1, 1, 0, 0, 0, 0, 1, 1, 0, 0, 1, 0, 0, 1, 1, 0, 1, 0, 0, 0, 0, 1, 0, 0, 0, 1, 0, 0, 0, 0, 1, 1, 1, 0, 0, 1, 0, 0, 0, 1, 1, 0, 1, 0, 1, 0, 0, 1, 0, 0, 0, 1, 1, 0, 0, 0, 1, 1, 0, 0, 1, 0, 0, 0, 0, 0, 1, 1, 1, 0, 1, 1, 0, 0, 0, 0, 0, 0, 1, 0, 0, 0, 0, 0, 0, 0, 1, 0, 0, 0, 0, 1, 0, 1, 1, 0, 0, 0, 0, 0, 0, 1, 0, 0, 1, 1, 0, 1, 0, 1, 0, 0, 0, 0, 0, 0, 0, 0, 0, 1, 0, 0, 1, 0, 0, 0, 0, 0, 0, 0, 0, 0, 0, 0]

