# shuffled stratified split (indices referring to UCR database)
TESTINDEX=[296 120 310  82 340 305 260  45 182 199  52  97 302 154  86  81 322 344
  25  69 195  78 341 331   3  59 233  91   6 327 139 186 211 170 262 244
 295 205 319 349  90  76 143 338 237 110 339 125 279 283 106  65 301 298
 284 119  16  75  56  66 288 253 111 304 167 277 221 299  10 101 259 271
 105 100 261  89  48 188 180 333  19 193  95  46 137  50 116 202 177 328
 134 314 335 103 243 269   8   4 213 187 157 272 190 229 209 172 291 122
 121 109 270  40 282 343 242  55 147 300 234   2 133  84 287 216  67 138
 148 140  71 276  38   9 286 214  34 274 220 257   5  51 146  54 232 184
 254 117  39  33 166 231 203 204  63 303 334 197  15 142  42 158 238 174
 332 265  22 150 309 156 176 228 179  35 311  88  27]
TRAININDEX=[ 68 290 192 102 217 212 285 136  92 280 306 247 171 245 164  17  37 297
  11 307  43 235  21  47 181 315 318 201  13 239 207  62 183 173  26   7
 330  41  14 163  72 185 246 118 210 248 250 191 241 227 141 273 255 223
  53  18 240 289 313 346  87  79 168  98 132 124 329  96 178 294 175 198
 321 128 345 200 347 165 323 320  60 108 275  73  24 278 251 218 292  70
 263 337 194  80  36 206 215  30 161 112  94 153 325 162 107 249   0 268
 159  28 152 145 151 131 226 115   1 312 256  44  99 225 104 317 336 224
 264 123  93 324 160 308 169  49 293 266 196 155 258 348 126 135 316  29
 236  74 149 113  12 144  31 230 326  23 208  85  20 252 267 130  64 342
  57  77 114  58  32 281 222 129  83  61 127 189 219]

# learned parameters for cdtw and gem
# dtw ((error, size, error/size), (window, sqr))
# gem ((error, size, error/size), (St0, St1, E, sym, sqr))
BESTLEARNCONSDTW=((30, 175, 0.17142857142857143), (0.01, True))
LISTLEARNCONSDTW=[((30, 175, 0.17142857142857143), (0.01, True)), ((33, 175, 0.18857142857142858), (0.02, True)), ((39, 175, 0.22285714285714286), (0.029999999999999999, True)), ((39, 175, 0.22285714285714286), (0.040000000000000001, True)), ((40, 175, 0.22857142857142856), (0.0, True)), ((40, 175, 0.22857142857142856), (0.050000000000000003, True)), ((40, 175, 0.22857142857142856), (0.059999999999999998, True)), ((43, 175, 0.24571428571428572), (0.070000000000000007, True)), ((43, 175, 0.24571428571428572), (0.080000000000000002, True)), ((45, 175, 0.25714285714285712), (0.089999999999999997, True)), ((45, 175, 0.25714285714285712), (0.10000000000000001, True)), ((45, 175, 0.25714285714285712), (0.11, True)), ((45, 175, 0.25714285714285712), (0.12, True)), ((45, 175, 0.25714285714285712), (0.13, True)), ((45, 175, 0.25714285714285712), (0.14000000000000001, True)), ((45, 175, 0.25714285714285712), (0.14999999999999999, True)), ((45, 175, 0.25714285714285712), (0.16, True)), ((45, 175, 0.25714285714285712), (0.17000000000000001, True)), ((45, 175, 0.25714285714285712), (0.17999999999999999, True)), ((45, 175, 0.25714285714285712), (0.19, True)), ((45, 175, 0.25714285714285712), (0.20000000000000001, True))]

BESTLEARNGEM=((15, 175, 0.085714285714285715), (2, 2, 0.5, True, True))
LISTLEARNGEM=[((15, 175, 0.085714285714285715), (2, 2, 0.5, True, True)), ((18, 175, 0.10285714285714286), (2, 1, 0.125, True, True)), ((19, 175, 0.10857142857142857), (2, 1, 0.015625, True, True)), ((19, 175, 0.10857142857142857), (2, 1, 0.03125, True, True)), ((19, 175, 0.10857142857142857), (2, 2, 0.25, True, True)), ((20, 175, 0.11428571428571428), (2, 1, 0.0078125, True, True)), ((20, 175, 0.11428571428571428), (2, 1, 0.25, True, True)), ((21, 175, 0.12), (2, 1, 0.0625, True, True)), ((21, 175, 0.12), (2, 1, 0.5, True, True)), ((22, 175, 0.12571428571428572), (1, 1, 0.25, True, True)), ((22, 175, 0.12571428571428572), (1, 2, 0.25, True, True)), ((22, 175, 0.12571428571428572), (2, 2, 0.125, True, True)), ((25, 175, 0.14285714285714285), (2, 2, 0.0625, True, True)), ((26, 175, 0.14857142857142858), (1, 1, 0.5, True, True)), ((26, 175, 0.14857142857142858), (1, 2, 0.5, True, True)), ((26, 175, 0.14857142857142858), (2, 1, 0.00390625, True, True)), ((26, 175, 0.14857142857142858), (2, 2, 0.00390625, True, True)), ((26, 175, 0.14857142857142858), (2, 2, 0.0078125, True, True)), ((27, 175, 0.15428571428571428), (1, 1, 0.125, True, True)), ((27, 175, 0.15428571428571428), (1, 2, 0.125, True, True)), ((28, 175, 0.16), (2, 2, 0, True, True)), ((28, 175, 0.16), (2, 2, 0.03125, True, True)), ((29, 175, 0.1657142857142857), (2, 2, 0.015625, True, True)), ((30, 175, 0.17142857142857143), (1, 1, 0.0625, True, True)), ((30, 175, 0.17142857142857143), (1, 2, 0.0625, True, True)), ((30, 175, 0.17142857142857143), (2, 1, 0, True, True)), ((31, 175, 0.17714285714285713), (1, 1, 0.03125, True, True)), ((31, 175, 0.17714285714285713), (1, 2, 0.03125, True, True)), ((33, 175, 0.18857142857142858), (1, 1, 0.015625, True, True)), ((33, 175, 0.18857142857142858), (1, 2, 0.015625, True, True)), ((35, 175, 0.20000000000000001), (1, 1, 0.0078125, True, True)), ((35, 175, 0.20000000000000001), (1, 2, 0.0078125, True, True)), ((40, 175, 0.22857142857142856), (1, 1, 0.00390625, True, True)), ((40, 175, 0.22857142857142856), (1, 2, 0.00390625, True, True)), ((43, 175, 0.24571428571428572), (1, 1, 0, True, True)), ((43, 175, 0.24571428571428572), (1, 2, 0, True, True))]


# error rates for different distance measures
# (error, size, error/size) and binary mask
BESTLP=(39, 175, 0.22285714285714286)
LISTLP=[1, 0, 0, 0, 1, 0, 0, 0, 0, 0, 0, 0, 0, 0, 0, 0, 0, 0, 1, 0, 1, 0, 0, 0, 0, 1, 0, 1, 0, 0, 0, 0, 0, 0, 1, 0, 0, 0, 0, 1, 0, 0, 0, 1, 0, 0, 0, 0, 0, 0, 1, 0, 0, 0, 0, 0, 1, 1, 0, 0, 1, 0, 0, 0, 1, 0, 1, 0, 1, 0, 0, 0, 0, 0, 0, 0, 0, 0, 0, 0, 0, 0, 0, 0, 1, 0, 0, 0, 0, 1, 0, 0, 0, 0, 0, 0, 1, 0, 0, 1, 0, 0, 1, 0, 1, 0, 0, 0, 0, 0, 1, 1, 0, 0, 1, 0, 0, 0, 0, 0, 0, 0, 0, 1, 0, 1, 0, 0, 0, 0, 0, 0, 0, 0, 1, 0, 1, 1, 1, 1, 0, 0, 0, 0, 0, 0, 1, 0, 0, 0, 0, 0, 0, 0, 1, 1, 0, 0, 0, 0, 0, 1, 0, 1, 1, 0, 0, 0, 0, 1, 0, 0, 0, 0, 0]

BESTFULLDTW=(48, 175, 0.2742857142857143)
LISTFULLDTW=[0, 0, 0, 1, 1, 0, 0, 1, 0, 0, 1, 0, 1, 0, 0, 0, 0, 1, 1, 0, 1, 0, 0, 0, 1, 0, 0, 1, 1, 0, 0, 0, 0, 0, 1, 0, 1, 1, 0, 1, 0, 0, 0, 1, 0, 0, 0, 0, 0, 1, 0, 0, 0, 1, 0, 1, 0, 0, 0, 0, 1, 0, 0, 0, 0, 0, 0, 0, 0, 0, 0, 1, 1, 0, 0, 0, 0, 1, 0, 0, 0, 0, 0, 0, 1, 0, 1, 0, 1, 1, 0, 0, 0, 1, 0, 0, 1, 0, 0, 0, 1, 1, 0, 1, 0, 0, 1, 0, 0, 0, 0, 1, 0, 0, 1, 0, 0, 1, 0, 1, 0, 0, 0, 0, 0, 0, 0, 0, 0, 0, 0, 0, 0, 1, 0, 0, 1, 1, 0, 1, 0, 0, 0, 0, 0, 0, 1, 0, 0, 1, 0, 0, 0, 1, 0, 0, 1, 0, 0, 0, 0, 0, 0, 0, 0, 0, 0, 1, 0, 0, 0, 0, 0, 1, 1]

BESTCONSDTW=(38, 175, 0.21714285714285714)
LISTCONSDTW=[1, 0, 0, 0, 1, 0, 0, 1, 0, 0, 1, 0, 0, 0, 0, 0, 0, 1, 1, 0, 1, 0, 0, 0, 0, 0, 0, 1, 0, 0, 0, 0, 0, 0, 1, 0, 0, 0, 1, 1, 0, 0, 0, 1, 0, 0, 0, 0, 0, 0, 1, 0, 0, 0, 0, 0, 1, 1, 0, 0, 1, 0, 0, 0, 1, 0, 0, 0, 1, 0, 0, 0, 0, 0, 0, 1, 0, 1, 0, 0, 0, 0, 0, 0, 0, 0, 0, 0, 0, 0, 0, 0, 0, 0, 0, 0, 1, 1, 0, 1, 0, 0, 0, 0, 0, 0, 0, 0, 0, 0, 1, 1, 0, 0, 1, 0, 0, 1, 0, 0, 0, 0, 0, 0, 0, 1, 0, 0, 0, 0, 0, 0, 0, 0, 0, 0, 1, 1, 1, 1, 0, 0, 0, 0, 0, 1, 1, 0, 0, 1, 0, 0, 0, 0, 0, 1, 0, 0, 0, 0, 0, 0, 0, 1, 0, 0, 0, 0, 0, 1, 0, 0, 0, 0, 0]

BESTGEM=(19, 175, 0.10857142857142857)
LISTGEM=[0, 0, 0, 0, 0, 0, 0, 1, 0, 0, 0, 0, 0, 0, 0, 0, 0, 0, 1, 0, 0, 0, 0, 0, 0, 0, 0, 0, 0, 0, 0, 0, 0, 0, 1, 0, 0, 0, 0, 0, 0, 0, 0, 1, 1, 0, 0, 0, 0, 0, 0, 0, 0, 0, 0, 0, 0, 1, 0, 0, 0, 0, 0, 0, 0, 0, 0, 0, 0, 0, 0, 1, 1, 0, 0, 0, 0, 1, 0, 0, 0, 0, 1, 0, 0, 0, 0, 0, 0, 0, 0, 0, 0, 0, 0, 0, 1, 0, 0, 0, 0, 0, 0, 1, 0, 0, 0, 0, 0, 0, 0, 1, 0, 0, 1, 0, 0, 0, 0, 0, 0, 0, 0, 0, 0, 1, 0, 0, 0, 0, 0, 0, 0, 0, 0, 0, 1, 1, 0, 0, 0, 0, 0, 0, 0, 0, 1, 0, 0, 0, 0, 0, 0, 0, 0, 0, 0, 0, 0, 0, 0, 0, 0, 1, 0, 0, 0, 0, 0, 0, 0, 0, 0, 0, 0]

