# shuffled stratified split (indices referring to UCR database)
TESTINDEX=[ 660  581  562  939   43  115  393   77  446  796 1090  459  489  642  529
  677  700  110  337  518  367  721  671  296 1059 1066  767  665  550  383
  593  300  411  779  963   60  132  619  261  380  176   69   86   17  672
  342  843  488  493  429 1111  632  542  207  991   73  551  804  263 1083
  280  735  866 1082  543  919  741  793  948  453 1040  981  460  949  137
  434  554 1053  589  511  717  814  872  960  979  921  502  238  621  281
  365 1030  704   93  951  816 1097  710  265 1038  404   34  617  341  892
 1085  680  314 1072  271  552  855  802  713 1073  539  803  751  810  801
  734  527 1035  146  694  339  299  416  808  402  743  471  268   45  290
  284  893  781  274 1034  466 1044  257  739  150  503  571 1039  235  882
  795 1000  512  387  167  178  510  678   94  598  184  870  465  777  590
  228  908  161  395  189  306  637 1036  587 1022 1119  971  653  920  166
  644  826  371   39 1042  993  277 1116  298 1070 1051  244  582  869  231
  438  668  171   87  346  847  199   85  500    3 1114   57  883  812  862
 1087 1008 1121 1061    0 1031   66  901  439  194  998   33  594 1043  378
    6  748  976 1021   47  558  384  827  887  769  523   64   48  596  506
 1047  356  252  780   19 1084  567  159   37  699  200  394  742  304  477
  650  162  520  915  584  608  560  517  297 1029  425  984  504  836  950
  889  201  877  738 1094  846 1071  467  825  791  752  443  831  605  682
  639  576  574  183  215  988  487  622  457  196  507   62  437 1058 1019
 1079  109   74  890  623 1060  692  127  266   84  628  925  407  907  424
  358   98  450 1037  600 1098  237  220  454  133  674  938  375  214  599
  250   16   46   88  730 1112  728  385  942  436 1032  128  544  168  534
  414  374  513  874 1013  834  480  249  381  633  634  227  849  283   38
  819  723  611  900  180  837  366  535  864   99  941 1028  601 1006  114
  649 1113  902 1081  203  452  878  391  549  880  953  230  144   59  219
  645  860 1001  800  149  630  749   31  565  720  895  917  818  181   81
  399  328  323  332  486  643 1123  530  490  989   70  977  652  627   53
  234  335  240  784  946  474  472  773  556  111   23  990 1068  957  691
  624  768  903 1012  757  142  610  363   29  750 1055  428 1124  221  711
  160  536 1110  838  719 1093   51  119  211  495  522 1023  770  583  260
  273  191 1005  631  646  835  140  830   96  509 1106  136  508  679  994
  223  774  956  709  852  967  212  431  468  909  526  722  725  792   21
  702  776  492  841    1  198  618  455  906  844 1069  396  926  516  568
  570  688  999  121  205  386    7  222  426  253   97 1067  716  714  684
  663  613  519  681  295  547  662  125  839  756  129  664  982   63  597
  703   61  985  854  986  868 1009   65   91    9  745  440  355  591  317
  217  124 1004 1046  463  958  165   12 1041  746  867   52  661  515   15
  761   30  392 1014  418  727 1045  798  659  655 1096  772  910 1091   54
  361  172  245  635  778  696  753  308  470  658  130 1109  154  609  190
 1102  875  421  134  451  580  229  863 1117  832  614   95  321  651  891
  173  733    4  272  444  961  390 1063  287  204  579  612  276  667  954]
TRAININDEX=[ 521  242  525  980 1074 1027  360  853  112  712  528  270  267  918  569
  326  932 1057  762  293  177 1017  322  842   44  118  209  248  179  754
 1104  473  697  351  759  170  370  185   35 1080  123  857   26  331  914
   75  736  809 1024  422   27  347 1115  412  657  897  894  338  923  602
  445  496  193  924  334  573 1089    2   42  603  499  604  647  820  548
  309  243 1076  765  916  135 1018   11   82  821  484  969  974  423  935
  715  479  256  330  469 1100  640  962  656  432  400  797 1120  307  364
  537 1003  933  764  888  970  538  158  108  104  815  934  336  269 1086
 1020  996  311  303  259  822  731 1010  922  861  155 1049  349 1065  216
  498   55  615   76  669  350  348  840  379  427  447  398  865  629  494
  811   58  943  896  312  885  117   25  362  928  141  541  555  807  320
  324  514  255  899   79  458  202  787  585   14  138  531  881  232   22
  210  195  501  693  482  475  724   32  120  690   49  726  401  354    8
  389 1095  433  246 1015  164  373  147   24   28  213  707   71  344  382
  670  532 1118  478  833  449 1088  388  708  879  278  163  262 1077  829
  236  586  705  685  952  648  294  912  409  686  340  419  301  461  126
  775  859  675  368  972  476  766  315  143  372  282   40  103  345  275
  744  824 1107  904  654 1062  616  197 1011  352  113 1002  545  805  978
  186  987   80  327  316  566  997  430  785   90 1108  848  497  783  302
  588  689  505  131  873  871  913  481  483 1101 1122  441  188  139  329
  813  226  959  965 1033  782  673  105  264  102 1050  945 1056  817  823
 1054  435  491  524  966  929  192 1078  577  182  975  718   36  413  175
  850  353  410 1052  983  737  992  763  572  169  291  343  415  101  944
  187  448  241  288  485  786   68  747  695  771  563  636  620    5  940
  116   67  927  145  851  790  729  333  799  417  930  561  806  973  559
  174  964  286  533  641  937   83  794  408   89  406  546 1099  359  789
  884  553  152   20  254  107 1016  625  251  606  376  936  456  575  706
   50  931   56  557  968  755  578 1025  106  305  955  218  369   72   92
  886  156  858  310  319  420  740 1007  206  856  845  279  239 1103  224
  289  405  357  701  377 1026  442 1105 1048  732  564  607   41  595  285
  313  403  122   18  148  828 1064   13  397  947  905  995  540  683  876
  292  462 1092  676  592  318  687  464  157  100  151 1075  233   10  666
  225  898  911  638  788  758  208   78  760  626  153  698  325  247  258]

# learned parameters for cdtw and gem
# dtw ((error, size, error/size), (window, sqr))
# gem ((error, size, error/size), (St0, St1, E, sym, sqr))
BESTLEARNCONSDTW=((70, 495, 0.14141414141414141), (0.029999999999999999, True))
LISTLEARNCONSDTW=[((70, 495, 0.14141414141414141), (0.029999999999999999, True)), ((71, 495, 0.14343434343434344), (0.02, True)), ((72, 495, 0.14545454545454545), (0.040000000000000001, True)), ((73, 495, 0.14747474747474748), (0.050000000000000003, True)), ((80, 495, 0.16161616161616163), (0.059999999999999998, True)), ((82, 495, 0.16565656565656567), (0.070000000000000007, True)), ((86, 495, 0.17373737373737375), (0.080000000000000002, True)), ((88, 495, 0.17777777777777778), (0.089999999999999997, True)), ((88, 495, 0.17777777777777778), (0.10000000000000001, True)), ((88, 495, 0.17777777777777778), (0.11, True)), ((88, 495, 0.17777777777777778), (0.12, True)), ((90, 495, 0.18181818181818182), (0.13, True)), ((90, 495, 0.18181818181818182), (0.14000000000000001, True)), ((90, 495, 0.18181818181818182), (0.14999999999999999, True)), ((90, 495, 0.18181818181818182), (0.16, True)), ((91, 495, 0.18383838383838383), (0.17000000000000001, True)), ((91, 495, 0.18383838383838383), (0.17999999999999999, True)), ((91, 495, 0.18383838383838383), (0.19, True)), ((92, 495, 0.18585858585858586), (0.20000000000000001, True)), ((94, 495, 0.1898989898989899), (0.01, True)), ((122, 495, 0.24646464646464647), (0.0, True))]

BESTLEARNGEM=((62, 495, 0.12525252525252525), (2, 1, 0.5, True, True))
LISTLEARNGEM=[((62, 495, 0.12525252525252525), (2, 1, 0.5, True, True)), ((63, 495, 0.12727272727272726), (2, 1, 0.125, True, True)), ((63, 495, 0.12727272727272726), (2, 1, 0.25, True, True)), ((87, 495, 0.17575757575757575), (2, 1, 0.0625, True, True)), ((103, 495, 0.20808080808080809), (1, 1, 0.125, True, True)), ((103, 495, 0.20808080808080809), (1, 2, 0.125, True, True)), ((107, 495, 0.21616161616161617), (1, 1, 0, True, True)), ((107, 495, 0.21616161616161617), (1, 2, 0, True, True)), ((108, 495, 0.21818181818181817), (1, 1, 0.0625, True, True)), ((108, 495, 0.21818181818181817), (1, 1, 0.25, True, True)), ((108, 495, 0.21818181818181817), (1, 2, 0.0625, True, True)), ((108, 495, 0.21818181818181817), (1, 2, 0.25, True, True)), ((108, 495, 0.21818181818181817), (2, 1, 0.03125, True, True)), ((109, 495, 0.2202020202020202), (1, 1, 0.0078125, True, True)), ((109, 495, 0.2202020202020202), (1, 2, 0.0078125, True, True)), ((110, 495, 0.22222222222222221), (1, 1, 0.00390625, True, True)), ((110, 495, 0.22222222222222221), (1, 2, 0.00390625, True, True)), ((111, 495, 0.22424242424242424), (1, 1, 0.015625, True, True)), ((111, 495, 0.22424242424242424), (1, 2, 0.015625, True, True)), ((114, 495, 0.23030303030303031), (1, 1, 0.03125, True, True)), ((114, 495, 0.23030303030303031), (1, 2, 0.03125, True, True)), ((125, 495, 0.25252525252525254), (2, 1, 0.015625, True, True)), ((129, 495, 0.26060606060606062), (2, 1, 0.00390625, True, True)), ((129, 495, 0.26060606060606062), (2, 1, 0.0078125, True, True)), ((131, 495, 0.26464646464646463), (1, 1, 0.5, True, True)), ((131, 495, 0.26464646464646463), (1, 2, 0.5, True, True)), ((131, 495, 0.26464646464646463), (2, 2, 0.5, True, True)), ((137, 495, 0.27676767676767677), (2, 2, 0.25, True, True)), ((138, 495, 0.27878787878787881), (2, 1, 0, True, True)), ((149, 495, 0.30101010101010101), (2, 2, 0.125, True, True)), ((158, 495, 0.31919191919191919), (2, 2, 0.0625, True, True)), ((165, 495, 0.33333333333333331), (2, 2, 0.03125, True, True)), ((166, 495, 0.33535353535353535), (2, 2, 0.015625, True, True)), ((172, 495, 0.34747474747474749), (2, 2, 0, True, True)), ((173, 495, 0.34949494949494947), (2, 2, 0.0078125, True, True)), ((175, 495, 0.35353535353535354), (2, 2, 0.00390625, True, True))]


# error rates for different distance measures
# (error, size, error/size) and binary mask
BESTLP=(150, 630, 0.23809523809523808)
LISTLP=[1, 0, 1, 0, 0, 1, 0, 0, 0, 0, 0, 0, 0, 0, 1, 1, 0, 0, 0, 0, 0, 0, 0, 0, 0, 0, 0, 1, 0, 0, 0, 0, 0, 1, 0, 0, 0, 0, 0, 0, 1, 0, 0, 0, 0, 0, 0, 1, 1, 1, 1, 0, 0, 0, 1, 0, 0, 1, 1, 0, 0, 1, 0, 1, 0, 0, 0, 0, 0, 0, 0, 0, 0, 1, 0, 0, 1, 0, 0, 0, 0, 0, 0, 0, 0, 0, 1, 1, 0, 0, 0, 1, 0, 0, 0, 0, 0, 0, 0, 1, 0, 0, 0, 0, 0, 1, 0, 0, 0, 0, 0, 0, 0, 0, 0, 0, 0, 0, 0, 0, 0, 0, 0, 0, 0, 1, 0, 0, 0, 0, 0, 0, 0, 1, 0, 0, 1, 1, 0, 1, 0, 1, 0, 0, 0, 1, 1, 0, 0, 0, 0, 0, 1, 0, 1, 0, 0, 0, 0, 0, 1, 0, 0, 0, 0, 0, 0, 0, 1, 1, 1, 0, 0, 0, 0, 1, 0, 0, 0, 0, 1, 0, 0, 0, 0, 0, 0, 0, 1, 0, 0, 0, 0, 1, 1, 0, 0, 0, 1, 0, 0, 0, 1, 1, 1, 0, 1, 0, 0, 0, 0, 0, 1, 1, 0, 1, 0, 1, 1, 1, 1, 0, 0, 0, 0, 1, 0, 0, 0, 0, 0, 0, 0, 0, 0, 0, 1, 0, 0, 1, 1, 0, 0, 0, 0, 0, 0, 0, 0, 1, 1, 0, 0, 0, 1, 0, 0, 0, 1, 1, 0, 0, 0, 0, 0, 0, 0, 0, 0, 1, 0, 1, 0, 1, 0, 1, 0, 0, 1, 0, 1, 0, 0, 0, 0, 0, 0, 0, 0, 0, 1, 0, 0, 0, 0, 0, 0, 0, 0, 0, 0, 0, 0, 0, 0, 0, 1, 1, 0, 0, 1, 1, 0, 0, 0, 0, 1, 0, 0, 0, 0, 1, 0, 0, 0, 0, 1, 1, 1, 0, 0, 0, 1, 0, 1, 0, 1, 0, 0, 1, 0, 0, 0, 0, 0, 0, 0, 0, 0, 0, 0, 0, 1, 1, 0, 0, 0, 1, 0, 0, 1, 0, 0, 1, 0, 1, 0, 0, 0, 0, 0, 0, 0, 1, 0, 0, 1, 1, 0, 0, 0, 0, 0, 0, 0, 1, 0, 0, 0, 0, 0, 0, 0, 0, 0, 0, 0, 1, 0, 0, 0, 0, 0, 0, 0, 0, 0, 1, 0, 0, 0, 0, 0, 0, 1, 0, 1, 0, 0, 1, 1, 1, 1, 1, 0, 0, 0, 0, 0, 0, 0, 0, 0, 0, 0, 0, 0, 0, 0, 0, 0, 0, 0, 0, 1, 1, 0, 0, 1, 0, 0, 0, 0, 1, 0, 1, 1, 0, 1, 1, 0, 0, 1, 0, 0, 0, 0, 0, 1, 0, 1, 0, 0, 1, 1, 1, 0, 0, 0, 0, 1, 0, 0, 0, 0, 0, 1, 0, 0, 0, 0, 0, 0, 0, 0, 0, 0, 0, 1, 0, 0, 0, 0, 0, 0, 1, 0, 0, 0, 0, 0, 0, 0, 0, 0, 1, 0, 0, 0, 0, 1, 1, 0, 0, 1, 0, 0, 0, 0, 1, 1, 1, 0, 0, 0, 0, 0, 0, 0, 0, 1, 0, 0, 0, 0, 0, 0, 0, 0, 0, 0, 0, 0, 0, 0, 0, 0, 1, 0, 1, 0, 1, 1, 0, 0, 0, 1, 0, 0, 0, 0, 0, 0, 0, 1, 1, 0, 0, 0, 0, 0, 1, 0, 0, 0, 0, 0, 0, 0, 0, 0, 0, 1, 1, 1, 0, 0, 0, 1, 0, 0, 1, 0, 0, 0, 0, 1, 0, 0, 1, 0, 1, 0, 0, 0, 0, 0, 0, 0, 0, 0, 0, 1, 1, 0, 0, 1, 1, 1, 0]

BESTFULLDTW=(134, 630, 0.21269841269841269)
LISTFULLDTW=[1, 0, 0, 0, 0, 1, 0, 0, 0, 0, 0, 0, 0, 0, 1, 0, 0, 0, 0, 0, 0, 0, 0, 0, 0, 1, 0, 1, 0, 0, 1, 1, 1, 1, 0, 0, 0, 0, 0, 0, 0, 0, 1, 0, 0, 0, 0, 1, 0, 1, 0, 0, 1, 1, 0, 0, 0, 1, 0, 0, 1, 1, 0, 1, 1, 0, 0, 0, 0, 0, 0, 0, 0, 1, 1, 1, 1, 1, 0, 0, 1, 0, 0, 0, 0, 0, 0, 1, 1, 0, 0, 0, 0, 0, 0, 0, 0, 1, 0, 0, 0, 1, 1, 0, 0, 0, 0, 0, 1, 0, 0, 0, 0, 0, 0, 0, 1, 0, 1, 0, 0, 0, 1, 0, 1, 1, 0, 0, 0, 0, 0, 0, 0, 1, 0, 0, 0, 0, 0, 0, 0, 0, 0, 0, 0, 0, 0, 0, 0, 0, 0, 0, 1, 0, 0, 0, 0, 0, 1, 0, 1, 0, 0, 0, 0, 0, 0, 0, 0, 0, 0, 1, 0, 0, 0, 0, 0, 0, 0, 0, 1, 0, 0, 0, 0, 0, 1, 0, 1, 0, 0, 0, 1, 1, 0, 0, 0, 0, 0, 0, 0, 0, 0, 1, 0, 0, 1, 0, 0, 0, 0, 0, 1, 0, 0, 0, 0, 1, 0, 1, 1, 0, 0, 1, 0, 1, 0, 0, 0, 1, 0, 0, 0, 0, 1, 0, 0, 0, 0, 0, 0, 0, 1, 0, 0, 0, 1, 0, 0, 1, 1, 0, 0, 1, 0, 0, 0, 0, 1, 0, 0, 0, 1, 0, 0, 0, 0, 0, 0, 0, 0, 0, 0, 0, 0, 0, 0, 0, 0, 0, 0, 0, 0, 0, 0, 0, 0, 0, 0, 0, 1, 0, 0, 1, 0, 1, 0, 1, 0, 0, 0, 0, 0, 0, 1, 0, 1, 0, 0, 0, 0, 1, 0, 0, 0, 0, 0, 0, 0, 0, 0, 0, 0, 0, 0, 0, 1, 0, 0, 0, 0, 0, 0, 1, 1, 0, 0, 0, 1, 0, 0, 0, 1, 0, 0, 0, 0, 0, 1, 0, 1, 0, 0, 1, 0, 0, 0, 0, 0, 0, 1, 0, 0, 1, 1, 1, 0, 0, 0, 1, 0, 0, 0, 0, 1, 0, 0, 0, 0, 0, 0, 0, 0, 0, 0, 0, 0, 0, 0, 0, 0, 0, 0, 0, 0, 0, 1, 1, 0, 0, 0, 1, 1, 1, 0, 0, 0, 0, 0, 0, 1, 0, 0, 1, 1, 0, 0, 0, 0, 0, 0, 0, 0, 0, 0, 0, 0, 0, 0, 0, 0, 1, 0, 1, 0, 0, 0, 0, 0, 0, 0, 0, 0, 1, 0, 0, 0, 0, 0, 0, 0, 1, 0, 0, 1, 1, 1, 0, 0, 1, 0, 0, 0, 0, 0, 0, 0, 0, 1, 0, 1, 0, 0, 1, 1, 1, 1, 0, 1, 1, 0, 0, 0, 0, 0, 0, 1, 0, 0, 1, 0, 0, 0, 0, 0, 0, 0, 0, 0, 0, 1, 0, 0, 0, 0, 0, 0, 0, 0, 0, 1, 0, 0, 0, 1, 1, 0, 0, 0, 0, 0, 1, 0, 0, 1, 0, 0, 0, 0, 1, 0, 1, 0, 0, 0, 0, 0, 0, 0, 0, 1, 0, 1, 1, 0, 0, 0, 0, 0, 0, 0, 0, 0, 0, 0, 0, 0, 0, 0, 1, 0, 0, 1, 0, 0, 0, 1, 0, 0, 0, 0, 0, 0, 1, 0, 0, 0, 0, 0, 0, 0, 0, 0, 0, 1, 0, 0, 0, 1, 0, 0, 1, 1, 0, 0, 0, 0, 0, 1, 0, 0, 1, 0, 0, 0, 0, 0, 0, 0, 0, 0, 0, 0, 0, 0, 0, 0, 0, 0, 0, 0, 0, 1, 0, 0, 0, 1, 1, 0, 0]

BESTCONSDTW=(105, 630, 0.16666666666666666)
LISTCONSDTW=[1, 0, 1, 0, 0, 1, 0, 0, 0, 0, 0, 0, 0, 0, 1, 0, 0, 0, 0, 0, 0, 0, 0, 0, 0, 0, 1, 0, 0, 0, 1, 1, 1, 1, 0, 0, 0, 0, 0, 0, 1, 0, 1, 0, 0, 0, 0, 1, 1, 1, 0, 0, 0, 0, 0, 0, 0, 0, 0, 0, 0, 0, 0, 1, 1, 0, 0, 0, 0, 0, 0, 0, 0, 1, 1, 1, 1, 1, 0, 0, 1, 0, 0, 0, 0, 0, 1, 0, 1, 0, 0, 0, 0, 0, 0, 0, 0, 0, 0, 0, 0, 1, 1, 0, 0, 0, 0, 0, 1, 0, 0, 0, 0, 0, 0, 0, 1, 0, 0, 0, 0, 0, 1, 0, 1, 1, 0, 0, 0, 0, 0, 0, 0, 1, 0, 0, 0, 0, 0, 0, 0, 1, 0, 0, 0, 0, 0, 0, 0, 0, 1, 0, 0, 0, 0, 0, 0, 0, 0, 0, 0, 0, 0, 0, 0, 0, 0, 0, 0, 0, 0, 0, 0, 0, 0, 0, 0, 0, 0, 0, 0, 0, 0, 0, 0, 0, 1, 0, 1, 0, 0, 0, 1, 1, 0, 0, 0, 0, 1, 0, 0, 0, 0, 0, 0, 0, 0, 0, 0, 0, 0, 0, 1, 1, 0, 0, 0, 1, 0, 0, 1, 0, 0, 0, 0, 1, 0, 1, 0, 0, 0, 0, 0, 0, 1, 0, 0, 0, 0, 0, 0, 0, 1, 0, 0, 0, 0, 0, 0, 1, 0, 0, 0, 1, 0, 0, 0, 0, 1, 1, 0, 0, 0, 0, 0, 0, 0, 0, 0, 0, 0, 0, 0, 0, 0, 0, 0, 0, 0, 0, 0, 0, 0, 0, 0, 0, 0, 0, 0, 0, 1, 0, 0, 0, 0, 0, 0, 0, 0, 0, 0, 0, 0, 0, 1, 0, 0, 1, 0, 0, 0, 1, 0, 0, 0, 0, 0, 0, 0, 0, 0, 0, 1, 0, 0, 0, 0, 0, 0, 0, 0, 0, 0, 0, 1, 0, 0, 0, 0, 0, 0, 0, 1, 0, 0, 0, 0, 0, 1, 0, 0, 0, 1, 1, 0, 0, 0, 0, 0, 0, 1, 0, 0, 0, 1, 1, 0, 0, 0, 1, 1, 0, 0, 0, 0, 0, 1, 0, 0, 0, 0, 0, 0, 0, 0, 1, 0, 0, 0, 0, 0, 0, 0, 0, 0, 0, 0, 0, 0, 0, 0, 1, 0, 0, 0, 0, 0, 0, 0, 0, 0, 0, 0, 0, 1, 0, 1, 0, 0, 0, 0, 0, 0, 0, 0, 0, 0, 0, 0, 0, 0, 0, 0, 0, 0, 0, 0, 0, 0, 0, 0, 0, 0, 0, 1, 0, 0, 0, 0, 0, 0, 1, 0, 0, 1, 1, 0, 0, 0, 1, 0, 0, 0, 0, 0, 0, 0, 0, 1, 0, 1, 0, 0, 1, 1, 1, 1, 0, 1, 0, 0, 0, 0, 0, 0, 0, 1, 0, 0, 0, 0, 0, 0, 0, 0, 0, 0, 0, 0, 0, 0, 0, 0, 0, 0, 1, 0, 0, 0, 0, 0, 0, 0, 0, 0, 1, 0, 0, 0, 1, 0, 1, 0, 0, 1, 0, 0, 0, 0, 1, 0, 1, 0, 0, 0, 0, 0, 0, 0, 0, 1, 0, 0, 0, 0, 0, 0, 0, 0, 0, 0, 1, 0, 0, 0, 0, 0, 1, 0, 1, 0, 1, 1, 0, 0, 0, 1, 0, 0, 0, 0, 0, 0, 1, 0, 0, 0, 0, 0, 0, 0, 1, 0, 0, 0, 0, 0, 0, 0, 0, 0, 0, 1, 0, 0, 0, 0, 0, 1, 0, 0, 0, 0, 0, 0, 0, 0, 0, 0, 0, 0, 0, 0, 0, 0, 0, 0, 0, 0, 0, 0, 0, 1, 0, 0, 0, 1, 1, 0, 0]

BESTGEM=(89, 630, 0.14126984126984127)
LISTGEM=[1, 1, 0, 0, 1, 0, 0, 0, 0, 0, 0, 1, 0, 0, 0, 0, 0, 0, 0, 0, 0, 0, 0, 0, 0, 1, 0, 0, 0, 0, 1, 1, 1, 0, 0, 0, 0, 0, 0, 0, 1, 0, 1, 0, 0, 0, 0, 1, 0, 0, 0, 0, 0, 0, 0, 0, 0, 1, 0, 0, 1, 0, 0, 0, 1, 1, 0, 0, 0, 0, 0, 0, 0, 0, 0, 0, 0, 1, 0, 0, 1, 0, 0, 0, 0, 0, 1, 0, 1, 0, 0, 0, 0, 0, 0, 0, 0, 0, 0, 0, 0, 0, 1, 0, 0, 1, 0, 1, 0, 0, 0, 0, 0, 0, 0, 0, 0, 0, 0, 0, 0, 0, 1, 0, 0, 1, 0, 0, 0, 0, 0, 0, 0, 0, 0, 0, 0, 0, 0, 0, 0, 0, 0, 0, 0, 0, 0, 0, 0, 0, 0, 0, 1, 0, 0, 0, 0, 0, 0, 0, 0, 0, 0, 0, 0, 0, 0, 0, 1, 0, 0, 0, 0, 0, 0, 0, 0, 0, 0, 0, 1, 0, 0, 0, 0, 0, 0, 0, 1, 0, 0, 1, 0, 0, 0, 0, 0, 0, 0, 0, 1, 0, 0, 0, 0, 0, 0, 0, 0, 0, 0, 0, 1, 0, 0, 0, 0, 1, 0, 0, 1, 0, 0, 1, 0, 1, 0, 1, 0, 0, 0, 0, 0, 0, 1, 0, 0, 0, 0, 0, 0, 0, 0, 0, 0, 0, 0, 0, 0, 0, 0, 0, 0, 1, 0, 0, 0, 0, 0, 0, 0, 0, 0, 0, 0, 0, 0, 0, 0, 0, 0, 0, 0, 0, 0, 0, 0, 0, 0, 0, 0, 0, 0, 0, 0, 0, 0, 0, 0, 0, 0, 0, 0, 1, 0, 0, 0, 1, 0, 0, 0, 0, 0, 0, 0, 1, 0, 0, 0, 0, 0, 1, 0, 0, 0, 0, 0, 0, 0, 0, 0, 1, 1, 0, 0, 0, 0, 0, 1, 0, 0, 0, 0, 0, 1, 0, 0, 0, 1, 0, 0, 0, 0, 0, 0, 0, 0, 0, 1, 0, 1, 1, 1, 1, 0, 0, 0, 0, 0, 0, 1, 0, 0, 0, 0, 0, 0, 0, 1, 1, 0, 0, 0, 0, 0, 0, 0, 0, 0, 1, 0, 1, 0, 0, 0, 1, 0, 0, 0, 0, 0, 0, 0, 1, 0, 0, 1, 0, 0, 0, 0, 0, 0, 0, 0, 0, 0, 0, 0, 0, 0, 0, 0, 1, 1, 0, 1, 0, 0, 0, 0, 0, 0, 0, 0, 0, 0, 0, 0, 0, 0, 0, 0, 0, 0, 0, 0, 0, 0, 0, 0, 0, 0, 0, 0, 1, 0, 0, 0, 0, 0, 1, 0, 0, 0, 1, 0, 0, 0, 0, 0, 0, 0, 0, 0, 0, 0, 0, 0, 0, 1, 0, 0, 0, 0, 1, 1, 0, 0, 0, 0, 0, 0, 0, 0, 0, 1, 0, 0, 0, 0, 0, 0, 0, 0, 0, 0, 0, 1, 0, 0, 0, 0, 0, 0, 1, 0, 0, 0, 0, 0, 0, 0, 0, 0, 0, 0, 0, 0, 0, 0, 1, 0, 0, 1, 0, 0, 0, 0, 1, 0, 0, 0, 0, 0, 0, 0, 0, 0, 0, 0, 0, 1, 0, 0, 0, 0, 0, 0, 0, 0, 1, 0, 0, 0, 0, 0, 0, 0, 0, 0, 1, 1, 0, 0, 0, 1, 0, 0, 1, 0, 0, 0, 0, 0, 1, 0, 0, 0, 0, 0, 0, 0, 0, 0, 1, 0, 0, 0, 0, 0, 0, 1, 0, 0, 0, 0, 0, 0, 0, 0, 1, 0, 0, 0, 0, 0, 0, 0, 0, 1, 0, 0, 0, 0, 0, 0, 0, 0, 0, 0, 0, 1, 0, 0, 0, 1, 1, 0, 0]

