# shuffled stratified split (indices referring to UCR database)
TESTINDEX=[121 260  28 219 104 147 328 296 288 291 108 136 299  60 228  41  13 143
 258 210  98   9 139 309  78  38  43 118 348 330 115 164 329 248 150 312
  23 347  39  37  54  95 234 317 290 285 345 109  82 231  89 127 185  86
 178 142 333   0 263 122  44 304  25 336 197 200  11 133 283 222 287 238
  64  18 255  52 202 245  62 332 282 243 266 112  83 160 125 274 313 337
 280  24 193  71  36  32   5 170 286 311 246  33 278 252  22 239 186 128
  87  30 267 169 305  56 167 188 106 315 123 149 176 292   4   2 232 168
 213 205  68 303 349 212  17 140  12  73 307 165 180  58 187 322 321  94
 141 171  59  49 226 145  16 103 264 206 251 214  69 346  75 227 270  65
 279 207 220 196 134 216 284 237  40  46 342  35 247]
TRAININDEX=[ 53 218 294 209 257  55 153 203  97 111 116 148 162 275   8 250 293  45
 195 120 256 117   6 138 159  50 100  84 298  51 223 172 156 181 101 224
 338 102 135 334 310 316 320  80 211 221  72  96  29 272 254 297 208 144
 107  85  19 318 225 324  74  61 325 130  26 217 192 124   3  79 119  90
 240 201 161 259  66 110 155 277  21 269 183 157 314 105 301 268  70  57
   1 306 343 253 273  10 339 126 173  63 344 323 152 242 335  47 289  93
 177 132 300 194 249 151 229 182 166  77  99 114 179  81 113 163 158  76
 235 295  92  42  48  14 137 331 174  31 146 175  67 189 302  91 198  15
 326 271 241 261 276 265 340   7 190  27 129 281 154 319 327 191 199  20
 244  88 236 230 131 215 204 262 308 184  34 341 233]

# learned parameters for cdtw and gem
# dtw ((error, size, error/size), (window, sqr))
# gem ((error, size, error/size), (St0, St1, E, sym, sqr))
BESTLEARNCONSDTW=((34, 175, 0.19428571428571428), (0.02, True))
LISTLEARNCONSDTW=[((34, 175, 0.19428571428571428), (0.01, True)), ((34, 175, 0.19428571428571428), (0.02, True)), ((38, 175, 0.21714285714285714), (0.029999999999999999, True)), ((38, 175, 0.21714285714285714), (0.040000000000000001, True)), ((40, 175, 0.22857142857142856), (0.050000000000000003, True)), ((42, 175, 0.23999999999999999), (0.0, True)), ((43, 175, 0.24571428571428572), (0.059999999999999998, True)), ((45, 175, 0.25714285714285712), (0.070000000000000007, True)), ((45, 175, 0.25714285714285712), (0.080000000000000002, True)), ((46, 175, 0.26285714285714284), (0.089999999999999997, True)), ((48, 175, 0.2742857142857143), (0.10000000000000001, True)), ((48, 175, 0.2742857142857143), (0.11, True)), ((48, 175, 0.2742857142857143), (0.12, True)), ((48, 175, 0.2742857142857143), (0.13, True)), ((48, 175, 0.2742857142857143), (0.14000000000000001, True)), ((48, 175, 0.2742857142857143), (0.14999999999999999, True)), ((48, 175, 0.2742857142857143), (0.16, True)), ((48, 175, 0.2742857142857143), (0.17000000000000001, True)), ((48, 175, 0.2742857142857143), (0.17999999999999999, True)), ((48, 175, 0.2742857142857143), (0.19, True)), ((48, 175, 0.2742857142857143), (0.20000000000000001, True))]

BESTLEARNGEM=((12, 175, 0.068571428571428575), (2, 1, 0.0625, True, True))
LISTLEARNGEM=[((12, 175, 0.068571428571428575), (2, 1, 0.0625, True, True)), ((13, 175, 0.074285714285714288), (2, 1, 0.03125, True, True)), ((13, 175, 0.074285714285714288), (2, 1, 0.125, True, True)), ((15, 175, 0.085714285714285715), (2, 1, 0.5, True, True)), ((15, 175, 0.085714285714285715), (2, 2, 0.5, True, True)), ((16, 175, 0.091428571428571428), (2, 1, 0.015625, True, True)), ((17, 175, 0.097142857142857142), (2, 1, 0.25, True, True)), ((18, 175, 0.10285714285714286), (2, 2, 0.125, True, True)), ((20, 175, 0.11428571428571428), (2, 2, 0.25, True, True)), ((21, 175, 0.12), (2, 1, 0.0078125, True, True)), ((23, 175, 0.13142857142857142), (2, 2, 0.0625, True, True)), ((24, 175, 0.13714285714285715), (2, 2, 0.03125, True, True)), ((26, 175, 0.14857142857142858), (2, 1, 0.00390625, True, True)), ((28, 175, 0.16), (1, 1, 0.125, True, True)), ((28, 175, 0.16), (1, 2, 0.125, True, True)), ((30, 175, 0.17142857142857143), (1, 1, 0.0625, True, True)), ((30, 175, 0.17142857142857143), (1, 1, 0.25, True, True)), ((30, 175, 0.17142857142857143), (1, 2, 0.0625, True, True)), ((30, 175, 0.17142857142857143), (1, 2, 0.25, True, True)), ((30, 175, 0.17142857142857143), (2, 1, 0, True, True)), ((31, 175, 0.17714285714285713), (1, 1, 0.5, True, True)), ((31, 175, 0.17714285714285713), (1, 2, 0.5, True, True)), ((34, 175, 0.19428571428571428), (1, 1, 0.03125, True, True)), ((34, 175, 0.19428571428571428), (1, 2, 0.03125, True, True)), ((34, 175, 0.19428571428571428), (2, 2, 0.015625, True, True)), ((36, 175, 0.20571428571428571), (2, 2, 0, True, True)), ((36, 175, 0.20571428571428571), (2, 2, 0.0078125, True, True)), ((37, 175, 0.21142857142857144), (2, 2, 0.00390625, True, True)), ((38, 175, 0.21714285714285714), (1, 1, 0.015625, True, True)), ((38, 175, 0.21714285714285714), (1, 2, 0.015625, True, True)), ((39, 175, 0.22285714285714286), (1, 1, 0.0078125, True, True)), ((39, 175, 0.22285714285714286), (1, 2, 0.0078125, True, True)), ((40, 175, 0.22857142857142856), (1, 1, 0, True, True)), ((40, 175, 0.22857142857142856), (1, 1, 0.00390625, True, True)), ((40, 175, 0.22857142857142856), (1, 2, 0, True, True)), ((40, 175, 0.22857142857142856), (1, 2, 0.00390625, True, True))]


# error rates for different distance measures
# (error, size, error/size) and binary mask
BESTLP=(29, 175, 0.1657142857142857)
LISTLP=[0, 0, 0, 0, 0, 0, 1, 0, 1, 0, 0, 0, 0, 0, 1, 1, 0, 0, 0, 1, 0, 0, 0, 0, 0, 0, 0, 0, 1, 0, 0, 0, 0, 0, 0, 0, 0, 0, 1, 0, 0, 0, 0, 1, 0, 0, 0, 0, 0, 0, 0, 0, 1, 0, 0, 0, 0, 0, 1, 0, 0, 0, 1, 0, 0, 0, 0, 0, 0, 0, 0, 0, 0, 0, 0, 0, 0, 0, 0, 0, 0, 0, 0, 0, 0, 0, 0, 0, 0, 0, 1, 0, 0, 0, 0, 0, 1, 0, 0, 0, 0, 0, 0, 0, 1, 0, 0, 0, 0, 0, 0, 0, 0, 0, 1, 0, 0, 0, 0, 0, 1, 1, 0, 0, 0, 0, 0, 0, 1, 0, 0, 0, 0, 0, 0, 0, 0, 0, 0, 0, 1, 0, 0, 1, 1, 0, 0, 0, 0, 0, 1, 0, 0, 0, 0, 0, 1, 0, 1, 0, 0, 0, 0, 0, 0, 0, 1, 1, 0, 1, 1, 0, 0, 0, 1]

BESTFULLDTW=(39, 175, 0.22285714285714286)
LISTFULLDTW=[0, 1, 0, 0, 0, 0, 0, 0, 1, 0, 1, 0, 0, 0, 0, 0, 0, 0, 0, 1, 0, 0, 0, 0, 0, 0, 0, 0, 1, 1, 0, 0, 0, 0, 0, 0, 0, 0, 1, 0, 0, 1, 0, 1, 0, 0, 0, 0, 1, 0, 0, 1, 1, 1, 0, 1, 0, 0, 1, 0, 1, 0, 1, 0, 0, 0, 0, 0, 0, 0, 0, 0, 0, 0, 0, 0, 0, 0, 0, 0, 0, 0, 1, 0, 0, 0, 1, 0, 0, 0, 1, 0, 0, 0, 0, 0, 0, 0, 0, 0, 0, 0, 0, 0, 0, 0, 0, 1, 0, 1, 0, 0, 0, 0, 0, 0, 0, 0, 1, 0, 0, 0, 0, 1, 0, 1, 0, 1, 1, 1, 1, 0, 0, 0, 0, 0, 0, 0, 0, 0, 0, 0, 0, 1, 1, 0, 0, 1, 0, 0, 0, 1, 0, 0, 0, 0, 0, 1, 0, 0, 0, 0, 0, 0, 1, 0, 0, 1, 0, 1, 1, 0, 1, 0, 0]

BESTCONSDTW=(28, 175, 0.16)
LISTCONSDTW=[0, 0, 0, 0, 0, 0, 0, 0, 1, 0, 0, 0, 0, 0, 1, 1, 0, 0, 1, 1, 0, 0, 0, 0, 0, 0, 0, 0, 0, 0, 0, 0, 0, 0, 0, 0, 0, 0, 1, 0, 0, 1, 0, 1, 0, 0, 0, 0, 0, 0, 1, 0, 1, 1, 0, 0, 0, 0, 1, 0, 0, 0, 1, 0, 0, 0, 0, 0, 0, 0, 0, 0, 0, 0, 0, 0, 0, 0, 0, 0, 0, 0, 0, 0, 0, 0, 1, 0, 0, 0, 1, 0, 0, 0, 0, 0, 0, 0, 0, 0, 0, 0, 0, 0, 0, 0, 0, 1, 1, 0, 0, 0, 0, 0, 1, 0, 0, 0, 0, 0, 1, 0, 0, 0, 0, 1, 0, 0, 1, 0, 0, 0, 0, 0, 0, 0, 0, 0, 0, 0, 1, 0, 0, 1, 1, 0, 0, 0, 1, 0, 0, 0, 0, 0, 0, 0, 0, 0, 1, 0, 1, 0, 0, 0, 1, 0, 0, 0, 0, 0, 0, 0, 0, 0, 0]

BESTGEM=(12, 175, 0.068571428571428575)
LISTGEM=[0, 0, 0, 0, 0, 0, 0, 0, 0, 0, 0, 0, 0, 0, 0, 1, 0, 0, 0, 1, 0, 0, 0, 0, 0, 0, 0, 0, 0, 0, 1, 1, 0, 0, 0, 0, 0, 0, 1, 0, 0, 1, 0, 1, 0, 0, 0, 0, 0, 0, 0, 0, 1, 0, 0, 0, 0, 0, 1, 0, 0, 0, 0, 0, 0, 0, 0, 0, 0, 0, 0, 0, 0, 0, 0, 0, 0, 0, 0, 0, 0, 0, 0, 0, 0, 0, 0, 0, 0, 0, 0, 0, 0, 0, 0, 0, 0, 0, 0, 0, 0, 0, 0, 0, 0, 0, 0, 0, 0, 0, 0, 0, 0, 0, 0, 0, 0, 0, 0, 0, 0, 0, 0, 0, 0, 0, 0, 0, 1, 0, 0, 0, 0, 0, 0, 0, 0, 0, 0, 0, 0, 0, 0, 0, 1, 0, 0, 0, 0, 0, 0, 0, 0, 0, 0, 0, 0, 0, 0, 0, 0, 0, 0, 0, 0, 0, 0, 0, 0, 1, 0, 0, 0, 0, 0]

