# shuffled stratified split (indices referring to UCR database)
TESTINDEX=[305 240 317 257 112 256 302  41 160  72 269 194  59 271  91 167  90   5
 154  57 127 191 274 235 320 335 143  64 102 236  12 213  78 322 162 344
 326 223  70  50  61 307 128  67  58 135 184 282  65  28 241  16  30 319
   9  32  71  95 341 217 262 123   6 339 148  86 313 156  97 288 180 310
 203  10 246 268  85 214 324  33 200 345  56 306  24 187 327 323 279 263
  98 229 166 114  19 231 248 197 238  46 170  31 242  76 172 254 272 285
 304 264 289  49 178 201 225 163  81 190   2 287 155 346 130  63 220 297
 211 325 221 131 237  69 208  22 278 222  34 198  80 116 259 342 309 179
 249   7 122 119 347 149 218 195 296  23 164 336 283 161  88  62 181 100
 140 228  26 165 183 291 125 145 260 146 338 121  14]
TRAININDEX=[281 337  42  99 193 157 299 266 152 284 101 343  38  15 199 173 171 330
 107 113 340 255 216 300 110 174 280  17 132  66  53   4  83 301 188  37
 227 196 315  48 224 141 169 251  73 230 226 292  51 176 205  82  27 206
 328  39 349  21 133  13  54 215 192  25 177 144  45 333 151 111 204 286
 168   3 252  11 142 308 303 276 219   1 233 331 298 321 348 189  79 115
 106 117  87 134  47 137 158   8 136  60  94  74 103  93 109 129 104 186
 273 294 311 207 334  92 243 258 150 332  44  20 210  77  75  29  43 277
  84 316 239 245  55 295  35 182  68 318 153 265 138 314 147 118 293 247
  52 290 126 159 124 253 312 175 261  36 250  18 139 108 270 275 120  96
 185  89 105  40 232 267 202 329 244 234   0 209 212]

# learned parameters for cdtw and gem
# dtw ((error, size, error/size), (window, sqr))
# gem ((error, size, error/size), (St0, St1, E, sym, sqr))
BESTLEARNCONSDTW=((27, 175, 0.15428571428571428), (0.02, True))
LISTLEARNCONSDTW=[((27, 175, 0.15428571428571428), (0.02, True)), ((29, 175, 0.1657142857142857), (0.01, True)), ((32, 175, 0.18285714285714286), (0.040000000000000001, True)), ((32, 175, 0.18285714285714286), (0.050000000000000003, True)), ((34, 175, 0.19428571428571428), (0.029999999999999999, True)), ((35, 175, 0.20000000000000001), (0.059999999999999998, True)), ((36, 175, 0.20571428571428571), (0.0, True)), ((37, 175, 0.21142857142857144), (0.070000000000000007, True)), ((39, 175, 0.22285714285714286), (0.080000000000000002, True)), ((39, 175, 0.22285714285714286), (0.089999999999999997, True)), ((39, 175, 0.22285714285714286), (0.10000000000000001, True)), ((39, 175, 0.22285714285714286), (0.11, True)), ((40, 175, 0.22857142857142856), (0.12, True)), ((40, 175, 0.22857142857142856), (0.13, True)), ((40, 175, 0.22857142857142856), (0.14000000000000001, True)), ((40, 175, 0.22857142857142856), (0.14999999999999999, True)), ((40, 175, 0.22857142857142856), (0.16, True)), ((40, 175, 0.22857142857142856), (0.17000000000000001, True)), ((40, 175, 0.22857142857142856), (0.17999999999999999, True)), ((40, 175, 0.22857142857142856), (0.19, True)), ((40, 175, 0.22857142857142856), (0.20000000000000001, True))]

BESTLEARNGEM=((9, 175, 0.051428571428571428), (2, 2, 0.5, True, True))
LISTLEARNGEM=[((9, 175, 0.051428571428571428), (2, 2, 0.5, True, True)), ((11, 175, 0.062857142857142861), (2, 1, 0.25, True, True)), ((12, 175, 0.068571428571428575), (2, 1, 0.5, True, True)), ((15, 175, 0.085714285714285715), (2, 1, 0.125, True, True)), ((16, 175, 0.091428571428571428), (2, 1, 0.03125, True, True)), ((17, 175, 0.097142857142857142), (2, 1, 0.0625, True, True)), ((20, 175, 0.11428571428571428), (2, 1, 0.015625, True, True)), ((20, 175, 0.11428571428571428), (2, 2, 0.25, True, True)), ((21, 175, 0.12), (2, 2, 0.03125, True, True)), ((22, 175, 0.12571428571428572), (2, 2, 0.125, True, True)), ((23, 175, 0.13142857142857142), (2, 2, 0.0625, True, True)), ((25, 175, 0.14285714285714285), (2, 1, 0.00390625, True, True)), ((25, 175, 0.14285714285714285), (2, 1, 0.0078125, True, True)), ((25, 175, 0.14285714285714285), (2, 2, 0.015625, True, True)), ((26, 175, 0.14857142857142858), (2, 2, 0, True, True)), ((26, 175, 0.14857142857142858), (2, 2, 0.0078125, True, True)), ((28, 175, 0.16), (1, 1, 0.03125, True, True)), ((28, 175, 0.16), (1, 1, 0.125, True, True)), ((28, 175, 0.16), (1, 2, 0.03125, True, True)), ((28, 175, 0.16), (1, 2, 0.125, True, True)), ((29, 175, 0.1657142857142857), (1, 1, 0.0625, True, True)), ((29, 175, 0.1657142857142857), (1, 1, 0.25, True, True)), ((29, 175, 0.1657142857142857), (1, 2, 0.0625, True, True)), ((29, 175, 0.1657142857142857), (1, 2, 0.25, True, True)), ((30, 175, 0.17142857142857143), (2, 1, 0, True, True)), ((30, 175, 0.17142857142857143), (2, 2, 0.00390625, True, True)), ((31, 175, 0.17714285714285713), (1, 1, 0.015625, True, True)), ((31, 175, 0.17714285714285713), (1, 1, 0.5, True, True)), ((31, 175, 0.17714285714285713), (1, 2, 0.015625, True, True)), ((31, 175, 0.17714285714285713), (1, 2, 0.5, True, True)), ((35, 175, 0.20000000000000001), (1, 1, 0.0078125, True, True)), ((35, 175, 0.20000000000000001), (1, 2, 0.0078125, True, True)), ((36, 175, 0.20571428571428571), (1, 1, 0.00390625, True, True)), ((36, 175, 0.20571428571428571), (1, 2, 0.00390625, True, True)), ((42, 175, 0.23999999999999999), (1, 1, 0, True, True)), ((42, 175, 0.23999999999999999), (1, 2, 0, True, True))]


# error rates for different distance measures
# (error, size, error/size) and binary mask
BESTLP=(35, 175, 0.20000000000000001)
LISTLP=[0, 1, 1, 1, 0, 0, 0, 1, 0, 1, 0, 0, 1, 0, 1, 1, 0, 0, 0, 0, 1, 1, 0, 0, 1, 1, 0, 0, 0, 0, 0, 0, 0, 0, 0, 0, 0, 0, 0, 0, 0, 1, 1, 0, 0, 0, 0, 0, 0, 0, 0, 1, 0, 0, 0, 0, 1, 0, 0, 0, 1, 0, 0, 0, 0, 0, 0, 1, 0, 1, 0, 0, 0, 0, 0, 1, 0, 0, 1, 1, 0, 0, 0, 0, 0, 0, 0, 0, 0, 0, 0, 0, 0, 0, 0, 0, 0, 0, 0, 0, 0, 1, 1, 0, 0, 0, 0, 0, 0, 0, 0, 0, 0, 0, 0, 0, 0, 0, 0, 0, 0, 0, 0, 0, 1, 1, 0, 0, 1, 1, 0, 0, 0, 1, 0, 0, 1, 0, 0, 0, 0, 0, 0, 0, 1, 1, 0, 0, 0, 0, 0, 1, 1, 0, 0, 0, 0, 1, 0, 0, 0, 0, 0, 0, 0, 0, 0, 0, 0, 0, 0, 0, 0, 0, 0]

BESTFULLDTW=(48, 175, 0.2742857142857143)
LISTFULLDTW=[0, 1, 1, 1, 1, 0, 1, 1, 0, 0, 0, 1, 0, 0, 0, 1, 0, 0, 0, 0, 1, 1, 0, 0, 1, 0, 0, 0, 1, 0, 0, 0, 0, 0, 0, 0, 0, 0, 1, 0, 0, 0, 1, 0, 0, 0, 0, 0, 0, 0, 0, 0, 1, 0, 0, 0, 0, 0, 1, 0, 1, 1, 0, 0, 0, 0, 0, 1, 0, 1, 0, 1, 0, 0, 0, 1, 1, 1, 0, 1, 0, 0, 0, 0, 0, 0, 0, 1, 0, 0, 0, 1, 0, 0, 0, 0, 0, 0, 0, 0, 0, 1, 0, 0, 0, 0, 0, 0, 0, 0, 0, 0, 1, 1, 0, 0, 0, 0, 0, 0, 1, 1, 1, 0, 1, 1, 0, 0, 0, 1, 0, 0, 0, 0, 0, 0, 1, 1, 0, 1, 0, 1, 0, 0, 1, 0, 0, 1, 0, 0, 0, 1, 0, 0, 0, 0, 0, 1, 0, 0, 1, 0, 0, 0, 0, 0, 0, 0, 1, 0, 1, 0, 1, 0, 0]

BESTCONSDTW=(34, 175, 0.19428571428571428)
LISTCONSDTW=[0, 1, 1, 1, 0, 0, 1, 1, 0, 0, 0, 0, 0, 1, 0, 1, 0, 0, 0, 0, 0, 1, 0, 0, 1, 0, 0, 0, 0, 0, 0, 0, 0, 0, 0, 0, 0, 0, 1, 0, 0, 1, 1, 0, 0, 0, 0, 0, 0, 0, 0, 0, 0, 1, 0, 0, 0, 0, 0, 0, 1, 0, 0, 0, 0, 1, 0, 0, 0, 1, 0, 1, 0, 1, 0, 0, 0, 1, 0, 1, 0, 0, 0, 0, 0, 0, 0, 0, 0, 0, 0, 1, 0, 0, 0, 0, 0, 0, 0, 0, 0, 0, 1, 0, 0, 0, 0, 0, 0, 0, 0, 0, 1, 0, 0, 0, 0, 0, 0, 0, 0, 0, 1, 0, 1, 1, 0, 0, 0, 1, 1, 0, 0, 0, 0, 0, 0, 1, 0, 0, 0, 0, 0, 0, 1, 0, 0, 0, 0, 0, 0, 1, 0, 0, 0, 0, 0, 0, 0, 0, 1, 0, 0, 0, 0, 0, 0, 0, 1, 0, 0, 0, 1, 0, 0]

BESTGEM=(19, 175, 0.10857142857142857)
LISTGEM=[0, 1, 0, 1, 0, 0, 0, 0, 0, 1, 0, 0, 0, 0, 0, 0, 0, 0, 0, 0, 0, 0, 0, 0, 0, 0, 0, 0, 0, 0, 0, 0, 0, 0, 0, 0, 0, 0, 0, 0, 0, 0, 1, 0, 0, 0, 0, 0, 0, 0, 0, 0, 0, 0, 0, 0, 0, 1, 0, 0, 0, 0, 0, 0, 0, 0, 0, 0, 0, 0, 0, 0, 0, 0, 0, 1, 0, 0, 0, 1, 0, 0, 0, 0, 0, 0, 0, 0, 0, 1, 0, 1, 0, 0, 0, 0, 0, 0, 0, 0, 0, 1, 1, 0, 0, 0, 0, 0, 0, 0, 1, 0, 0, 0, 0, 0, 0, 0, 0, 0, 1, 0, 0, 0, 1, 1, 0, 0, 0, 0, 0, 0, 0, 0, 0, 0, 0, 0, 0, 0, 0, 0, 0, 0, 1, 0, 0, 0, 0, 0, 0, 0, 0, 0, 1, 0, 0, 1, 0, 0, 0, 0, 0, 0, 0, 0, 0, 0, 0, 0, 0, 0, 1, 0, 0]

