# shuffled stratified split (indices referring to UCR database)
TESTINDEX=[119  35 168 182 180 102 206 284 309 220  89 157 112  61  77 313  26 316
 183  40 272 233  45 163 145 340 153 152 345  92 143 310 271 305 221  82
 158 260 268 192 230 226  12 267 124  84 222 121  23 203 248  91 117 307
  44  34   8 210 191 129 288  13  31 197   7 224 130  87 323  22 297 282
  53  18  65  30 262  25  78 291 241  54 257 133 202 274  28 194 139 186
 167  10 287 127 337 335  58 263  64  11 151 189 344  27 173  29 108  62
   3 245 330 286 240  85  37 170 300 166  17  49   0 200 199 110  52 322
  55 140 149 150 246   4  20 299 289 193 111   9  38 278 154 114 105  90
 225 132  68 314 320  93 295  83  66  96  80 270 155 293 181 184  60 223
 212 303 137   5 169 234 235 256  59  36 332 279 329]
TRAININDEX=[ 75 326 311 218 255  47 215 254 141   1 156 325 174  99 315 264   6 283
 250  81 333 115 247 349 126  98 185 312 172 178 281   2 175 298 205 142
  95 232 336  33 177 244  73 208  74  19  56 118  15 251 161 317 213 138
 327 273 100 164  76 275 321  71  69 104 324 306  16 227 258 196 341  41
  86 195 216  97 259 238 120  50 338 296 198 190 162 211 201 292 346 113
 304  51 228 343 160 302 342  70 347  39 328 253 171 301  46 236 146 144
 285 101  32 179 231 237 136  88 290 176 239 331 209 308 131 188  63 319
  94  72 109 159 207 123  48 128 294  42 261  24  67 243 103 217 147 148
 214 106 165 277 229 265 252 242  14 280  57 125 348 204 339 269  79 219
 135 122 249 107 318 134 334 116  21 187  43 266 276]

# learned parameters for cdtw and gem
# dtw ((error, size, error/size), (window, sqr))
# gem ((error, size, error/size), (St0, St1, E, sym, sqr))
BESTLEARNCONSDTW=((32, 175, 0.18285714285714286), (0.029999999999999999, True))
LISTLEARNCONSDTW=[((32, 175, 0.18285714285714286), (0.029999999999999999, True)), ((34, 175, 0.19428571428571428), (0.050000000000000003, True)), ((36, 175, 0.20571428571428571), (0.059999999999999998, True)), ((37, 175, 0.21142857142857144), (0.040000000000000001, True)), ((39, 175, 0.22285714285714286), (0.02, True)), ((39, 175, 0.22285714285714286), (0.070000000000000007, True)), ((40, 175, 0.22857142857142856), (0.080000000000000002, True)), ((40, 175, 0.22857142857142856), (0.089999999999999997, True)), ((41, 175, 0.23428571428571429), (0.01, True)), ((41, 175, 0.23428571428571429), (0.10000000000000001, True)), ((41, 175, 0.23428571428571429), (0.11, True)), ((42, 175, 0.23999999999999999), (0.12, True)), ((42, 175, 0.23999999999999999), (0.13, True)), ((42, 175, 0.23999999999999999), (0.14000000000000001, True)), ((42, 175, 0.23999999999999999), (0.14999999999999999, True)), ((42, 175, 0.23999999999999999), (0.16, True)), ((42, 175, 0.23999999999999999), (0.17000000000000001, True)), ((42, 175, 0.23999999999999999), (0.17999999999999999, True)), ((42, 175, 0.23999999999999999), (0.19, True)), ((42, 175, 0.23999999999999999), (0.20000000000000001, True)), ((43, 175, 0.24571428571428572), (0.0, True))]

BESTLEARNGEM=((15, 175, 0.085714285714285715), (2, 1, 0.03125, True, True))
LISTLEARNGEM=[((15, 175, 0.085714285714285715), (2, 1, 0.03125, True, True)), ((16, 175, 0.091428571428571428), (2, 2, 0.5, True, True)), ((17, 175, 0.097142857142857142), (2, 1, 0.0625, True, True)), ((17, 175, 0.097142857142857142), (2, 1, 0.125, True, True)), ((18, 175, 0.10285714285714286), (2, 1, 0.5, True, True)), ((19, 175, 0.10857142857142857), (2, 1, 0.25, True, True)), ((21, 175, 0.12), (2, 1, 0.015625, True, True)), ((21, 175, 0.12), (2, 2, 0.25, True, True)), ((22, 175, 0.12571428571428572), (2, 2, 0.0078125, True, True)), ((23, 175, 0.13142857142857142), (2, 2, 0, True, True)), ((23, 175, 0.13142857142857142), (2, 2, 0.00390625, True, True)), ((24, 175, 0.13714285714285715), (2, 1, 0.0078125, True, True)), ((25, 175, 0.14285714285714285), (2, 2, 0.015625, True, True)), ((25, 175, 0.14285714285714285), (2, 2, 0.03125, True, True)), ((26, 175, 0.14857142857142858), (2, 1, 0.00390625, True, True)), ((27, 175, 0.15428571428571428), (2, 2, 0.0625, True, True)), ((29, 175, 0.1657142857142857), (2, 1, 0, True, True)), ((29, 175, 0.1657142857142857), (2, 2, 0.125, True, True)), ((37, 175, 0.21142857142857144), (1, 1, 0.015625, True, True)), ((37, 175, 0.21142857142857144), (1, 2, 0.015625, True, True)), ((38, 175, 0.21714285714285714), (1, 1, 0.5, True, True)), ((38, 175, 0.21714285714285714), (1, 2, 0.5, True, True)), ((39, 175, 0.22285714285714286), (1, 1, 0.00390625, True, True)), ((39, 175, 0.22285714285714286), (1, 1, 0.125, True, True)), ((39, 175, 0.22285714285714286), (1, 2, 0.00390625, True, True)), ((39, 175, 0.22285714285714286), (1, 2, 0.125, True, True)), ((40, 175, 0.22857142857142856), (1, 1, 0.25, True, True)), ((40, 175, 0.22857142857142856), (1, 2, 0.25, True, True)), ((41, 175, 0.23428571428571429), (1, 1, 0.03125, True, True)), ((41, 175, 0.23428571428571429), (1, 2, 0.03125, True, True)), ((42, 175, 0.23999999999999999), (1, 1, 0.0078125, True, True)), ((42, 175, 0.23999999999999999), (1, 2, 0.0078125, True, True)), ((43, 175, 0.24571428571428572), (1, 1, 0, True, True)), ((43, 175, 0.24571428571428572), (1, 2, 0, True, True)), ((44, 175, 0.25142857142857145), (1, 1, 0.0625, True, True)), ((44, 175, 0.25142857142857145), (1, 2, 0.0625, True, True))]


# error rates for different distance measures
# (error, size, error/size) and binary mask
BESTLP=(31, 175, 0.17714285714285713)
LISTLP=[0, 0, 0, 0, 0, 1, 0, 0, 0, 1, 0, 1, 0, 0, 0, 0, 0, 0, 1, 0, 0, 0, 0, 0, 0, 0, 0, 0, 0, 0, 0, 0, 0, 0, 1, 0, 0, 1, 0, 0, 1, 0, 0, 0, 0, 0, 0, 0, 0, 0, 0, 1, 0, 1, 0, 1, 1, 1, 1, 0, 1, 0, 1, 0, 1, 0, 0, 0, 0, 1, 0, 0, 0, 0, 0, 0, 1, 1, 0, 0, 0, 0, 1, 0, 0, 0, 0, 0, 0, 0, 1, 1, 0, 1, 0, 0, 0, 0, 0, 0, 0, 0, 0, 1, 0, 0, 0, 0, 0, 0, 0, 0, 0, 0, 0, 0, 0, 0, 0, 0, 0, 0, 1, 0, 0, 0, 0, 0, 0, 0, 0, 0, 1, 0, 0, 0, 0, 0, 0, 0, 0, 0, 0, 0, 0, 0, 1, 0, 1, 0, 0, 0, 0, 0, 0, 1, 0, 1, 0, 0, 0, 0, 0, 0, 0, 0, 0, 0, 0, 0, 1, 0, 0, 0, 0]

BESTFULLDTW=(47, 175, 0.26857142857142857)
LISTFULLDTW=[1, 0, 0, 0, 0, 0, 0, 0, 0, 1, 0, 0, 0, 0, 1, 0, 0, 0, 0, 1, 0, 0, 0, 0, 0, 1, 0, 0, 1, 0, 0, 1, 0, 0, 0, 1, 0, 1, 1, 0, 1, 0, 0, 0, 0, 0, 0, 1, 0, 0, 0, 0, 0, 0, 1, 1, 1, 1, 1, 0, 1, 0, 1, 0, 0, 0, 0, 0, 1, 0, 0, 0, 1, 0, 0, 1, 1, 1, 0, 0, 0, 0, 1, 0, 0, 0, 0, 0, 0, 0, 1, 0, 1, 1, 0, 1, 0, 0, 1, 0, 0, 1, 0, 1, 0, 0, 1, 0, 0, 0, 1, 0, 0, 1, 0, 0, 1, 0, 0, 0, 0, 0, 1, 0, 1, 0, 0, 0, 0, 0, 0, 0, 0, 0, 0, 0, 0, 0, 0, 0, 0, 0, 0, 0, 1, 0, 1, 0, 1, 0, 1, 0, 0, 0, 0, 0, 1, 1, 1, 0, 0, 0, 0, 1, 1, 0, 0, 0, 0, 0, 0, 0, 0, 0, 0]

BESTCONSDTW=(33, 175, 0.18857142857142858)
LISTCONSDTW=[0, 0, 0, 0, 0, 1, 0, 0, 0, 1, 0, 0, 0, 0, 0, 0, 0, 0, 0, 1, 0, 0, 0, 0, 0, 0, 0, 0, 0, 0, 0, 1, 0, 0, 0, 0, 0, 1, 1, 0, 1, 1, 0, 0, 0, 0, 0, 0, 0, 0, 0, 0, 0, 0, 0, 0, 1, 1, 1, 0, 1, 0, 1, 0, 0, 0, 0, 0, 1, 0, 0, 0, 1, 0, 0, 1, 1, 1, 0, 0, 0, 0, 1, 0, 0, 0, 0, 0, 0, 0, 0, 1, 0, 0, 0, 1, 0, 0, 1, 0, 0, 1, 0, 1, 0, 0, 0, 0, 0, 0, 0, 0, 0, 0, 1, 0, 1, 0, 0, 0, 0, 0, 1, 0, 0, 0, 0, 0, 0, 0, 0, 0, 0, 0, 0, 0, 0, 0, 0, 0, 0, 0, 0, 0, 0, 0, 1, 0, 0, 0, 1, 0, 0, 0, 0, 1, 0, 1, 1, 0, 0, 0, 0, 0, 0, 1, 0, 0, 0, 0, 0, 0, 0, 0, 0]

BESTGEM=(14, 175, 0.080000000000000002)
LISTGEM=[0, 0, 0, 0, 0, 1, 0, 0, 0, 1, 0, 0, 0, 0, 0, 0, 0, 0, 0, 0, 0, 0, 0, 0, 0, 0, 0, 0, 0, 0, 0, 0, 0, 0, 0, 0, 0, 0, 1, 0, 1, 1, 0, 0, 0, 0, 0, 0, 0, 0, 0, 0, 0, 1, 1, 0, 1, 0, 0, 0, 0, 0, 0, 0, 0, 0, 0, 0, 0, 0, 0, 0, 0, 0, 0, 0, 1, 0, 0, 0, 0, 0, 1, 0, 0, 0, 0, 0, 0, 0, 0, 0, 0, 0, 0, 0, 0, 0, 0, 0, 0, 0, 0, 0, 0, 0, 0, 0, 0, 0, 0, 0, 1, 0, 0, 0, 0, 0, 0, 0, 0, 0, 0, 0, 0, 0, 0, 0, 0, 0, 0, 0, 0, 0, 1, 0, 0, 0, 0, 0, 0, 0, 0, 0, 0, 0, 1, 0, 0, 0, 0, 0, 0, 0, 0, 0, 0, 1, 0, 0, 0, 0, 0, 0, 0, 0, 0, 0, 0, 0, 0, 0, 0, 0, 0]

