# shuffled stratified split (indices referring to UCR database)
TESTINDEX=[196  59   2 121 188 109  37 112 103 141 120 156   1  93 157 116  58 143
 125 128  44  29  50 142  96  32 136 172  27 137 178  83  76 195 174  19
  63  95 139 182 155 175  42 162  66  48 179 144 124  24   6  57 187  47
  92 194  31 189  15 193 152 177 104  72  68  94  51  52  53  30  43  74
 113 160 148  55  25 150 171  21  71  13 111  77 180 198 146  69  12 105
 135  98  88  64 106  99 197  60 190  23]
TRAININDEX=[191  35 158 170 115  56  46 138  41 192 183 110 169 100  84  10  79  90
 161  54  45 165  62  22 130  82 151  61 132  33  26  80  36 149  20   9
   3 117 173 199   8 108  81 159   4  40  75  89 118 114 181  14 134  39
  73 107 102 153 184 129 154  91 147 122  97 167 168 163 185 131 140  87
 164 126  38  86 145  34 176 186  65  18 127 101  85  16  28 123 166  78
  11   7 133  49  17 119  67  70   0   5]

# learned parameters for cdtw and gem
# dtw ((error, size, error/size), (window, sqr))
# gem ((error, size, error/size), (St0, St1, E, sym, sqr))
BESTLEARNCONSDTW=((0, 100, 0.0), (0.13, True))
LISTLEARNCONSDTW=[((0, 100, 0.0), (0.050000000000000003, True)), ((0, 100, 0.0), (0.059999999999999998, True)), ((0, 100, 0.0), (0.070000000000000007, True)), ((0, 100, 0.0), (0.080000000000000002, True)), ((0, 100, 0.0), (0.089999999999999997, True)), ((0, 100, 0.0), (0.10000000000000001, True)), ((0, 100, 0.0), (0.11, True)), ((0, 100, 0.0), (0.12, True)), ((0, 100, 0.0), (0.13, True)), ((0, 100, 0.0), (0.14000000000000001, True)), ((0, 100, 0.0), (0.14999999999999999, True)), ((0, 100, 0.0), (0.16, True)), ((0, 100, 0.0), (0.17000000000000001, True)), ((0, 100, 0.0), (0.17999999999999999, True)), ((0, 100, 0.0), (0.19, True)), ((0, 100, 0.0), (0.20000000000000001, True)), ((1, 100, 0.01), (0.029999999999999999, True)), ((1, 100, 0.01), (0.040000000000000001, True)), ((2, 100, 0.02), (0.02, True)), ((5, 100, 0.05), (0.01, True)), ((17, 100, 0.17), (0.0, True))]

BESTLEARNGEM=((0, 100, 0.0), (2, 2, 0.03125, True, True))
LISTLEARNGEM=[((0, 100, 0.0), (2, 2, 0, True, True)), ((0, 100, 0.0), (2, 2, 0.00390625, True, True)), ((0, 100, 0.0), (2, 2, 0.0078125, True, True)), ((0, 100, 0.0), (2, 2, 0.015625, True, True)), ((0, 100, 0.0), (2, 2, 0.03125, True, True)), ((0, 100, 0.0), (2, 2, 0.0625, True, True)), ((0, 100, 0.0), (2, 2, 0.125, True, True)), ((0, 100, 0.0), (2, 2, 0.25, True, True)), ((0, 100, 0.0), (2, 2, 0.5, True, True)), ((2, 100, 0.02), (2, 1, 0.0078125, True, True)), ((2, 100, 0.02), (2, 1, 0.015625, True, True)), ((2, 100, 0.02), (2, 1, 0.03125, True, True)), ((3, 100, 0.03), (2, 1, 0.0625, True, True)), ((4, 100, 0.04), (2, 1, 0.00390625, True, True)), ((5, 100, 0.05), (2, 1, 0, True, True)), ((5, 100, 0.05), (2, 1, 0.125, True, True)), ((8, 100, 0.08), (2, 1, 0.5, True, True)), ((9, 100, 0.09), (2, 1, 0.25, True, True)), ((16, 100, 0.16), (1, 1, 0.03125, True, True)), ((16, 100, 0.16), (1, 2, 0.03125, True, True)), ((17, 100, 0.17), (1, 1, 0.015625, True, True)), ((17, 100, 0.17), (1, 2, 0.015625, True, True)), ((18, 100, 0.18), (1, 1, 0, True, True)), ((18, 100, 0.18), (1, 1, 0.00390625, True, True)), ((18, 100, 0.18), (1, 1, 0.0078125, True, True)), ((18, 100, 0.18), (1, 1, 0.125, True, True)), ((18, 100, 0.18), (1, 2, 0, True, True)), ((18, 100, 0.18), (1, 2, 0.00390625, True, True)), ((18, 100, 0.18), (1, 2, 0.0078125, True, True)), ((18, 100, 0.18), (1, 2, 0.125, True, True)), ((20, 100, 0.2), (1, 1, 0.0625, True, True)), ((20, 100, 0.2), (1, 1, 0.25, True, True)), ((20, 100, 0.2), (1, 2, 0.0625, True, True)), ((20, 100, 0.2), (1, 2, 0.25, True, True)), ((25, 100, 0.25), (1, 1, 0.5, True, True)), ((25, 100, 0.25), (1, 2, 0.5, True, True))]


# error rates for different distance measures
# (error, size, error/size) and binary mask
BESTLP=(21, 100, 0.21)
LISTLP=[0, 1, 1, 0, 0, 0, 1, 0, 0, 0, 0, 0, 0, 0, 0, 0, 0, 0, 0, 0, 0, 0, 0, 1, 0, 0, 0, 0, 0, 0, 0, 0, 0, 0, 1, 1, 0, 0, 0, 0, 0, 0, 0, 0, 0, 1, 0, 0, 0, 0, 0, 0, 0, 0, 0, 1, 0, 0, 0, 1, 0, 0, 0, 1, 0, 1, 1, 0, 1, 0, 0, 0, 0, 1, 0, 1, 0, 0, 0, 0, 0, 0, 0, 0, 1, 0, 0, 0, 1, 0, 1, 1, 0, 0, 0, 0, 0, 1, 0, 1]

BESTFULLDTW=(0, 100, 0.0)
LISTFULLDTW=[0, 0, 0, 0, 0, 0, 0, 0, 0, 0, 0, 0, 0, 0, 0, 0, 0, 0, 0, 0, 0, 0, 0, 0, 0, 0, 0, 0, 0, 0, 0, 0, 0, 0, 0, 0, 0, 0, 0, 0, 0, 0, 0, 0, 0, 0, 0, 0, 0, 0, 0, 0, 0, 0, 0, 0, 0, 0, 0, 0, 0, 0, 0, 0, 0, 0, 0, 0, 0, 0, 0, 0, 0, 0, 0, 0, 0, 0, 0, 0, 0, 0, 0, 0, 0, 0, 0, 0, 0, 0, 0, 0, 0, 0, 0, 0, 0, 0, 0, 0]

BESTCONSDTW=(0, 100, 0.0)
LISTCONSDTW=[0, 0, 0, 0, 0, 0, 0, 0, 0, 0, 0, 0, 0, 0, 0, 0, 0, 0, 0, 0, 0, 0, 0, 0, 0, 0, 0, 0, 0, 0, 0, 0, 0, 0, 0, 0, 0, 0, 0, 0, 0, 0, 0, 0, 0, 0, 0, 0, 0, 0, 0, 0, 0, 0, 0, 0, 0, 0, 0, 0, 0, 0, 0, 0, 0, 0, 0, 0, 0, 0, 0, 0, 0, 0, 0, 0, 0, 0, 0, 0, 0, 0, 0, 0, 0, 0, 0, 0, 0, 0, 0, 0, 0, 0, 0, 0, 0, 0, 0, 0]

BESTGEM=(0, 100, 0.0)
LISTGEM=[0, 0, 0, 0, 0, 0, 0, 0, 0, 0, 0, 0, 0, 0, 0, 0, 0, 0, 0, 0, 0, 0, 0, 0, 0, 0, 0, 0, 0, 0, 0, 0, 0, 0, 0, 0, 0, 0, 0, 0, 0, 0, 0, 0, 0, 0, 0, 0, 0, 0, 0, 0, 0, 0, 0, 0, 0, 0, 0, 0, 0, 0, 0, 0, 0, 0, 0, 0, 0, 0, 0, 0, 0, 0, 0, 0, 0, 0, 0, 0, 0, 0, 0, 0, 0, 0, 0, 0, 0, 0, 0, 0, 0, 0, 0, 0, 0, 0, 0, 0]

