# shuffled stratified split (indices referring to UCR database)
TESTINDEX=[222  67 319 162   0 293 333 239 344 111 275   4  19  17  81  66 226   6
 151 104 325 278 136 163 347 166 263 168  69 208  26 172  58 231 221 327
 329 217  11 149 308 261 220 209 211 273 270  83 341 117  30 330 337 164
 123  73 322  91 255 100  16 336 201 146  89  99  74 300 224   9  95  28
 128 165 302 276  64 264 183 274 298 131  63 185 280   2 169  33  12 234
 228  62  34 316 101 311 307 152 135  37 170 269  56  24  31 114 317 140
 281  57 108 126 192 346 256 120   1 282 212 312  47 238 203   8 190 309
  88  55 290 119 215 320 196 230 130 206 145  41 340 225  82 110 289 314
 157  35 304 191  60 177 284 287 260 258  94 232  96 246 198 235  39  13
  51 305 161  14 106 286 318 285 292  53 266 259  65]
TRAININDEX=[ 42 109 142  48  46 193 213 182 187 301 102  77 207 179 154 122 219 127
 143 236 306 178  97 121 342 253 223 171 229 296  54 144  15 160 132  87
 283 294  61 244  68 107  85 202 334 265 125  93  90 155 271 288 176 175
  72  18 214 200 139 279 295 218 159  40 210 174 254 153  36 124 173 326
 199  23 184 118  70 115 134  84 205 197 180 248 315 345 188   7 252 156
 138  22 137 267  49 349 237 204 310 194 113 297 324 189 150 299 242 272
  59 158  43 243 313  10 247 103 227 240 277 245 328 167 181  29 112  50
  79  92 233 250 338 129 116  86 323 331 105 303 339 195 257  38 249  25
 268 148  78 332 216   5 133 186 262  44  71  80  75  52 335  21 348   3
  32  45  76 321  27 251 343 241 141 291  98  20 147]

# learned parameters for cdtw and gem
# dtw ((error, size, error/size), (window, sqr))
# gem ((error, size, error/size), (St0, St1, E, sym, sqr))
BESTLEARNCONSDTW=((29, 175, 0.1657142857142857), (0.01, True))
LISTLEARNCONSDTW=[((29, 175, 0.1657142857142857), (0.01, True)), ((31, 175, 0.17714285714285713), (0.0, True)), ((35, 175, 0.20000000000000001), (0.02, True)), ((38, 175, 0.21714285714285714), (0.040000000000000001, True)), ((40, 175, 0.22857142857142856), (0.029999999999999999, True)), ((42, 175, 0.23999999999999999), (0.050000000000000003, True)), ((44, 175, 0.25142857142857145), (0.059999999999999998, True)), ((44, 175, 0.25142857142857145), (0.070000000000000007, True)), ((44, 175, 0.25142857142857145), (0.080000000000000002, True)), ((46, 175, 0.26285714285714284), (0.089999999999999997, True)), ((46, 175, 0.26285714285714284), (0.10000000000000001, True)), ((46, 175, 0.26285714285714284), (0.11, True)), ((46, 175, 0.26285714285714284), (0.12, True)), ((46, 175, 0.26285714285714284), (0.13, True)), ((46, 175, 0.26285714285714284), (0.14000000000000001, True)), ((46, 175, 0.26285714285714284), (0.14999999999999999, True)), ((46, 175, 0.26285714285714284), (0.16, True)), ((46, 175, 0.26285714285714284), (0.17000000000000001, True)), ((46, 175, 0.26285714285714284), (0.17999999999999999, True)), ((46, 175, 0.26285714285714284), (0.19, True)), ((46, 175, 0.26285714285714284), (0.20000000000000001, True))]

BESTLEARNGEM=((11, 175, 0.062857142857142861), (2, 1, 0.0625, True, True))
LISTLEARNGEM=[((11, 175, 0.062857142857142861), (2, 1, 0.03125, True, True)), ((11, 175, 0.062857142857142861), (2, 1, 0.0625, True, True)), ((15, 175, 0.085714285714285715), (2, 1, 0.015625, True, True)), ((15, 175, 0.085714285714285715), (2, 2, 0.5, True, True)), ((16, 175, 0.091428571428571428), (2, 1, 0.125, True, True)), ((18, 175, 0.10285714285714286), (2, 1, 0.0078125, True, True)), ((19, 175, 0.10857142857142857), (2, 1, 0.25, True, True)), ((20, 175, 0.11428571428571428), (2, 1, 0.00390625, True, True)), ((21, 175, 0.12), (2, 2, 0.25, True, True)), ((22, 175, 0.12571428571428572), (2, 1, 0.5, True, True)), ((22, 175, 0.12571428571428572), (2, 2, 0.0078125, True, True)), ((23, 175, 0.13142857142857142), (2, 2, 0.125, True, True)), ((24, 175, 0.13714285714285715), (1, 1, 0.0625, True, True)), ((24, 175, 0.13714285714285715), (1, 1, 0.125, True, True)), ((24, 175, 0.13714285714285715), (1, 2, 0.0625, True, True)), ((24, 175, 0.13714285714285715), (1, 2, 0.125, True, True)), ((24, 175, 0.13714285714285715), (2, 2, 0.00390625, True, True)), ((25, 175, 0.14285714285714285), (1, 1, 0.03125, True, True)), ((25, 175, 0.14285714285714285), (1, 1, 0.5, True, True)), ((25, 175, 0.14285714285714285), (1, 2, 0.03125, True, True)), ((25, 175, 0.14285714285714285), (1, 2, 0.5, True, True)), ((25, 175, 0.14285714285714285), (2, 2, 0.015625, True, True)), ((26, 175, 0.14857142857142858), (1, 1, 0.00390625, True, True)), ((26, 175, 0.14857142857142858), (1, 1, 0.015625, True, True)), ((26, 175, 0.14857142857142858), (1, 1, 0.25, True, True)), ((26, 175, 0.14857142857142858), (1, 2, 0.00390625, True, True)), ((26, 175, 0.14857142857142858), (1, 2, 0.015625, True, True)), ((26, 175, 0.14857142857142858), (1, 2, 0.25, True, True)), ((26, 175, 0.14857142857142858), (2, 1, 0, True, True)), ((26, 175, 0.14857142857142858), (2, 2, 0, True, True)), ((26, 175, 0.14857142857142858), (2, 2, 0.03125, True, True)), ((27, 175, 0.15428571428571428), (1, 1, 0.0078125, True, True)), ((27, 175, 0.15428571428571428), (1, 2, 0.0078125, True, True)), ((29, 175, 0.1657142857142857), (2, 2, 0.0625, True, True)), ((30, 175, 0.17142857142857143), (1, 1, 0, True, True)), ((30, 175, 0.17142857142857143), (1, 2, 0, True, True))]


# error rates for different distance measures
# (error, size, error/size) and binary mask
BESTLP=(37, 175, 0.21142857142857144)
LISTLP=[0, 0, 0, 0, 0, 1, 0, 0, 0, 0, 0, 0, 0, 0, 0, 1, 1, 0, 0, 1, 0, 0, 0, 0, 0, 0, 1, 0, 0, 0, 0, 0, 0, 0, 1, 0, 0, 0, 0, 0, 0, 0, 1, 1, 0, 1, 1, 0, 0, 1, 0, 0, 0, 1, 0, 1, 0, 1, 1, 0, 1, 0, 0, 0, 0, 1, 0, 0, 0, 0, 0, 0, 1, 0, 1, 0, 0, 0, 0, 0, 0, 1, 0, 1, 1, 0, 0, 0, 0, 0, 0, 0, 1, 0, 0, 0, 0, 0, 0, 0, 0, 0, 0, 0, 1, 0, 1, 0, 0, 0, 0, 0, 1, 0, 0, 0, 0, 0, 0, 0, 1, 0, 0, 1, 0, 0, 0, 0, 0, 0, 0, 0, 0, 1, 0, 0, 0, 1, 0, 0, 0, 0, 0, 0, 0, 0, 0, 1, 0, 0, 0, 0, 0, 0, 1, 0, 0, 0, 0, 0, 0, 0, 1, 0, 1, 0, 0, 0, 1, 0, 1, 0, 1, 0, 0]

BESTFULLDTW=(52, 175, 0.29714285714285715)
LISTFULLDTW=[0, 0, 0, 0, 0, 1, 0, 0, 1, 0, 0, 0, 0, 0, 0, 1, 0, 0, 0, 1, 0, 0, 0, 0, 0, 0, 0, 1, 1, 0, 0, 0, 0, 1, 0, 0, 0, 0, 0, 0, 0, 0, 1, 0, 0, 0, 0, 0, 0, 0, 1, 1, 0, 0, 1, 1, 0, 0, 0, 0, 0, 1, 0, 0, 0, 0, 1, 1, 0, 0, 0, 0, 1, 0, 1, 0, 0, 0, 0, 0, 1, 1, 0, 1, 1, 1, 0, 0, 0, 0, 0, 0, 0, 0, 0, 0, 1, 0, 0, 0, 0, 0, 0, 0, 1, 0, 1, 0, 0, 1, 0, 0, 0, 1, 0, 1, 1, 0, 0, 0, 1, 0, 0, 1, 0, 0, 1, 0, 0, 1, 0, 1, 0, 1, 1, 0, 0, 1, 1, 1, 1, 0, 0, 0, 0, 0, 0, 1, 0, 0, 1, 0, 1, 1, 1, 0, 0, 0, 1, 0, 1, 0, 1, 0, 1, 0, 0, 0, 1, 0, 0, 1, 1, 0, 0]

BESTCONSDTW=(34, 175, 0.19428571428571428)
LISTCONSDTW=[0, 0, 0, 0, 0, 1, 0, 0, 0, 0, 0, 1, 0, 0, 0, 1, 1, 0, 0, 0, 0, 0, 0, 0, 0, 0, 1, 1, 0, 0, 0, 0, 0, 0, 0, 0, 0, 1, 0, 0, 0, 0, 1, 1, 0, 0, 1, 0, 0, 0, 0, 0, 0, 0, 0, 1, 0, 0, 0, 0, 1, 0, 0, 0, 0, 0, 0, 0, 0, 0, 1, 0, 1, 0, 1, 0, 0, 0, 0, 0, 0, 1, 0, 1, 1, 0, 0, 0, 0, 0, 0, 0, 1, 0, 0, 0, 0, 0, 0, 0, 0, 0, 0, 0, 0, 0, 1, 0, 0, 0, 0, 0, 1, 0, 0, 0, 0, 0, 0, 0, 1, 0, 0, 1, 0, 0, 0, 0, 0, 0, 0, 0, 0, 1, 0, 0, 0, 1, 0, 0, 0, 0, 0, 0, 0, 0, 0, 1, 0, 0, 1, 0, 1, 0, 1, 0, 0, 0, 0, 0, 0, 0, 1, 0, 1, 1, 0, 0, 1, 0, 1, 0, 0, 0, 0]

BESTGEM=(17, 175, 0.097142857142857142)
LISTGEM=[0, 0, 0, 0, 0, 0, 0, 0, 0, 0, 0, 0, 0, 0, 0, 1, 1, 0, 0, 0, 0, 0, 0, 0, 0, 0, 0, 0, 0, 0, 0, 0, 0, 0, 0, 0, 0, 0, 0, 0, 0, 0, 1, 0, 0, 0, 0, 0, 0, 0, 0, 0, 0, 0, 0, 0, 0, 0, 0, 0, 0, 0, 0, 0, 0, 0, 0, 0, 0, 0, 1, 0, 1, 0, 1, 0, 0, 0, 0, 0, 0, 1, 0, 1, 0, 0, 0, 0, 0, 0, 0, 0, 0, 0, 0, 0, 0, 0, 0, 0, 0, 0, 0, 0, 0, 0, 1, 0, 0, 0, 0, 0, 0, 0, 0, 0, 0, 0, 0, 0, 1, 0, 0, 1, 0, 0, 0, 0, 0, 0, 0, 0, 0, 1, 0, 0, 0, 1, 0, 0, 0, 0, 1, 0, 0, 0, 0, 0, 0, 0, 0, 0, 0, 0, 0, 0, 0, 0, 0, 0, 1, 0, 0, 0, 0, 0, 0, 0, 1, 0, 0, 0, 1, 0, 0]

