# shuffled stratified split (indices referring to UCR database)
TESTINDEX=[ 998  187  679  969  518  644  612  775  556  289 1077  209  407  632 1007
  647  813  816 1070  943  682  278  552  968  614  131  433  107  983  281
  905  958  549  553  711  440  928  305  710  251  950  342  114  375 1023
  266  232  352 1078  329  525   58  146  834  341 1082  911  619  886  716
  214  590  414  830  122  831  171  583  166  543   19  211  452  455  967
   32  694  980 1072  841  585  946  704  436  124  454  551  237 1066  378
 1029  260   17 1046  239  406  798  387  421 1096  485 1079  850  508   57
  293   70  473  100  672  123   97  884 1035   91  218  732  155  540  737
  140  572 1054  223  972  344  743  756  456  564  628   85  906  936  419
  272   64  172 1073  252  994  751  937  774  802  662   14  931  803  143
  478  185  158  745  258   92   80  725  303  753  843  413  276  680  573
 1123   43 1050  212  569  184   76  271 1091 1003  339 1060  611  759  927
  934  847  404  240  353   94  346  542  649  717  412    5  613  483  193
  581  865  876  993  548   42  985  773  396  423  259  401 1090   68  678
 1104  424  306  814 1017  105  327  853  620  912  804 1071  386  824  106
  840  605  268  152  379  738  988  885 1008 1036  207  944 1115  925  805
  177  650   48  460  189  154 1043  852  818  778  247  970    7  808  280
  880 1062   61   51  250  910  180  457  461   50  220 1038  698   26  137
  283  578  735  641  597  531  263  334  728   41  405  354  995  754  744
  797  165  333  356  563 1053  769  474  580  420 1068  133  863  575  626
  159  490 1101  862  125 1106  512  167  724  683  147   52  956  566  256
  899  205  470  777  450  881 1015 1110  568  348  438  577  484   47  807
 1034  978  604  300 1018  602  558  676 1000  908  932   25  244  742   36
  965  115  390   90  493  896  825 1021  836  829  287  186  603 1033  392
  949 1113  713  866   56  855  761  999  721  990  707  179 1074  719  765
  313  129  715  489  787  622  182  351  487  243 1067  428  443  442  796
  409  358  793  136  973  809  201  254  161  304  856  984   93  702  673
   84  116  319  584  991  875  463  234  901  963  857  890 1009  288  748
 1065  529  722  130  451  700    9  219  923  938   27  562 1002  350  296
 1100  982  388  889  210  312  900  640  429  213  383  157  101  374 1112
  469  582    3  432 1052  359   31  846   75   55  873  860  987  279  134
  362  652  665  915  768  677  763  666  376  299  216  501  384  491  746
  930  599  598  314  845  723  275 1063  703  174  844  257  924   34  757
  343   79  382 1098 1020  298  199  708  315  629  534  810  226  618  144
  302  888  854  593  838  848  331  338  494  689  579    4  571  475  635
   78  625  914  335  373  734    0  869 1042  394  389  546   20  506  642
  740  897 1032 1080  992  291   59 1089  325  328  979  141  630  264  559
  467  514  109  935  545  887 1109 1055  500  215  416   81  297  496   86
 1088  162  627   29  371  284 1095  307  426  360   18  883  255  503  135
  955  879  120  504  340  104  859  459  770  960  411  370  486  648  415
  792  609  127  739  321  150 1120   35 1027  449  685   62  176  780  102
  363   38  705  364  203  391  368   24   30  395  431  964  764  181  706]
TRAININDEX=[ 479   73  872  377  202  225  821  235  332  282 1117  784  895  248  111
  686 1086  441  238  541  311  785  492  274  169  393 1001  587  823  633
  898  170  828  634  466  986  537  701  195  870  523  507  524  758   53
   44  667  198  917  576  839 1076  301  762  163  515  349  729   89  323
  690   37  623  654   28  561  330  653  589  954 1012 1058   98  517  190
  610  194  670  355  945  224  913  230  292  145  430 1040  400  940  909
  398  671  108  596  643  782  691 1111  435   45   74 1092   33  337  528
  317  771  236  750  657 1051  497  959  588  600  891  747  366  526  290
  103  730  326  516  175  192  861 1026 1108 1084  692  310  903  445 1010
   39  776  385  477 1085  616 1022  933  788  801  471  752  269  586  439
   67  655   49  947  178  918  957 1122  833 1048  151  148   23  495  789
  229  532  922  767   22  267   95  795  712  929  557  295  318  499  714
  560  418  153  204  675 1102  196  567  820  997  766  397  270  427  874
  926  446  403  521  617  948   99  811  138 1059  681  249  309  369  118
   13  372  772  624  783   96  468  262  718  498  842   60  800  336 1056
 1069  996  544 1031 1025  817  871   65  696 1083  480  916  527  126 1006
  164 1094  277  261  246   69  902  286  285  347  727 1016  231  173  864
 1039  530    8   40  513  476  755  659  975  779  867  651 1064  408  112
   10 1047   12  464  664  444  402  465 1093 1028  399  538  709  208  233
  128  482 1124    6  481  117  832  222  322  941  555  953  308  121  942
  790 1045 1087  511  228 1103   46  851  595  668  509  253  858  674  502
 1014  324  660  806  437 1097  974   16  550 1049   71  621  505  519  316
  826  781  183  952  488  687 1041  472  410  919  981  760 1119 1075  241
  606  822  110  361 1024  699  882 1004  273  656  631 1057  536  636 1011
   54    1  794  554  453  547  976  661  188   88  357  720  892  749  645
 1061  639  206  197 1099  160  868   66  684  245  638 1114  812  381  574
  522 1107  242  447  904  966  878  520  533  608   15   82  132  837  726
  835  149  819 1044   63 1105  156   11  448  539 1019  658  217  168  594
  741  462  962 1116  142   87  510  265  893  565  921  736  570  200  535
 1118  697  417  380  139  601 1030  227  365  977  951  458  815  688  695
  849   77  669   72  733  191 1081  907  827  693  320  920  434  971  877
   21  119 1013   83  592  646  989    2  731  113  786  367  799  894  637
  345  221  615 1121  663  791  422  607  425  939 1005 1037  591  961  294]

# learned parameters for cdtw and gem
# dtw ((error, size, error/size), (window, sqr))
# gem ((error, size, error/size), (St0, St1, E, sym, sqr))
BESTLEARNCONSDTW=((77, 495, 0.15555555555555556), (0.050000000000000003, True))
LISTLEARNCONSDTW=[((77, 495, 0.15555555555555556), (0.050000000000000003, True)), ((78, 495, 0.15757575757575756), (0.02, True)), ((81, 495, 0.16363636363636364), (0.029999999999999999, True)), ((81, 495, 0.16363636363636364), (0.040000000000000001, True)), ((83, 495, 0.16767676767676767), (0.059999999999999998, True)), ((86, 495, 0.17373737373737375), (0.01, True)), ((86, 495, 0.17373737373737375), (0.070000000000000007, True)), ((89, 495, 0.17979797979797979), (0.080000000000000002, True)), ((90, 495, 0.18181818181818182), (0.11, True)), ((92, 495, 0.18585858585858586), (0.089999999999999997, True)), ((92, 495, 0.18585858585858586), (0.10000000000000001, True)), ((92, 495, 0.18585858585858586), (0.12, True)), ((92, 495, 0.18585858585858586), (0.14000000000000001, True)), ((92, 495, 0.18585858585858586), (0.14999999999999999, True)), ((92, 495, 0.18585858585858586), (0.16, True)), ((93, 495, 0.18787878787878787), (0.13, True)), ((93, 495, 0.18787878787878787), (0.17000000000000001, True)), ((95, 495, 0.19191919191919191), (0.17999999999999999, True)), ((96, 495, 0.19393939393939394), (0.19, True)), ((97, 495, 0.19595959595959597), (0.20000000000000001, True)), ((109, 495, 0.2202020202020202), (0.0, True))]

BESTLEARNGEM=((56, 495, 0.11313131313131314), (2, 1, 0.25, True, True))
LISTLEARNGEM=[((56, 495, 0.11313131313131314), (2, 1, 0.25, True, True)), ((61, 495, 0.12323232323232323), (2, 1, 0.5, True, True)), ((64, 495, 0.12929292929292929), (2, 1, 0.125, True, True)), ((76, 495, 0.15353535353535352), (2, 1, 0.0625, True, True)), ((86, 495, 0.17373737373737375), (2, 1, 0.03125, True, True)), ((93, 495, 0.18787878787878787), (1, 1, 0.015625, True, True)), ((93, 495, 0.18787878787878787), (1, 2, 0.015625, True, True)), ((97, 495, 0.19595959595959597), (1, 1, 0.03125, True, True)), ((97, 495, 0.19595959595959597), (1, 2, 0.03125, True, True)), ((97, 495, 0.19595959595959597), (2, 1, 0.0078125, True, True)), ((97, 495, 0.19595959595959597), (2, 1, 0.015625, True, True)), ((100, 495, 0.20202020202020202), (1, 1, 0.0078125, True, True)), ((100, 495, 0.20202020202020202), (1, 1, 0.125, True, True)), ((100, 495, 0.20202020202020202), (1, 2, 0.0078125, True, True)), ((100, 495, 0.20202020202020202), (1, 2, 0.125, True, True)), ((101, 495, 0.20404040404040405), (1, 1, 0.0625, True, True)), ((101, 495, 0.20404040404040405), (1, 2, 0.0625, True, True)), ((101, 495, 0.20404040404040405), (2, 1, 0.00390625, True, True)), ((104, 495, 0.21010101010101009), (1, 1, 0.00390625, True, True)), ((104, 495, 0.21010101010101009), (1, 2, 0.00390625, True, True)), ((109, 495, 0.2202020202020202), (1, 1, 0.25, True, True)), ((109, 495, 0.2202020202020202), (1, 2, 0.25, True, True)), ((109, 495, 0.2202020202020202), (2, 1, 0, True, True)), ((111, 495, 0.22424242424242424), (1, 1, 0, True, True)), ((111, 495, 0.22424242424242424), (1, 2, 0, True, True)), ((130, 495, 0.26262626262626265), (2, 2, 0.5, True, True)), ((139, 495, 0.28080808080808078), (1, 1, 0.5, True, True)), ((139, 495, 0.28080808080808078), (1, 2, 0.5, True, True)), ((149, 495, 0.30101010101010101), (2, 2, 0.25, True, True)), ((159, 495, 0.32121212121212123), (2, 2, 0.125, True, True)), ((160, 495, 0.32323232323232326), (2, 2, 0.0625, True, True)), ((167, 495, 0.33737373737373738), (2, 2, 0.03125, True, True)), ((174, 495, 0.3515151515151515), (2, 2, 0.015625, True, True)), ((177, 495, 0.3575757575757576), (2, 2, 0.00390625, True, True)), ((177, 495, 0.3575757575757576), (2, 2, 0.0078125, True, True)), ((180, 495, 0.36363636363636365), (2, 2, 0, True, True))]


# error rates for different distance measures
# (error, size, error/size) and binary mask
BESTLP=(149, 630, 0.2365079365079365)
LISTLP=[1, 0, 1, 0, 0, 0, 0, 1, 0, 0, 1, 0, 0, 0, 0, 0, 0, 0, 0, 0, 0, 0, 0, 0, 1, 0, 1, 0, 0, 0, 0, 0, 0, 0, 0, 0, 0, 0, 0, 1, 1, 0, 0, 1, 0, 0, 0, 0, 0, 0, 1, 1, 0, 0, 0, 0, 0, 0, 0, 0, 1, 0, 0, 0, 1, 0, 0, 0, 0, 0, 0, 1, 1, 0, 0, 0, 0, 0, 0, 1, 0, 0, 0, 1, 0, 0, 0, 1, 0, 0, 0, 0, 0, 1, 0, 0, 0, 1, 0, 0, 1, 1, 0, 0, 1, 1, 0, 0, 0, 0, 0, 0, 1, 0, 0, 0, 0, 0, 0, 0, 0, 0, 1, 1, 0, 0, 1, 0, 0, 1, 0, 1, 0, 1, 0, 0, 0, 0, 0, 0, 0, 0, 0, 0, 0, 1, 0, 0, 0, 0, 0, 0, 1, 0, 0, 0, 0, 0, 1, 1, 0, 0, 1, 0, 0, 1, 0, 0, 1, 0, 0, 1, 0, 0, 1, 0, 0, 1, 0, 0, 0, 1, 1, 0, 0, 0, 0, 0, 0, 1, 0, 1, 0, 1, 1, 0, 0, 0, 0, 1, 0, 0, 0, 0, 1, 1, 0, 0, 0, 0, 0, 0, 1, 0, 0, 0, 1, 1, 0, 1, 1, 0, 1, 0, 0, 0, 0, 0, 1, 1, 0, 0, 1, 0, 0, 0, 0, 1, 1, 0, 0, 0, 0, 0, 0, 0, 0, 0, 1, 0, 0, 0, 0, 0, 0, 0, 0, 0, 0, 0, 0, 1, 0, 0, 0, 0, 1, 0, 0, 0, 0, 0, 1, 0, 0, 0, 0, 1, 1, 1, 0, 0, 0, 1, 1, 1, 1, 1, 0, 0, 0, 1, 0, 0, 0, 0, 0, 0, 0, 0, 0, 0, 1, 0, 0, 0, 0, 1, 1, 1, 0, 0, 0, 0, 0, 0, 0, 0, 1, 0, 0, 0, 0, 0, 1, 0, 1, 1, 0, 0, 1, 1, 0, 0, 0, 1, 0, 1, 1, 0, 0, 0, 0, 0, 1, 0, 1, 0, 1, 1, 0, 1, 0, 0, 0, 1, 0, 0, 1, 0, 1, 0, 0, 0, 0, 0, 0, 0, 0, 0, 0, 0, 1, 0, 0, 0, 0, 1, 1, 0, 0, 0, 0, 0, 0, 1, 0, 0, 0, 0, 0, 0, 0, 1, 1, 0, 1, 0, 0, 0, 0, 0, 0, 0, 0, 0, 0, 0, 1, 1, 0, 1, 1, 0, 0, 1, 0, 0, 0, 0, 0, 1, 0, 0, 0, 0, 0, 0, 0, 1, 0, 0, 1, 0, 0, 0, 0, 0, 0, 0, 1, 1, 1, 0, 0, 0, 0, 0, 0, 0, 0, 0, 0, 0, 0, 0, 1, 1, 1, 0, 0, 0, 1, 0, 0, 1, 0, 1, 1, 0, 0, 0, 1, 0, 0, 0, 1, 0, 0, 0, 0, 0, 0, 0, 0, 0, 0, 1, 0, 0, 0, 0, 1, 0, 0, 1, 0, 0, 0, 1, 0, 0, 0, 0, 0, 0, 0, 0, 0, 1, 0, 0, 0, 0, 0, 0, 0, 0, 0, 0, 0, 0, 0, 1, 0, 0, 0, 1, 0, 1, 0, 0, 1, 0, 0, 0, 0, 0, 0, 0, 1, 0, 0, 0, 1, 0, 0, 0, 0, 0, 0, 1, 0, 0, 0, 0, 1, 0, 0, 1, 0, 0, 1, 0, 0, 0, 0, 0, 1, 0, 1, 0, 0, 0, 0, 0, 0, 0, 0, 0, 1, 0, 0, 1, 1, 0, 0, 0, 0, 0, 1, 0, 0, 0, 1, 0, 0, 0, 0, 0, 0, 0, 1, 0, 0, 0, 0, 0, 0, 0, 0, 0, 0, 0, 0, 0, 0, 1, 0, 0, 0, 0, 0, 1, 1, 0, 0, 1, 0, 0]

BESTFULLDTW=(143, 630, 0.22698412698412698)
LISTFULLDTW=[1, 0, 1, 1, 0, 1, 1, 0, 0, 1, 0, 0, 1, 0, 0, 0, 1, 0, 0, 0, 0, 0, 0, 1, 1, 1, 1, 0, 0, 0, 0, 0, 0, 0, 0, 0, 0, 1, 0, 0, 1, 0, 1, 0, 0, 0, 0, 0, 0, 0, 0, 0, 0, 1, 0, 0, 0, 0, 0, 0, 1, 1, 0, 0, 0, 0, 0, 0, 0, 1, 0, 0, 0, 0, 0, 0, 0, 1, 1, 0, 1, 0, 0, 0, 0, 0, 0, 0, 0, 0, 0, 0, 1, 0, 1, 0, 0, 0, 0, 0, 0, 0, 0, 0, 0, 1, 0, 0, 0, 0, 0, 0, 0, 1, 0, 1, 0, 1, 0, 1, 0, 1, 0, 0, 0, 1, 0, 0, 1, 0, 1, 0, 0, 0, 0, 0, 0, 0, 0, 0, 0, 0, 0, 0, 0, 1, 0, 0, 1, 0, 0, 1, 0, 0, 0, 0, 0, 0, 0, 1, 0, 0, 1, 0, 0, 1, 0, 0, 1, 0, 1, 0, 0, 0, 0, 1, 0, 0, 0, 0, 0, 0, 0, 0, 0, 0, 0, 1, 0, 1, 0, 1, 0, 0, 0, 0, 1, 0, 0, 1, 0, 0, 0, 0, 0, 0, 0, 0, 0, 0, 0, 0, 1, 0, 0, 0, 0, 1, 1, 1, 1, 0, 1, 0, 0, 0, 0, 0, 1, 1, 0, 1, 1, 0, 0, 1, 0, 0, 1, 0, 0, 0, 0, 1, 0, 0, 0, 0, 1, 0, 0, 1, 0, 0, 1, 0, 0, 0, 0, 0, 1, 0, 1, 0, 0, 1, 0, 0, 0, 1, 0, 0, 1, 0, 0, 0, 0, 0, 0, 0, 1, 0, 0, 1, 1, 1, 0, 0, 0, 1, 1, 1, 0, 0, 0, 0, 0, 0, 0, 0, 0, 1, 1, 0, 0, 0, 1, 0, 1, 0, 0, 1, 0, 0, 0, 0, 1, 0, 1, 0, 0, 0, 0, 0, 0, 0, 0, 0, 1, 0, 0, 1, 0, 0, 0, 0, 0, 1, 0, 0, 0, 0, 0, 0, 1, 0, 1, 0, 0, 0, 0, 0, 0, 0, 0, 1, 1, 0, 0, 0, 1, 0, 1, 0, 0, 0, 0, 0, 0, 0, 0, 0, 0, 1, 0, 0, 0, 1, 0, 0, 0, 1, 0, 0, 0, 1, 0, 0, 0, 0, 0, 0, 0, 1, 0, 0, 0, 0, 0, 1, 0, 0, 0, 1, 0, 0, 0, 0, 0, 1, 0, 0, 0, 1, 0, 0, 0, 0, 1, 0, 0, 1, 0, 0, 0, 0, 0, 0, 0, 0, 0, 0, 1, 0, 0, 1, 0, 1, 0, 0, 0, 0, 0, 0, 0, 0, 1, 0, 0, 0, 0, 0, 0, 0, 0, 0, 0, 0, 1, 1, 0, 0, 0, 0, 0, 0, 0, 1, 1, 0, 0, 0, 0, 0, 0, 0, 0, 1, 0, 0, 0, 0, 0, 0, 1, 0, 0, 1, 1, 0, 0, 0, 0, 1, 0, 1, 0, 1, 0, 1, 1, 0, 0, 0, 0, 0, 0, 0, 0, 0, 0, 1, 1, 1, 0, 0, 0, 1, 0, 0, 0, 0, 0, 0, 1, 0, 0, 0, 0, 0, 0, 0, 1, 0, 0, 1, 0, 0, 0, 0, 0, 0, 0, 1, 1, 0, 0, 0, 0, 0, 0, 0, 0, 0, 1, 0, 1, 0, 0, 0, 0, 0, 0, 0, 0, 0, 0, 0, 0, 1, 1, 1, 0, 1, 0, 0, 0, 0, 0, 0, 0, 0, 0, 0, 0, 1, 0, 0, 0, 0, 1, 0, 0, 0, 0, 1, 0, 0, 0, 0, 0, 1, 1, 0, 0, 0, 1, 0, 0, 0, 0, 0, 0, 0, 0, 0, 0, 0, 0, 1, 0, 0, 0, 0, 0, 0, 1, 1, 0, 0]

BESTCONSDTW=(124, 630, 0.19682539682539682)
LISTCONSDTW=[0, 0, 1, 0, 0, 1, 1, 0, 0, 0, 0, 0, 0, 1, 0, 0, 1, 0, 0, 0, 0, 0, 0, 1, 1, 0, 1, 0, 0, 0, 0, 0, 0, 0, 0, 0, 0, 1, 0, 0, 0, 0, 1, 0, 0, 0, 0, 0, 0, 0, 0, 0, 0, 1, 0, 0, 0, 0, 0, 0, 1, 1, 0, 0, 0, 0, 0, 0, 0, 1, 0, 0, 0, 0, 0, 0, 0, 0, 1, 0, 1, 0, 0, 0, 0, 0, 0, 0, 0, 0, 0, 0, 0, 0, 1, 0, 0, 0, 0, 0, 0, 0, 0, 0, 0, 1, 1, 0, 0, 0, 0, 0, 0, 1, 0, 0, 0, 1, 0, 1, 0, 1, 1, 0, 0, 1, 0, 0, 1, 0, 1, 0, 0, 0, 0, 0, 0, 0, 0, 0, 0, 0, 0, 1, 0, 1, 0, 0, 1, 0, 0, 1, 0, 0, 0, 0, 0, 0, 0, 1, 0, 0, 1, 0, 0, 1, 0, 0, 1, 0, 0, 0, 0, 0, 0, 1, 0, 0, 0, 0, 0, 0, 0, 1, 0, 0, 0, 1, 0, 1, 0, 0, 0, 0, 1, 0, 0, 0, 0, 1, 0, 0, 0, 0, 0, 0, 0, 0, 0, 0, 0, 0, 1, 0, 0, 0, 0, 1, 1, 1, 1, 0, 1, 0, 0, 0, 0, 0, 0, 0, 0, 1, 1, 0, 0, 1, 0, 1, 1, 0, 0, 0, 0, 0, 0, 0, 0, 0, 1, 0, 0, 1, 0, 0, 0, 0, 0, 0, 0, 0, 0, 0, 1, 0, 0, 1, 0, 0, 0, 1, 0, 0, 1, 0, 0, 0, 0, 0, 0, 0, 1, 0, 0, 0, 1, 1, 0, 0, 0, 0, 1, 1, 0, 0, 0, 0, 0, 0, 0, 0, 0, 1, 1, 0, 0, 0, 1, 0, 0, 0, 0, 1, 0, 0, 0, 0, 1, 0, 1, 0, 0, 0, 0, 0, 0, 0, 0, 0, 1, 0, 0, 1, 0, 0, 0, 0, 0, 1, 0, 0, 0, 0, 0, 0, 1, 0, 1, 0, 0, 0, 0, 0, 0, 0, 0, 1, 1, 0, 0, 0, 1, 1, 1, 0, 0, 0, 0, 0, 0, 0, 0, 0, 0, 1, 0, 0, 0, 1, 0, 1, 0, 1, 0, 0, 0, 1, 0, 0, 0, 0, 0, 0, 0, 1, 0, 0, 0, 0, 0, 1, 0, 0, 0, 1, 0, 0, 0, 0, 0, 1, 0, 0, 0, 1, 0, 0, 0, 1, 1, 0, 0, 1, 0, 0, 0, 0, 0, 0, 0, 0, 0, 0, 1, 0, 0, 0, 0, 0, 0, 0, 0, 0, 0, 0, 0, 0, 1, 0, 0, 0, 0, 0, 0, 0, 0, 0, 0, 1, 1, 0, 0, 0, 0, 0, 0, 1, 0, 0, 1, 0, 0, 0, 1, 0, 0, 0, 0, 0, 0, 0, 0, 0, 0, 0, 0, 0, 0, 1, 1, 0, 0, 0, 1, 1, 0, 1, 0, 0, 0, 0, 1, 0, 0, 0, 0, 0, 0, 0, 0, 0, 0, 1, 0, 1, 0, 0, 0, 0, 0, 0, 0, 0, 0, 0, 1, 0, 0, 1, 0, 0, 0, 0, 1, 0, 0, 0, 0, 0, 0, 0, 0, 0, 0, 1, 1, 0, 0, 0, 0, 0, 0, 0, 0, 0, 0, 0, 1, 0, 0, 1, 0, 0, 0, 0, 0, 0, 0, 0, 0, 1, 1, 1, 0, 1, 0, 0, 0, 0, 0, 0, 0, 0, 0, 0, 0, 0, 0, 0, 0, 0, 1, 0, 0, 0, 0, 1, 0, 0, 0, 0, 0, 1, 1, 0, 0, 0, 0, 0, 0, 0, 0, 0, 0, 0, 0, 0, 0, 0, 0, 1, 0, 0, 0, 0, 0, 0, 0, 1, 0, 0]

BESTGEM=(83, 630, 0.13174603174603175)
LISTGEM=[1, 0, 0, 0, 0, 1, 0, 0, 0, 0, 0, 0, 0, 0, 0, 0, 1, 0, 0, 0, 0, 0, 0, 0, 1, 0, 0, 0, 0, 0, 0, 0, 0, 0, 0, 0, 0, 0, 1, 0, 0, 0, 0, 0, 0, 0, 0, 1, 0, 0, 0, 0, 0, 0, 0, 0, 0, 0, 0, 0, 0, 0, 0, 0, 0, 0, 0, 0, 0, 0, 0, 0, 0, 0, 0, 0, 0, 0, 0, 1, 1, 0, 0, 0, 0, 0, 0, 0, 0, 0, 0, 0, 0, 0, 0, 0, 0, 0, 0, 0, 1, 0, 0, 0, 1, 0, 0, 0, 0, 0, 0, 0, 0, 1, 0, 0, 0, 0, 0, 0, 0, 0, 0, 0, 0, 1, 0, 0, 0, 0, 0, 0, 0, 0, 0, 0, 1, 0, 0, 0, 0, 0, 0, 0, 0, 0, 0, 0, 0, 0, 0, 1, 1, 0, 0, 0, 0, 0, 0, 1, 0, 0, 1, 0, 0, 0, 0, 0, 1, 0, 0, 0, 0, 0, 0, 1, 1, 0, 0, 0, 0, 0, 0, 0, 0, 0, 0, 0, 0, 1, 0, 1, 0, 0, 1, 0, 1, 0, 0, 1, 0, 0, 0, 0, 1, 0, 0, 0, 0, 0, 0, 0, 1, 0, 0, 0, 0, 1, 0, 1, 1, 0, 0, 0, 0, 0, 0, 0, 1, 1, 0, 0, 1, 0, 0, 0, 0, 1, 1, 0, 0, 0, 0, 0, 0, 0, 0, 0, 0, 0, 0, 0, 0, 0, 1, 0, 0, 0, 0, 0, 0, 1, 1, 0, 0, 1, 0, 0, 0, 0, 0, 0, 0, 0, 0, 0, 0, 0, 0, 0, 1, 0, 0, 0, 0, 0, 1, 0, 0, 0, 1, 1, 0, 0, 0, 0, 0, 0, 0, 0, 0, 1, 1, 0, 0, 0, 0, 0, 0, 0, 0, 1, 0, 0, 0, 0, 1, 0, 0, 0, 0, 0, 0, 0, 0, 0, 0, 0, 0, 0, 0, 0, 0, 0, 0, 0, 0, 0, 0, 0, 0, 0, 1, 0, 0, 0, 1, 0, 0, 0, 0, 0, 0, 0, 0, 0, 1, 0, 0, 0, 1, 0, 1, 0, 0, 0, 0, 0, 0, 0, 0, 0, 0, 0, 1, 0, 0, 0, 0, 1, 0, 0, 0, 0, 0, 1, 0, 0, 0, 0, 0, 0, 0, 0, 1, 0, 0, 0, 0, 1, 0, 0, 0, 0, 0, 0, 0, 0, 0, 0, 0, 0, 0, 0, 0, 0, 0, 0, 0, 0, 0, 1, 0, 0, 0, 0, 0, 0, 0, 0, 0, 0, 0, 0, 0, 1, 0, 0, 0, 0, 1, 0, 1, 1, 0, 0, 0, 0, 0, 0, 0, 0, 0, 0, 0, 0, 0, 0, 0, 0, 1, 0, 0, 0, 0, 0, 0, 0, 0, 0, 0, 0, 0, 0, 0, 0, 0, 0, 0, 0, 0, 0, 0, 1, 0, 0, 0, 1, 1, 0, 0, 0, 0, 1, 0, 1, 0, 0, 0, 1, 1, 0, 0, 0, 0, 0, 0, 0, 0, 0, 0, 1, 0, 1, 0, 0, 0, 1, 0, 0, 0, 0, 0, 0, 0, 0, 0, 0, 0, 0, 0, 0, 0, 0, 0, 0, 0, 0, 0, 0, 0, 0, 0, 0, 1, 0, 0, 0, 0, 0, 0, 0, 0, 0, 0, 0, 1, 0, 0, 0, 0, 0, 1, 0, 0, 0, 0, 0, 0, 1, 0, 0, 0, 0, 0, 0, 0, 0, 0, 0, 0, 0, 0, 0, 0, 0, 0, 0, 0, 0, 1, 0, 1, 0, 0, 1, 0, 0, 0, 0, 0, 0, 1, 0, 0, 0, 0, 0, 0, 0, 1, 0, 0, 0, 0, 0, 0, 0, 0, 0, 0, 0, 0, 0, 1, 0, 0, 0, 0, 0]

