# shuffled stratified split (indices referring to UCR database)
TESTINDEX=[  62  521  837  660  300  475  652  680  445  488  500  171  909  432  450
  137  916  869  386  831  161 1058  850  249  847  195  543  689  669  932
  367  102  585  510  430  541  185  650  985 1066  620  967  401  119  828
  958 1053  576  612 1119  668  626  303  434   97  150  537  920  307  853
 1060  214  368  949    2  613  780  988  449  866  573   39   30  975  627
  502  902  593  101   60   37  952  600   27  472  705 1062 1111  182  726
   21  517  473  607  693  527  939  305 1102  577 1018  147   58  390  254
   16  144  754   76  366 1051  962  969  335  854  945 1091  637  911 1115
  819  128  692  220  743  328  872  393  829  387  841  427  337 1107  978
  447  259  529  184  767 1047  629  822  245  562  183  725  549  466  231
  559  748  785  196   59  999  266  429  984  568 1001  285   69  420  271
  396 1072  304 1037  713  758  587  516  745  498  910  943 1000  747   31
  992  731  361  154   49  456 1014  848  885  963   45  721  260 1030  896
  739  465 1065  563  883  703  807  398  666  784  140  235  697  297  205
   82  730  453  664  579 1013   70 1046  636  125  160  166  931  258  459
  238 1096    3  418  891  783  624  720  483  840  209  211  729  403  383
  552 1034 1092  947  524  917  490  505  384 1063  230  532 1008  852  987
   52 1086  974  686  889  981  251  424  240  409  921  973  338  936  103
  602  208  350  894  811  322  431    4  263  499  719 1097  757  746   28
 1120 1108  111  159  698  723   20  708  122  319   81   50  843  288  380
   57  315  533  986  435  827  877  751  849  320  966  716  651  964  464
 1078  253 1009  446  391  375 1045   89  581  167  621  107   36  331  356
  216  275  442  908  485  226   23  270  377  771   71  859  735  991  924
  293  558  402  121  560 1059  522  782  100  509  740  658 1006  634 1113
  127 1026 1070  586  520 1010  619 1079  276  523  901  372  112  313  395
  647  584  479  670  404  110 1025  497 1123  597  816  113  261  172  310
  324  779  344  462  492  316   19  244  364  294  608  864   84  972  491
  914  279  518  858  649  928   42  681  190  791 1044  738  912 1031  948
  926  106  863  812 1073  951   78  232  644  530  580   75  551 1095  347
  540  511 1109  437   90  225 1049  519  861  539  477   34  312  341  769
  569  329  622  115 1100  345   73  690  508  463 1106  120  804  336  155
 1040  188 1042  774  842  809  617 1028 1050  512  204  202  227  146  604
 1005  460 1099  212  433  348  448  280  871  590  925  200  768  274  555
  148  741 1085  496  247 1083  224   65  134  710  423  643  965  152  413
  810  905  601  824  572 1087  495  895  406 1057  353 1007 1019 1105  803
  860  295 1064  907  874  255  752  578  176  599  309  388  979  136  687
  198  582  994  798  996   94  685  126   48  609  538 1032   25  956  674
  750  290  535  286  796  676  756 1121  480   92 1110  655  793  273  379
  694  888   68  906  301 1021   47   54  930  787 1024  536 1022  762  268
  327  823  141  358    6  696  426  370  610  691   91  628  296  937  611
  272   99  451   13  715  814  795   29  186  654  221  425  857 1035  284
  702  382  507  138  514  603  556  662   14  724  673  515  248  677  940]
TRAININDEX=[ 856  346  772  868  922 1004  892  169   98  179  594  846  308  732  845
  706  123  944  374  567  642  976  333  805  711  591  428  595  369  130
  355  302  950  269 1082  373  241 1069 1055  162  777  797  884  946 1061
 1015  632  546  615  773  665  444  839   85  990  709  129  998  299  357
  704  117  913  663  707   88  954  682  878  961  256  717  197 1020  189
  833  592   67  139  281  851  645   95  789  640  360  340  834  474  836
  237  880  503  400  684   55  389  438 1029   18  108  334  737 1038  376
  618  876  489  354   87  648  923  570  825  157  257 1101  770 1112  371
  501  481  565   41  124  467  980  158  838  571 1094  422   77 1017  351
  862   80  929 1056  903  830  938 1054 1039  832  982   51  899 1093  588
  638   15  419  484  417  289  759  918  482  614  506  411  897  282  213
   10  342   24  267 1084 1081   74  818  802 1048  941  104  222  234   83
  236  317 1012  203 1023 1124  132  323  219  826  385  118  959  927 1089
  168  416  970  630  800   46  109  870  934  153  561  574  844  513  133
  765  817 1122  989  935  997  330  550  314  471  265 1027  631  867  458
  835  163  177  339  904  298  291  325  661  201  639  898  653  688  598
  192  187  414  753  343  728  175  321  114   12  879  545  616  659  277
  865  821 1117  564   40  641 1002 1114   96  441  977  679    5  727  671
  542  207  239  776  149 1098   35  378  397  306  790  262  170  983  887
  151    7  700  699   32  749  470  566  960  553  165   56  215  476  806
  596  173  548  412  606  683  531  478 1067  199  246  494  799  469  873
  786  421  623  210 1090  436  875 1033   17  439  714  332  452  646  792
  156  781  145  968  174  287  407  695 1068   43  461  415  919  701  250
  143 1071  775 1016  955  191   79  893  733   93  410  218  349  135   44
  164  292  744    1  326 1074  656  359  381  881  678  933  971  993  718
  264  528  392 1043  794  394  178  813  243  408  667  575  181  242  557
  712 1088  886  278  675 1052  142  995   22  755 1077   63 1036  193  766
  504   33  633 1003   38  526  468  544  855  657  283  815  763  808  890
  105    0   86  457  605  229   11  778  942  672  440  455  228  206   53
  761 1075   61  736  116  957  493  900   66  311  217 1118  487  525  820
 1103 1076  180  583  764  454  589  547  318  405  194  363   26  233  788
  486  352  801  554  443  760  635    8  742  722  882   64  734 1080 1116
    9 1104  625  252  131 1041  223   72  915  365  953  362  534 1011  399]

# learned parameters for cdtw and gem
# dtw ((error, size, error/size), (window, sqr))
# gem ((error, size, error/size), (St0, St1, E, sym, sqr))
BESTLEARNCONSDTW=((63, 495, 0.12727272727272726), (0.02, True))
LISTLEARNCONSDTW=[((63, 495, 0.12727272727272726), (0.02, True)), ((70, 495, 0.14141414141414141), (0.040000000000000001, True)), ((71, 495, 0.14343434343434344), (0.029999999999999999, True)), ((81, 495, 0.16363636363636364), (0.050000000000000003, True)), ((89, 495, 0.17979797979797979), (0.059999999999999998, True)), ((92, 495, 0.18585858585858586), (0.080000000000000002, True)), ((93, 495, 0.18787878787878787), (0.11, True)), ((94, 495, 0.1898989898989899), (0.01, True)), ((94, 495, 0.1898989898989899), (0.070000000000000007, True)), ((94, 495, 0.1898989898989899), (0.10000000000000001, True)), ((94, 495, 0.1898989898989899), (0.12, True)), ((96, 495, 0.19393939393939394), (0.089999999999999997, True)), ((96, 495, 0.19393939393939394), (0.13, True)), ((96, 495, 0.19393939393939394), (0.14000000000000001, True)), ((97, 495, 0.19595959595959597), (0.14999999999999999, True)), ((98, 495, 0.19797979797979798), (0.16, True)), ((98, 495, 0.19797979797979798), (0.17000000000000001, True)), ((98, 495, 0.19797979797979798), (0.17999999999999999, True)), ((98, 495, 0.19797979797979798), (0.19, True)), ((98, 495, 0.19797979797979798), (0.20000000000000001, True)), ((124, 495, 0.25050505050505051), (0.0, True))]

BESTLEARNGEM=((53, 495, 0.10707070707070707), (2, 1, 0.25, True, True))
LISTLEARNGEM=[((53, 495, 0.10707070707070707), (2, 1, 0.25, True, True)), ((55, 495, 0.1111111111111111), (2, 1, 0.125, True, True)), ((60, 495, 0.12121212121212122), (2, 1, 0.5, True, True)), ((69, 495, 0.1393939393939394), (2, 1, 0.0625, True, True)), ((84, 495, 0.16969696969696971), (2, 1, 0.03125, True, True)), ((92, 495, 0.18585858585858586), (2, 1, 0.015625, True, True)), ((96, 495, 0.19393939393939394), (2, 1, 0.0078125, True, True)), ((100, 495, 0.20202020202020202), (2, 1, 0.00390625, True, True)), ((105, 495, 0.21212121212121213), (2, 1, 0, True, True)), ((109, 495, 0.2202020202020202), (1, 1, 0.00390625, True, True)), ((109, 495, 0.2202020202020202), (1, 2, 0.00390625, True, True)), ((110, 495, 0.22222222222222221), (1, 1, 0.03125, True, True)), ((110, 495, 0.22222222222222221), (1, 2, 0.03125, True, True)), ((112, 495, 0.22626262626262628), (1, 1, 0, True, True)), ((112, 495, 0.22626262626262628), (1, 1, 0.015625, True, True)), ((112, 495, 0.22626262626262628), (1, 2, 0, True, True)), ((112, 495, 0.22626262626262628), (1, 2, 0.015625, True, True)), ((113, 495, 0.22828282828282828), (1, 1, 0.0625, True, True)), ((113, 495, 0.22828282828282828), (1, 2, 0.0625, True, True)), ((114, 495, 0.23030303030303031), (1, 1, 0.0078125, True, True)), ((114, 495, 0.23030303030303031), (1, 2, 0.0078125, True, True)), ((119, 495, 0.2404040404040404), (1, 1, 0.125, True, True)), ((119, 495, 0.2404040404040404), (1, 2, 0.125, True, True)), ((120, 495, 0.24242424242424243), (1, 1, 0.25, True, True)), ((120, 495, 0.24242424242424243), (1, 2, 0.25, True, True)), ((133, 495, 0.2686868686868687), (2, 2, 0.5, True, True)), ((141, 495, 0.28484848484848485), (1, 1, 0.5, True, True)), ((141, 495, 0.28484848484848485), (1, 2, 0.5, True, True)), ((151, 495, 0.30505050505050507), (2, 2, 0.25, True, True)), ((163, 495, 0.3292929292929293), (2, 2, 0.125, True, True)), ((164, 495, 0.33131313131313134), (2, 2, 0.0625, True, True)), ((173, 495, 0.34949494949494947), (2, 2, 0.03125, True, True)), ((180, 495, 0.36363636363636365), (2, 2, 0.015625, True, True)), ((181, 495, 0.36565656565656568), (2, 2, 0.0078125, True, True)), ((182, 495, 0.36767676767676766), (2, 2, 0.00390625, True, True)), ((185, 495, 0.37373737373737376), (2, 2, 0, True, True))]


# error rates for different distance measures
# (error, size, error/size) and binary mask
BESTLP=(142, 630, 0.2253968253968254)
LISTLP=[0, 0, 1, 1, 1, 0, 0, 0, 0, 1, 0, 0, 0, 0, 0, 0, 1, 1, 1, 0, 0, 0, 1, 1, 0, 0, 0, 0, 1, 0, 0, 0, 0, 0, 0, 0, 0, 0, 0, 0, 0, 0, 0, 0, 0, 0, 0, 0, 0, 0, 0, 0, 1, 0, 0, 0, 0, 0, 0, 1, 0, 1, 0, 0, 0, 0, 0, 1, 0, 0, 0, 0, 1, 0, 0, 1, 1, 0, 0, 0, 0, 1, 0, 0, 0, 1, 0, 1, 0, 0, 0, 0, 1, 1, 0, 0, 0, 1, 1, 0, 0, 0, 1, 0, 0, 0, 1, 0, 1, 0, 0, 1, 1, 0, 0, 0, 0, 0, 0, 0, 1, 1, 1, 0, 0, 0, 0, 1, 0, 0, 0, 0, 0, 0, 1, 0, 0, 1, 0, 0, 1, 0, 0, 0, 0, 0, 0, 0, 0, 0, 0, 0, 0, 0, 0, 0, 0, 0, 0, 0, 0, 0, 0, 0, 0, 0, 0, 0, 0, 0, 1, 0, 0, 0, 1, 0, 0, 1, 0, 1, 1, 0, 0, 0, 0, 0, 0, 0, 1, 0, 1, 0, 0, 0, 0, 0, 0, 0, 0, 0, 0, 0, 0, 0, 0, 0, 0, 0, 1, 0, 1, 1, 0, 0, 0, 0, 0, 0, 0, 0, 0, 0, 0, 0, 0, 1, 0, 1, 0, 0, 1, 0, 0, 1, 0, 1, 1, 0, 0, 0, 0, 1, 0, 0, 1, 0, 0, 1, 0, 1, 0, 1, 0, 0, 1, 1, 0, 1, 0, 0, 0, 0, 0, 0, 0, 0, 1, 0, 1, 0, 0, 1, 0, 1, 1, 0, 0, 0, 0, 1, 0, 0, 0, 0, 0, 1, 0, 0, 0, 0, 0, 0, 0, 0, 0, 0, 0, 0, 0, 0, 1, 1, 0, 0, 1, 0, 0, 0, 1, 1, 0, 0, 0, 0, 0, 0, 0, 1, 0, 0, 1, 0, 0, 1, 0, 0, 0, 1, 0, 0, 0, 0, 0, 0, 0, 0, 0, 0, 0, 0, 0, 0, 1, 1, 1, 0, 0, 0, 0, 0, 1, 1, 0, 0, 1, 0, 0, 1, 0, 0, 1, 0, 0, 0, 0, 0, 0, 0, 1, 0, 0, 1, 0, 0, 0, 0, 1, 1, 0, 0, 0, 0, 0, 0, 0, 0, 0, 0, 0, 1, 0, 1, 0, 0, 0, 0, 0, 0, 0, 0, 1, 0, 0, 0, 0, 1, 0, 0, 1, 0, 0, 1, 0, 1, 0, 1, 0, 0, 1, 0, 0, 0, 0, 0, 0, 0, 0, 0, 1, 0, 0, 1, 0, 0, 0, 0, 0, 0, 1, 1, 0, 0, 0, 0, 1, 0, 0, 0, 0, 1, 0, 1, 0, 1, 0, 0, 0, 1, 0, 1, 0, 0, 0, 0, 1, 0, 0, 0, 0, 0, 0, 0, 0, 0, 0, 0, 0, 0, 0, 0, 0, 0, 1, 1, 1, 1, 0, 0, 1, 0, 1, 1, 0, 0, 0, 0, 0, 1, 1, 0, 0, 0, 0, 0, 0, 0, 0, 0, 1, 0, 0, 0, 0, 0, 0, 0, 1, 0, 0, 0, 0, 0, 0, 1, 0, 1, 1, 0, 0, 0, 0, 1, 0, 0, 0, 0, 0, 0, 0, 0, 0, 1, 0, 0, 0, 0, 0, 0, 0, 1, 0, 0, 0, 0, 0, 1, 0, 0, 1, 0, 1, 0, 1, 1, 0, 0, 0, 0, 0, 1, 0, 0, 0, 0, 0, 0, 1, 0, 0, 1, 0, 0, 0, 0, 0, 1, 0, 1, 0, 1, 0, 0, 1, 0, 0, 0, 0, 0, 0, 0, 0, 0, 0, 0, 1, 0, 0, 0, 0, 0, 1, 0, 0, 0, 0, 0, 0, 0, 0, 1, 0, 0, 1, 0, 1, 0, 0, 0, 0, 0]

BESTFULLDTW=(136, 630, 0.21587301587301588)
LISTFULLDTW=[0, 0, 1, 0, 0, 0, 1, 0, 0, 1, 0, 0, 1, 0, 0, 1, 1, 0, 1, 0, 0, 0, 0, 0, 0, 0, 1, 0, 0, 0, 0, 1, 1, 0, 0, 1, 0, 0, 1, 0, 0, 0, 0, 0, 0, 0, 1, 0, 1, 0, 0, 0, 0, 1, 0, 0, 0, 0, 0, 1, 0, 1, 0, 1, 0, 0, 0, 1, 0, 0, 0, 0, 0, 0, 0, 0, 0, 1, 0, 0, 0, 1, 0, 0, 0, 0, 0, 0, 0, 1, 0, 0, 1, 0, 0, 0, 0, 1, 0, 0, 0, 0, 0, 0, 0, 0, 0, 0, 0, 0, 1, 1, 1, 0, 1, 0, 0, 1, 0, 0, 1, 0, 1, 1, 0, 0, 0, 0, 0, 0, 0, 0, 0, 0, 0, 0, 0, 1, 1, 1, 0, 0, 0, 0, 0, 0, 0, 0, 0, 1, 1, 0, 0, 0, 0, 0, 0, 0, 0, 0, 0, 0, 0, 0, 0, 0, 1, 1, 0, 1, 0, 0, 0, 0, 0, 1, 0, 0, 0, 0, 1, 0, 0, 0, 0, 0, 1, 0, 1, 0, 1, 0, 0, 0, 0, 0, 0, 0, 1, 0, 1, 0, 0, 0, 0, 0, 0, 0, 0, 1, 0, 1, 0, 0, 0, 0, 0, 0, 1, 0, 0, 0, 0, 0, 0, 1, 0, 0, 0, 0, 0, 0, 0, 0, 0, 0, 0, 0, 0, 0, 0, 0, 1, 0, 1, 1, 1, 0, 1, 1, 0, 1, 0, 0, 0, 1, 0, 0, 0, 0, 0, 0, 0, 0, 0, 0, 0, 1, 0, 0, 0, 0, 0, 0, 1, 0, 0, 0, 0, 1, 1, 0, 0, 0, 0, 1, 1, 0, 0, 0, 0, 0, 0, 0, 0, 0, 0, 0, 1, 0, 0, 0, 0, 0, 1, 0, 0, 0, 0, 1, 1, 0, 0, 0, 0, 0, 0, 0, 0, 0, 0, 0, 0, 1, 0, 0, 0, 1, 0, 1, 0, 0, 0, 0, 0, 0, 0, 0, 1, 0, 0, 0, 1, 0, 1, 0, 0, 0, 0, 0, 0, 1, 1, 0, 0, 0, 0, 0, 0, 0, 1, 0, 0, 0, 0, 0, 0, 0, 1, 0, 1, 1, 0, 0, 0, 0, 1, 0, 0, 0, 0, 0, 0, 0, 0, 0, 0, 0, 0, 0, 1, 1, 0, 0, 0, 0, 0, 0, 0, 0, 0, 0, 0, 0, 0, 0, 0, 0, 0, 0, 0, 0, 0, 0, 0, 0, 0, 1, 1, 0, 0, 1, 0, 0, 0, 0, 0, 0, 0, 0, 0, 1, 0, 0, 0, 0, 0, 0, 1, 1, 0, 0, 0, 0, 0, 0, 1, 0, 0, 1, 0, 1, 0, 1, 0, 0, 0, 0, 0, 1, 1, 0, 1, 0, 1, 0, 0, 0, 0, 0, 0, 1, 0, 0, 0, 0, 0, 0, 0, 0, 0, 0, 0, 1, 1, 0, 0, 0, 0, 1, 1, 1, 0, 0, 0, 0, 1, 1, 0, 0, 0, 0, 0, 0, 0, 0, 1, 0, 1, 0, 0, 0, 0, 0, 1, 0, 1, 0, 0, 0, 0, 0, 0, 1, 1, 0, 0, 0, 1, 1, 0, 1, 0, 0, 0, 0, 1, 0, 1, 0, 0, 0, 0, 0, 0, 0, 0, 0, 0, 1, 1, 0, 0, 0, 0, 0, 0, 0, 0, 0, 1, 0, 1, 0, 0, 0, 0, 0, 0, 1, 0, 1, 0, 0, 0, 0, 1, 1, 0, 0, 0, 1, 0, 0, 0, 0, 0, 0, 0, 1, 0, 0, 0, 0, 0, 0, 0, 0, 0, 0, 0, 1, 0, 0, 1, 0, 0, 1, 1, 0, 0, 0, 0, 1, 0, 0, 0, 1, 0, 1, 0, 0, 1, 0, 1, 0, 0, 0, 0, 0]

BESTCONSDTW=(109, 630, 0.17301587301587301)
LISTCONSDTW=[0, 0, 1, 1, 0, 1, 1, 0, 0, 1, 0, 0, 0, 0, 0, 1, 0, 0, 1, 0, 0, 0, 0, 0, 0, 0, 0, 0, 0, 0, 0, 0, 1, 0, 0, 0, 0, 0, 0, 0, 0, 0, 0, 0, 0, 0, 0, 0, 1, 0, 0, 0, 1, 1, 0, 0, 0, 0, 0, 1, 0, 0, 0, 0, 0, 0, 0, 1, 0, 0, 0, 0, 0, 0, 0, 0, 0, 0, 0, 0, 0, 1, 0, 0, 0, 0, 0, 0, 0, 0, 0, 0, 1, 1, 0, 0, 0, 0, 0, 0, 0, 0, 0, 0, 0, 0, 0, 0, 0, 0, 0, 1, 0, 0, 0, 0, 0, 0, 0, 1, 1, 0, 1, 0, 0, 0, 0, 0, 0, 0, 0, 0, 0, 0, 1, 0, 0, 1, 0, 1, 0, 0, 0, 0, 0, 0, 0, 0, 0, 1, 0, 0, 0, 0, 0, 0, 0, 1, 0, 0, 0, 0, 0, 0, 0, 0, 0, 1, 0, 0, 0, 0, 0, 0, 0, 0, 0, 0, 0, 0, 0, 0, 0, 0, 0, 0, 0, 0, 1, 0, 1, 0, 0, 0, 0, 0, 0, 0, 0, 0, 1, 0, 0, 0, 0, 0, 0, 0, 0, 1, 0, 1, 0, 0, 0, 0, 0, 0, 0, 0, 0, 0, 0, 0, 0, 0, 0, 1, 0, 0, 0, 0, 0, 1, 0, 0, 1, 0, 0, 0, 0, 0, 0, 0, 1, 1, 1, 0, 1, 1, 0, 0, 0, 0, 0, 1, 0, 1, 1, 0, 0, 0, 0, 0, 0, 0, 0, 0, 0, 0, 0, 1, 0, 1, 1, 0, 0, 0, 0, 1, 1, 0, 0, 0, 0, 0, 0, 0, 0, 0, 0, 0, 0, 0, 0, 0, 0, 0, 0, 0, 1, 0, 0, 0, 1, 0, 0, 0, 0, 1, 1, 0, 0, 0, 0, 0, 1, 0, 0, 0, 0, 0, 0, 1, 0, 0, 0, 1, 0, 0, 0, 0, 0, 0, 0, 0, 0, 0, 1, 0, 0, 0, 0, 0, 1, 1, 0, 0, 0, 0, 0, 0, 1, 0, 1, 0, 0, 0, 0, 1, 1, 0, 0, 0, 0, 0, 0, 0, 1, 0, 1, 1, 0, 0, 0, 0, 1, 0, 0, 0, 0, 0, 0, 0, 0, 0, 0, 0, 0, 0, 0, 0, 0, 0, 1, 0, 0, 0, 0, 0, 0, 0, 0, 0, 0, 0, 0, 0, 0, 0, 0, 0, 0, 0, 0, 1, 0, 1, 1, 0, 0, 1, 0, 0, 0, 0, 0, 0, 0, 0, 0, 0, 0, 0, 0, 0, 0, 0, 1, 1, 0, 0, 0, 0, 0, 0, 1, 1, 0, 1, 0, 0, 0, 1, 0, 0, 0, 1, 0, 1, 1, 0, 1, 0, 0, 0, 0, 0, 0, 0, 0, 1, 0, 0, 0, 0, 0, 0, 0, 0, 0, 0, 0, 1, 1, 0, 0, 0, 1, 0, 1, 0, 0, 0, 0, 0, 0, 0, 0, 0, 0, 0, 0, 0, 0, 0, 0, 0, 1, 0, 0, 0, 0, 0, 1, 0, 1, 0, 0, 0, 0, 0, 0, 1, 0, 0, 1, 0, 0, 1, 0, 1, 0, 0, 0, 0, 0, 0, 1, 0, 0, 0, 0, 0, 0, 0, 0, 0, 0, 1, 0, 0, 0, 0, 0, 1, 0, 0, 1, 0, 1, 0, 1, 1, 0, 0, 0, 0, 0, 1, 0, 1, 0, 0, 0, 0, 1, 1, 0, 0, 0, 1, 0, 0, 0, 0, 0, 0, 0, 1, 0, 0, 0, 0, 0, 0, 0, 0, 0, 0, 0, 0, 0, 0, 1, 0, 0, 0, 0, 0, 0, 0, 0, 1, 0, 0, 0, 1, 0, 1, 0, 0, 0, 0, 0, 0, 0, 0, 0, 0]

BESTGEM=(82, 630, 0.13015873015873017)
LISTGEM=[0, 0, 0, 1, 0, 0, 0, 0, 0, 1, 0, 0, 0, 0, 0, 0, 0, 0, 0, 0, 0, 0, 1, 0, 0, 0, 0, 0, 0, 0, 0, 0, 1, 0, 0, 0, 0, 0, 1, 0, 1, 0, 0, 0, 0, 0, 1, 0, 0, 0, 0, 0, 0, 0, 0, 0, 0, 0, 0, 1, 1, 1, 0, 0, 0, 0, 0, 1, 0, 0, 0, 0, 0, 0, 0, 1, 0, 1, 0, 0, 0, 0, 0, 0, 0, 0, 0, 1, 0, 0, 0, 0, 0, 0, 0, 0, 0, 0, 0, 0, 0, 0, 0, 0, 0, 0, 0, 0, 0, 0, 0, 0, 0, 0, 0, 0, 0, 0, 0, 1, 1, 0, 1, 1, 0, 0, 0, 0, 0, 0, 0, 0, 0, 0, 1, 0, 0, 1, 0, 0, 0, 0, 0, 0, 0, 0, 0, 0, 0, 0, 0, 0, 0, 0, 0, 0, 0, 1, 0, 0, 0, 0, 0, 0, 0, 0, 0, 1, 0, 0, 0, 0, 0, 0, 0, 0, 0, 0, 0, 0, 1, 0, 0, 0, 0, 0, 0, 0, 1, 0, 0, 0, 0, 0, 0, 0, 0, 0, 0, 0, 1, 0, 0, 0, 0, 0, 0, 0, 0, 1, 0, 1, 0, 0, 0, 0, 0, 0, 0, 0, 0, 0, 0, 0, 0, 1, 0, 1, 0, 0, 0, 0, 0, 0, 0, 0, 0, 0, 0, 0, 0, 0, 0, 0, 0, 1, 1, 0, 0, 1, 0, 1, 0, 0, 0, 1, 0, 1, 0, 0, 0, 0, 0, 0, 0, 0, 0, 1, 0, 0, 0, 0, 0, 1, 1, 0, 0, 0, 0, 1, 0, 0, 0, 0, 0, 0, 0, 0, 0, 0, 0, 0, 0, 0, 0, 0, 0, 0, 0, 0, 0, 0, 1, 0, 1, 0, 0, 0, 0, 0, 1, 0, 0, 0, 0, 0, 0, 0, 0, 0, 1, 0, 1, 1, 0, 0, 0, 0, 0, 0, 0, 0, 0, 0, 1, 0, 0, 0, 1, 0, 0, 0, 0, 0, 0, 0, 0, 0, 0, 0, 0, 0, 0, 0, 0, 0, 0, 0, 0, 0, 1, 0, 0, 0, 0, 0, 0, 0, 1, 0, 1, 0, 0, 0, 1, 0, 0, 0, 0, 0, 0, 0, 0, 0, 0, 0, 0, 0, 0, 0, 0, 0, 1, 0, 0, 0, 0, 1, 0, 0, 0, 1, 0, 0, 0, 0, 0, 0, 0, 0, 0, 0, 0, 0, 0, 1, 0, 0, 1, 0, 0, 0, 0, 0, 0, 0, 0, 0, 0, 0, 0, 0, 0, 0, 0, 0, 0, 0, 0, 0, 0, 0, 0, 0, 0, 0, 0, 0, 0, 1, 0, 0, 0, 1, 1, 0, 0, 0, 0, 0, 0, 0, 1, 0, 0, 0, 0, 0, 0, 0, 0, 1, 0, 0, 0, 0, 0, 0, 0, 0, 0, 0, 0, 0, 1, 0, 0, 0, 1, 0, 1, 0, 0, 0, 0, 0, 0, 1, 0, 0, 0, 0, 0, 0, 1, 1, 0, 0, 1, 0, 0, 0, 0, 0, 0, 0, 0, 0, 0, 0, 0, 0, 0, 1, 0, 0, 1, 0, 0, 0, 0, 0, 0, 0, 0, 0, 0, 0, 0, 0, 1, 0, 0, 0, 0, 0, 1, 0, 0, 0, 0, 0, 0, 0, 0, 0, 0, 0, 1, 0, 0, 0, 1, 0, 0, 1, 0, 0, 0, 1, 0, 1, 0, 0, 0, 0, 0, 0, 0, 1, 0, 1, 0, 0, 0, 0, 0, 0, 0, 0, 0, 0, 0, 0, 0, 0, 0, 0, 0, 0, 0, 0, 0, 0, 0, 0, 0, 0, 0, 0, 0, 0, 0, 1, 0, 0, 0, 1, 0, 1, 0, 0, 0, 0, 0, 0, 0, 0, 0, 0]

