# shuffled stratified split (indices referring to UCR database)
TESTINDEX=[ 710  292  330  484  859  613  639  512  951  972  701  445  596  680  844
  592  315  670  702  317  955  290  372  480  239  257    0  662  588  281
  568  203  288  927  645  839  996  847   44  462 1080  899  828  900  810
  770  189 1023  516  888  224  823  776  147   15   91  941  100 1045  698
   52 1059  688  916  116  134  968 1086  430   67  971  511  914  212  336
  827  747  422   19  560  331  644   36   60  286  123 1024  580  353  595
   75  219  573   13  997  777  491  829  209  250  373  514  416  865  385
 1116  676  559 1071  570  197  576 1063  102  322  285  637  958  605   38
 1121  764  164  711  726  716   41  976   68 1122  622  155  458  130  909
  571   85 1109  276  582  474  162   58  657  302  651 1090  970  693  264
  184  934    1  414  513  666  987  128  699  708  868  113   71  228  248
 1094  291   56   18  252  234  634  492  760  298  466  260  139  233   29
  881   27  415  375  903  815  443 1099  436 1019  457   34  310  731  625
  183  188  800   33  471 1062  168  544  263  363  743  393  938  389  433
  362  217  749  187  499  869  121  526  381 1049  479   43  397  374 1055
  610   74  204    2  391  966  459  218  255 1108   98   64  229 1073  802
  413  160  730  158  173  562  986   48  477 1046 1088  820  256  805 1000
  838  487  424  706  867  668  265  557  712  464  319  797  884  807  765
  705 1058  722   86  778  359  664  795  948  930  949  603  857  913   16
  793  157  558  254  959  672 1081  329  864  821  619  311 1010  289 1012
  536   88  696  621 1123  860   57  172  618  202  483  107  439 1076  412
  312  205 1097  369   94  357  636  656  723  848  181  721  300  238   77
 1021  623  478  709   49  583  979 1002   66  999  633  242  975  929  566
  585  632  358  803  141  663  904  272  834  783   92  862  897  594  751
  841  866  581 1082  463  638  989  334  408  543  344  301 1077  297  120
  700    3  969  403  454  893  717  773  208  924 1030  244  641  861  879
  261  952  337  418  915  520  683  448  905  554  468  665  437  898  131
    4  109 1064    5  446  769    8  830 1022  631  685  488  496  982 1056
  438  441  522  111  427  110 1066  739   24  352  695  177  469 1089  307
  287  523  589  872 1014  886  304  213  616  902 1037 1092  207   26 1091
  694  624  395  965  154 1051  606  493  653  411  398 1105  555 1026  167
  193   70  151  748  179  697  950  129  253  119  863  226  692  755  486
  682  461  451  453  407  378  356  845   89  953  602  574  176  274  752
  586  249  142  503  871  910 1065  341 1042  587  246  824  227  316  742
  137   97  273  133 1044 1054  978  309  409  715  440  435  718 1061  775
 1031 1036  790 1101 1096  762  890  880  518 1048   53  117  115   78  423
  932  530  782  681  280  296  425  537 1117  567  556  564  470  763  578
  901  431  490  826   55  199  908  550  835  980 1041   51 1093  342   96
  617  874  507  277  892  236  489  504  509  354  243  223  772  149  211
  741    7   99  349  545  472  126  527  140  673  727  159  245  964   65
  367   83  626  719  481  896 1100  306  919  365 1057  259  849  856  370
  180  232 1112  798  728  364   87 1005 1015   37 1025  733 1115 1113   63]
TRAININDEX=[ 447   47  366  738  108  266  406  843  351 1006  993  767  779  992 1119
  713  444  690 1107  923  156  724 1039  601  105 1038  475  387   95  937
  736  456  417  812  529  275  831  703  295  761  689  858  106  347  175
  687  268  552  620  671   20 1110  235  294  660  547  206  138  122  124
  758  442   21   45  535  988   80  575  732  990   54 1017 1027  262  241
  345  678  933  379  628  104  836  962  889  885  112   76  539 1020  840
  510   10  200   59  791  957  210  396 1008  746  293  350  215  534  974
  521  174  495  984  361  324  178  833 1114 1124 1070  906  339  171  591
  222  192    9  612  851  282  426  148  542  355  383  784  658  960   69
  926  548  258  546   84  615 1060  945  271   82  125   79  655  729  572
  788 1018 1104  677  169  883  434  870  348  501  314  907  326  371  338
  936  808   12  650  774  390  720  384  340  998  467  894  771  313  247
  231  609 1047 1118  737  343  497  918  327  569  787 1068  505  983   25
  284  647  325  508  198  806   46  533  538 1084  388  432  517  786  377
  230  659  816 1016  114   39  604  577  925  196   72  891  598  565  135
 1111  661  220  794  308  386  873  421  745 1043  875  191 1095  195  825
  946  452   17  686  525  642  498  654  132   62  360  368  404  460  225
  954  201 1078  335  405  318 1034  809 1103  961   28  725  165   42  237
  494  519  323  428  163  967  600  911  921  607  674  590  299  531  630
 1052  579  781  818  150  153  127  991  216  714 1075  303  320  940  190
  611  278 1033  648  553  251  944 1035  811  817   11 1013 1050  144  161
  887  608  766 1028 1004  420  912  561  635  707  882  270  813  931  221
  515  939  804  646  419  855  465  801  240  734 1102  853  837  832  401
  166  754  402  449  877  332  599  878  136   30  819  756   23  333  799
  283  597  485 1003 1072  392  549 1085  684 1032  796  852   31   22 1120
  735  750  814  629  410  792  476  981  194  652   14  584  502  780 1029
  995  973  640  450  473  103  506  920 1083  744  346  118   40 1011 1106
  789  691 1001  328  376  669  101  500  679  593 1079  269  321  382  455
  895 1069  963  822  768 1087  524 1067   93  704  143  394 1040  985  850
  740  279   81  876  917  400  614  152   73  935  214  753   90  643  551
  170  928  186   35  675  947  922  528  563  943 1007 1074  759  380  977
  541 1009 1098  185  854 1053  482  942  532   61  429  757  540  182  667
  956  267  146  994  846  305    6  399  627   32  842  649  785   50  145]

# learned parameters for cdtw and gem
# dtw ((error, size, error/size), (window, sqr))
# gem ((error, size, error/size), (St0, St1, E, sym, sqr))
BESTLEARNCONSDTW=((73, 495, 0.14747474747474748), (0.02, True))
LISTLEARNCONSDTW=[((73, 495, 0.14747474747474748), (0.02, True)), ((80, 495, 0.16161616161616163), (0.029999999999999999, True)), ((83, 495, 0.16767676767676767), (0.040000000000000001, True)), ((84, 495, 0.16969696969696971), (0.01, True)), ((91, 495, 0.18383838383838383), (0.050000000000000003, True)), ((98, 495, 0.19797979797979798), (0.059999999999999998, True)), ((101, 495, 0.20404040404040405), (0.070000000000000007, True)), ((104, 495, 0.21010101010101009), (0.080000000000000002, True)), ((104, 495, 0.21010101010101009), (0.089999999999999997, True)), ((104, 495, 0.21010101010101009), (0.17000000000000001, True)), ((105, 495, 0.21212121212121213), (0.13, True)), ((105, 495, 0.21212121212121213), (0.14000000000000001, True)), ((105, 495, 0.21212121212121213), (0.14999999999999999, True)), ((105, 495, 0.21212121212121213), (0.16, True)), ((105, 495, 0.21212121212121213), (0.17999999999999999, True)), ((105, 495, 0.21212121212121213), (0.19, True)), ((105, 495, 0.21212121212121213), (0.20000000000000001, True)), ((106, 495, 0.21414141414141413), (0.0, True)), ((106, 495, 0.21414141414141413), (0.10000000000000001, True)), ((106, 495, 0.21414141414141413), (0.11, True)), ((106, 495, 0.21414141414141413), (0.12, True))]

BESTLEARNGEM=((64, 495, 0.12929292929292929), (2, 1, 0.25, True, True))
LISTLEARNGEM=[((64, 495, 0.12929292929292929), (2, 1, 0.25, True, True)), ((72, 495, 0.14545454545454545), (2, 1, 0.125, True, True)), ((72, 495, 0.14545454545454545), (2, 1, 0.5, True, True)), ((80, 495, 0.16161616161616163), (2, 1, 0.0625, True, True)), ((90, 495, 0.18181818181818182), (2, 1, 0.03125, True, True)), ((98, 495, 0.19797979797979798), (1, 1, 0.0078125, True, True)), ((98, 495, 0.19797979797979798), (1, 1, 0.015625, True, True)), ((98, 495, 0.19797979797979798), (1, 2, 0.0078125, True, True)), ((98, 495, 0.19797979797979798), (1, 2, 0.015625, True, True)), ((103, 495, 0.20808080808080809), (1, 1, 0.03125, True, True)), ((103, 495, 0.20808080808080809), (1, 2, 0.03125, True, True)), ((104, 495, 0.21010101010101009), (1, 1, 0.0625, True, True)), ((104, 495, 0.21010101010101009), (1, 2, 0.0625, True, True)), ((106, 495, 0.21414141414141413), (1, 1, 0.00390625, True, True)), ((106, 495, 0.21414141414141413), (1, 2, 0.00390625, True, True)), ((108, 495, 0.21818181818181817), (1, 1, 0, True, True)), ((108, 495, 0.21818181818181817), (1, 2, 0, True, True)), ((110, 495, 0.22222222222222221), (1, 1, 0.125, True, True)), ((110, 495, 0.22222222222222221), (1, 2, 0.125, True, True)), ((112, 495, 0.22626262626262628), (2, 1, 0.015625, True, True)), ((114, 495, 0.23030303030303031), (2, 1, 0.0078125, True, True)), ((116, 495, 0.23434343434343435), (1, 1, 0.25, True, True)), ((116, 495, 0.23434343434343435), (1, 2, 0.25, True, True)), ((119, 495, 0.2404040404040404), (2, 1, 0.00390625, True, True)), ((127, 495, 0.25656565656565655), (2, 1, 0, True, True)), ((135, 495, 0.27272727272727271), (1, 1, 0.5, True, True)), ((135, 495, 0.27272727272727271), (1, 2, 0.5, True, True)), ((139, 495, 0.28080808080808078), (2, 2, 0.5, True, True)), ((152, 495, 0.30707070707070705), (2, 2, 0.25, True, True)), ((166, 495, 0.33535353535353535), (2, 2, 0.0625, True, True)), ((169, 495, 0.34141414141414139), (2, 2, 0.03125, True, True)), ((169, 495, 0.34141414141414139), (2, 2, 0.125, True, True)), ((175, 495, 0.35353535353535354), (2, 2, 0.015625, True, True)), ((181, 495, 0.36565656565656568), (2, 2, 0.0078125, True, True)), ((183, 495, 0.36969696969696969), (2, 2, 0, True, True)), ((183, 495, 0.36969696969696969), (2, 2, 0.00390625, True, True))]


# error rates for different distance measures
# (error, size, error/size) and binary mask
BESTLP=(141, 630, 0.22380952380952382)
LISTLP=[0, 0, 0, 1, 0, 0, 0, 1, 0, 0, 1, 0, 0, 0, 0, 0, 0, 1, 0, 0, 0, 0, 1, 0, 1, 0, 0, 1, 0, 0, 0, 1, 0, 0, 0, 0, 0, 0, 0, 0, 0, 0, 0, 0, 1, 1, 0, 0, 1, 0, 1, 1, 0, 0, 0, 0, 0, 0, 0, 0, 0, 1, 0, 0, 0, 0, 0, 0, 0, 0, 0, 0, 1, 1, 0, 0, 0, 1, 0, 0, 0, 1, 0, 0, 1, 0, 1, 0, 0, 1, 1, 0, 0, 0, 0, 0, 0, 0, 0, 0, 1, 1, 0, 0, 0, 0, 1, 0, 0, 0, 1, 0, 1, 0, 0, 0, 0, 0, 0, 0, 1, 1, 0, 0, 0, 0, 1, 1, 0, 0, 0, 1, 0, 0, 0, 0, 0, 0, 1, 0, 0, 0, 1, 0, 0, 0, 0, 1, 0, 0, 0, 0, 0, 1, 1, 0, 1, 0, 1, 0, 0, 0, 0, 0, 0, 0, 0, 0, 1, 0, 1, 0, 1, 0, 0, 0, 0, 1, 0, 0, 0, 1, 0, 1, 0, 1, 0, 0, 1, 0, 0, 0, 0, 1, 1, 0, 0, 0, 0, 0, 0, 0, 0, 0, 0, 0, 1, 1, 0, 0, 1, 0, 0, 0, 1, 1, 0, 0, 0, 0, 1, 0, 0, 0, 1, 0, 0, 0, 0, 0, 0, 0, 0, 0, 0, 0, 1, 0, 0, 0, 0, 1, 1, 1, 0, 0, 0, 0, 0, 0, 1, 0, 0, 0, 1, 0, 1, 0, 0, 0, 0, 0, 0, 0, 0, 0, 1, 0, 0, 0, 1, 0, 0, 0, 0, 0, 0, 0, 0, 0, 1, 0, 0, 1, 0, 0, 0, 0, 0, 0, 0, 0, 1, 0, 1, 0, 1, 0, 0, 0, 0, 0, 0, 0, 1, 0, 1, 0, 1, 0, 0, 0, 1, 0, 0, 0, 0, 0, 0, 0, 0, 0, 0, 0, 0, 0, 0, 1, 1, 0, 0, 0, 0, 0, 0, 0, 0, 0, 0, 0, 0, 1, 0, 0, 0, 1, 0, 0, 0, 1, 0, 0, 0, 0, 1, 0, 0, 0, 0, 0, 0, 0, 0, 0, 0, 0, 1, 0, 1, 0, 0, 0, 0, 0, 0, 0, 1, 0, 0, 0, 0, 1, 0, 1, 1, 1, 0, 1, 0, 0, 0, 1, 0, 0, 1, 0, 1, 0, 0, 0, 0, 1, 0, 0, 0, 0, 0, 0, 0, 0, 0, 0, 0, 0, 1, 0, 1, 1, 0, 0, 0, 0, 0, 0, 1, 0, 0, 0, 0, 0, 1, 1, 0, 0, 0, 0, 0, 1, 0, 0, 0, 0, 0, 0, 1, 0, 0, 0, 0, 0, 0, 0, 1, 0, 0, 0, 0, 1, 0, 0, 0, 1, 0, 0, 0, 1, 0, 0, 0, 0, 0, 1, 0, 0, 0, 0, 0, 1, 0, 0, 0, 0, 0, 0, 0, 0, 0, 0, 1, 1, 0, 0, 0, 0, 0, 0, 1, 0, 0, 1, 0, 0, 0, 0, 0, 0, 0, 0, 0, 0, 0, 1, 0, 0, 1, 1, 1, 0, 0, 1, 0, 0, 0, 1, 1, 1, 0, 0, 0, 0, 0, 0, 0, 0, 0, 0, 0, 1, 0, 1, 0, 0, 0, 0, 0, 0, 0, 0, 0, 0, 0, 0, 0, 0, 0, 0, 0, 0, 0, 1, 0, 0, 0, 0, 0, 0, 1, 1, 0, 1, 0, 1, 0, 1, 0, 1, 0, 0, 1, 0, 0, 1, 1, 0, 1, 0, 0, 1, 0, 1, 0, 1, 0, 0, 0, 0, 0, 0, 0, 0, 0, 0, 0, 0, 0, 0, 1, 0, 0, 0, 0, 1, 0, 0, 1, 0, 0, 0, 0, 1, 0, 1, 0, 0, 0, 0, 0, 1, 1, 0]

BESTFULLDTW=(132, 630, 0.20952380952380953)
LISTFULLDTW=[1, 0, 0, 0, 0, 0, 0, 0, 0, 0, 0, 0, 1, 0, 0, 1, 0, 0, 0, 0, 0, 0, 1, 0, 0, 0, 0, 1, 1, 0, 0, 0, 1, 0, 0, 0, 0, 0, 0, 0, 1, 0, 0, 1, 1, 0, 0, 0, 0, 0, 0, 0, 0, 0, 0, 0, 0, 0, 0, 0, 1, 0, 0, 1, 0, 0, 1, 0, 0, 0, 0, 0, 0, 1, 0, 0, 0, 0, 0, 0, 0, 0, 1, 0, 0, 0, 0, 1, 0, 0, 1, 0, 0, 0, 1, 1, 0, 0, 0, 0, 0, 1, 0, 0, 0, 0, 1, 1, 0, 1, 0, 1, 1, 0, 0, 0, 1, 0, 0, 0, 1, 1, 0, 0, 1, 0, 0, 1, 0, 0, 0, 1, 0, 0, 1, 0, 0, 0, 1, 0, 0, 0, 0, 0, 0, 0, 0, 0, 0, 0, 1, 0, 0, 0, 0, 0, 0, 0, 1, 0, 0, 1, 0, 0, 0, 0, 0, 0, 0, 1, 0, 0, 0, 0, 0, 0, 0, 1, 0, 1, 0, 0, 0, 0, 0, 0, 0, 0, 0, 0, 0, 0, 0, 0, 0, 0, 0, 0, 0, 0, 0, 0, 1, 0, 0, 0, 0, 0, 1, 1, 0, 0, 1, 0, 0, 1, 0, 0, 0, 0, 0, 0, 0, 0, 0, 0, 0, 0, 0, 0, 0, 0, 0, 0, 0, 0, 1, 0, 0, 0, 0, 0, 1, 0, 0, 0, 0, 0, 1, 0, 0, 0, 0, 0, 0, 0, 1, 0, 0, 0, 0, 0, 0, 0, 0, 0, 1, 1, 0, 0, 0, 0, 0, 1, 0, 0, 0, 0, 0, 0, 1, 0, 0, 0, 1, 0, 0, 0, 0, 0, 0, 0, 1, 0, 0, 0, 1, 1, 0, 0, 1, 1, 0, 1, 0, 0, 0, 0, 0, 0, 0, 0, 0, 0, 0, 0, 1, 0, 0, 1, 0, 0, 0, 0, 0, 0, 0, 0, 0, 0, 0, 1, 0, 0, 0, 0, 0, 0, 0, 0, 0, 1, 0, 0, 0, 1, 0, 0, 1, 0, 0, 0, 0, 1, 1, 0, 0, 0, 0, 0, 0, 0, 0, 1, 1, 0, 1, 0, 0, 0, 1, 0, 0, 0, 0, 0, 0, 1, 0, 1, 0, 1, 0, 0, 1, 0, 0, 0, 0, 0, 0, 1, 0, 0, 1, 0, 0, 0, 0, 1, 0, 0, 1, 0, 1, 0, 0, 0, 0, 0, 1, 0, 0, 0, 1, 0, 1, 0, 0, 0, 0, 0, 1, 0, 0, 0, 1, 0, 0, 0, 0, 0, 0, 0, 0, 1, 0, 0, 0, 1, 1, 1, 0, 0, 0, 0, 0, 1, 0, 0, 1, 0, 0, 0, 0, 0, 0, 0, 0, 1, 0, 1, 0, 0, 0, 0, 1, 0, 0, 0, 0, 1, 0, 0, 0, 0, 0, 1, 0, 0, 0, 0, 0, 0, 0, 0, 0, 1, 0, 1, 0, 0, 0, 0, 1, 0, 1, 0, 0, 0, 1, 0, 0, 0, 0, 1, 0, 0, 0, 0, 1, 0, 0, 0, 1, 0, 1, 0, 0, 1, 1, 1, 1, 0, 0, 1, 0, 1, 1, 0, 0, 0, 0, 0, 0, 0, 0, 1, 0, 0, 0, 1, 0, 0, 0, 0, 0, 0, 0, 1, 0, 1, 0, 0, 0, 1, 0, 1, 0, 0, 0, 0, 0, 0, 1, 0, 1, 1, 0, 1, 1, 1, 1, 1, 0, 0, 0, 0, 0, 0, 0, 0, 1, 0, 1, 0, 0, 1, 0, 0, 0, 0, 0, 0, 0, 0, 0, 0, 0, 0, 0, 0, 0, 1, 0, 0, 1, 0, 0, 0, 0, 0, 0, 0, 0, 1, 0, 0, 0, 0, 0, 0, 0, 0, 0, 0, 0, 0, 0, 0]

BESTCONSDTW=(93, 630, 0.14761904761904762)
LISTCONSDTW=[0, 1, 0, 0, 0, 0, 0, 1, 0, 0, 1, 0, 0, 0, 0, 0, 0, 0, 0, 0, 0, 0, 0, 0, 0, 0, 0, 1, 0, 0, 0, 0, 0, 1, 0, 0, 0, 0, 0, 0, 1, 0, 0, 0, 1, 0, 0, 0, 1, 1, 0, 0, 0, 0, 0, 0, 0, 0, 0, 0, 0, 0, 0, 0, 0, 0, 0, 0, 0, 0, 0, 0, 1, 0, 0, 0, 0, 0, 0, 0, 0, 0, 0, 0, 1, 0, 0, 0, 0, 1, 0, 0, 0, 0, 1, 0, 0, 0, 0, 0, 0, 1, 0, 0, 0, 0, 0, 0, 0, 0, 0, 0, 1, 0, 0, 0, 1, 0, 0, 0, 1, 0, 0, 0, 0, 0, 0, 1, 0, 0, 0, 1, 0, 0, 0, 0, 0, 0, 1, 0, 0, 0, 1, 0, 0, 0, 0, 0, 0, 0, 0, 0, 0, 0, 0, 0, 0, 0, 1, 0, 0, 0, 0, 0, 0, 0, 0, 0, 1, 1, 0, 0, 0, 0, 0, 0, 0, 1, 0, 0, 0, 0, 0, 0, 0, 1, 0, 0, 0, 0, 0, 0, 0, 0, 0, 0, 0, 0, 0, 0, 0, 0, 1, 0, 0, 0, 0, 0, 0, 0, 1, 0, 0, 0, 1, 0, 0, 0, 0, 0, 0, 0, 0, 0, 0, 0, 0, 0, 0, 0, 1, 0, 0, 0, 0, 0, 1, 0, 0, 0, 0, 0, 1, 1, 0, 0, 0, 0, 0, 0, 0, 0, 0, 0, 0, 0, 1, 0, 0, 0, 0, 0, 0, 0, 0, 0, 1, 0, 0, 0, 0, 0, 0, 0, 0, 0, 0, 0, 0, 0, 1, 0, 0, 1, 0, 0, 0, 0, 0, 0, 0, 0, 0, 0, 0, 0, 0, 0, 0, 0, 1, 0, 0, 1, 0, 0, 1, 0, 0, 0, 0, 0, 0, 0, 0, 1, 0, 0, 0, 0, 0, 0, 1, 0, 0, 0, 0, 0, 0, 0, 0, 1, 0, 0, 0, 0, 0, 0, 0, 0, 0, 1, 0, 0, 0, 1, 0, 0, 0, 0, 0, 0, 0, 0, 0, 0, 0, 0, 0, 0, 0, 0, 0, 0, 1, 0, 1, 0, 0, 0, 0, 0, 0, 0, 0, 0, 1, 0, 0, 1, 0, 1, 0, 1, 0, 0, 0, 1, 0, 0, 0, 1, 0, 0, 1, 0, 0, 0, 0, 0, 0, 0, 0, 0, 0, 0, 0, 0, 0, 0, 0, 0, 0, 0, 1, 0, 1, 0, 0, 0, 0, 0, 0, 0, 0, 0, 0, 0, 0, 0, 0, 0, 0, 0, 0, 0, 0, 0, 0, 1, 0, 1, 0, 0, 0, 0, 0, 1, 0, 0, 1, 0, 0, 0, 0, 0, 0, 0, 0, 1, 0, 1, 0, 0, 0, 0, 1, 0, 0, 0, 0, 0, 0, 0, 0, 0, 0, 0, 0, 0, 0, 0, 0, 0, 0, 0, 0, 0, 0, 1, 1, 0, 0, 0, 1, 0, 1, 0, 0, 1, 0, 0, 0, 0, 0, 0, 0, 0, 0, 0, 1, 0, 0, 0, 1, 1, 0, 0, 0, 1, 0, 1, 0, 1, 0, 1, 0, 0, 1, 0, 0, 0, 0, 0, 0, 0, 0, 1, 0, 1, 0, 0, 0, 0, 0, 0, 0, 0, 0, 0, 0, 0, 0, 0, 0, 0, 0, 1, 0, 1, 0, 0, 0, 0, 1, 0, 0, 1, 0, 1, 1, 1, 0, 1, 0, 0, 0, 0, 0, 0, 0, 0, 0, 0, 1, 0, 0, 0, 0, 0, 0, 1, 0, 0, 0, 0, 0, 0, 0, 0, 0, 0, 0, 1, 0, 0, 0, 0, 0, 0, 0, 0, 0, 0, 0, 1, 0, 0, 0, 0, 0, 1, 0, 0, 0, 0, 0, 1, 1, 0]

BESTGEM=(83, 630, 0.13174603174603175)
LISTGEM=[1, 1, 0, 0, 0, 0, 0, 0, 0, 0, 0, 0, 0, 0, 0, 0, 0, 0, 0, 0, 0, 0, 1, 1, 0, 0, 0, 0, 0, 0, 0, 1, 0, 0, 0, 0, 0, 0, 0, 0, 0, 0, 0, 0, 1, 0, 0, 0, 0, 1, 0, 0, 0, 0, 0, 0, 0, 0, 0, 0, 0, 0, 0, 0, 0, 0, 0, 0, 0, 0, 0, 0, 0, 1, 0, 0, 0, 0, 0, 0, 0, 1, 0, 0, 1, 0, 0, 0, 0, 1, 0, 0, 0, 0, 0, 0, 0, 0, 0, 0, 0, 0, 0, 1, 0, 0, 0, 0, 0, 0, 0, 0, 1, 0, 0, 0, 0, 0, 0, 0, 1, 0, 0, 0, 0, 0, 0, 0, 0, 0, 0, 0, 0, 0, 0, 0, 0, 0, 1, 0, 0, 0, 0, 0, 0, 0, 0, 0, 1, 0, 0, 0, 0, 0, 0, 0, 0, 0, 0, 0, 0, 0, 0, 0, 0, 0, 0, 0, 0, 1, 0, 0, 0, 0, 0, 0, 0, 1, 0, 0, 0, 0, 0, 0, 0, 1, 0, 0, 0, 0, 1, 0, 1, 0, 0, 0, 0, 1, 0, 0, 0, 0, 1, 0, 0, 0, 0, 0, 0, 0, 0, 0, 0, 0, 1, 0, 0, 0, 0, 0, 0, 0, 0, 0, 0, 0, 0, 0, 0, 0, 0, 0, 0, 0, 0, 0, 1, 0, 0, 0, 0, 0, 1, 1, 0, 0, 0, 0, 0, 0, 0, 0, 0, 0, 0, 0, 0, 0, 0, 0, 0, 0, 0, 0, 0, 0, 1, 0, 0, 1, 0, 0, 0, 1, 0, 0, 0, 0, 0, 0, 0, 0, 0, 0, 0, 0, 0, 0, 0, 0, 0, 0, 0, 1, 0, 0, 0, 0, 0, 0, 0, 0, 0, 0, 0, 0, 1, 0, 0, 0, 0, 0, 0, 0, 0, 1, 1, 0, 0, 0, 0, 0, 1, 0, 0, 0, 0, 0, 0, 0, 0, 0, 0, 0, 0, 0, 0, 0, 0, 0, 0, 1, 0, 0, 0, 1, 0, 0, 0, 0, 0, 0, 0, 0, 1, 0, 0, 0, 0, 0, 0, 0, 1, 0, 0, 0, 1, 0, 0, 0, 0, 0, 0, 0, 0, 0, 1, 0, 0, 0, 0, 1, 0, 1, 0, 0, 1, 1, 0, 0, 0, 0, 0, 0, 1, 0, 0, 0, 0, 0, 0, 0, 1, 0, 0, 0, 0, 0, 0, 0, 1, 0, 0, 0, 0, 1, 1, 0, 0, 0, 0, 0, 0, 0, 0, 0, 1, 0, 0, 1, 0, 1, 0, 0, 0, 0, 0, 0, 0, 0, 0, 1, 0, 0, 0, 0, 0, 0, 0, 0, 1, 0, 1, 0, 0, 0, 0, 0, 0, 1, 0, 0, 0, 0, 0, 1, 1, 0, 0, 0, 0, 0, 0, 0, 0, 0, 0, 1, 0, 0, 0, 0, 0, 0, 0, 0, 0, 0, 1, 0, 0, 0, 1, 0, 0, 0, 0, 0, 0, 1, 0, 0, 0, 0, 0, 0, 0, 0, 0, 0, 0, 0, 0, 0, 0, 0, 1, 0, 0, 0, 1, 0, 0, 1, 0, 1, 0, 1, 1, 0, 0, 0, 0, 0, 0, 0, 0, 1, 0, 1, 0, 0, 0, 0, 0, 0, 0, 0, 0, 0, 0, 0, 0, 0, 0, 0, 0, 1, 0, 0, 0, 0, 0, 1, 0, 0, 0, 1, 0, 0, 1, 0, 1, 1, 0, 0, 0, 0, 1, 0, 0, 0, 0, 0, 0, 0, 0, 0, 0, 0, 0, 0, 0, 0, 0, 0, 0, 0, 0, 0, 0, 0, 0, 0, 0, 0, 0, 1, 1, 1, 0, 0, 0, 0, 0, 1, 0, 0, 0, 0, 0, 0, 0, 0, 0, 0, 0, 1, 0, 0]

