# shuffled stratified split (indices referring to UCR database)
TESTINDEX=[ 35 314 134 288 160 285  91  68  81 137 329 162 203 223 323 156 242  38
 167 221 349  83 273 310  33 275 173 318  53 184 153  66  45 302 343 315
 176 175 327 272 180 296 300 307  17  73 109 345 233 145 232 347 215 186
 172 171 206 259  80 316 130  76   6 200 136 244  27   9 192 131  15 188
   5 190 105 129 102 111 325 253 220 212 251 177 143 344  95 107  37 117
  77  10 201 209 236 337  99 141  69 106  11 219 100 101 342  44 169  70
 214   8 225  32 286 182 297 119 289 124   0 118 168 230 292  72  94 261
 265 135 164 151 331 179 121 146 113 258 249 208 210  93 267  64  62  67
   1 205 290  47 255  78 227 159  42   4 282  96 128  48  90 338 132 187
 147 260 301 194 110 185 237 303 204 142 170  74 150]
TRAININDEX=[312 263 183 125 299 216 295 228 222  75 235 224  26 103 158 346 308  61
 202 280 276 166 108  14 189  30 270 317  52  56  59 340  36 139 239 195
 112 197  49 304 163 287  55 149 326 269 155 217  84  23  41 268  86 294
 181 311 271  20 283 277 116 240 196 218 330 298 193 211 247 198 291 320
 306 348  65 322 309  51 104 278  88 234 332 254  21 115 127  31 339 148
 341 123 229  18 248  60 174 264  40  89  85 305 120  24 245 114 250  46
  97  22 321 154  63  82 213 252 246 133  50 144  16  71 152  87   2 165
   7  98 226 324 279  34 241 243 293  92 199  13 257  28 284  29  43 266
 262 319 157 138 256 238 333  19 191  25  58 328 281   3 334 313  54  57
 126 274 122 335 161 231  79 178 336  39 207  12 140]

# learned parameters for cdtw and gem
# dtw ((error, size, error/size), (window, sqr))
# gem ((error, size, error/size), (St0, St1, E, sym, sqr))
BESTLEARNCONSDTW=((31, 175, 0.17714285714285713), (0.02, True))
LISTLEARNCONSDTW=[((31, 175, 0.17714285714285713), (0.02, True)), ((32, 175, 0.18285714285714286), (0.01, True)), ((33, 175, 0.18857142857142858), (0.0, True)), ((35, 175, 0.20000000000000001), (0.029999999999999999, True)), ((36, 175, 0.20571428571428571), (0.040000000000000001, True)), ((36, 175, 0.20571428571428571), (0.070000000000000007, True)), ((39, 175, 0.22285714285714286), (0.059999999999999998, True)), ((40, 175, 0.22857142857142856), (0.050000000000000003, True)), ((41, 175, 0.23428571428571429), (0.080000000000000002, True)), ((42, 175, 0.23999999999999999), (0.089999999999999997, True)), ((44, 175, 0.25142857142857145), (0.10000000000000001, True)), ((44, 175, 0.25142857142857145), (0.11, True)), ((45, 175, 0.25714285714285712), (0.12, True)), ((46, 175, 0.26285714285714284), (0.13, True)), ((46, 175, 0.26285714285714284), (0.14000000000000001, True)), ((46, 175, 0.26285714285714284), (0.14999999999999999, True)), ((46, 175, 0.26285714285714284), (0.16, True)), ((46, 175, 0.26285714285714284), (0.17000000000000001, True)), ((46, 175, 0.26285714285714284), (0.17999999999999999, True)), ((46, 175, 0.26285714285714284), (0.19, True)), ((46, 175, 0.26285714285714284), (0.20000000000000001, True))]

BESTLEARNGEM=((10, 175, 0.057142857142857141), (2, 1, 0.0625, True, True))
LISTLEARNGEM=[((10, 175, 0.057142857142857141), (2, 1, 0.0625, True, True)), ((11, 175, 0.062857142857142861), (2, 1, 0.03125, True, True)), ((13, 175, 0.074285714285714288), (2, 1, 0.125, True, True)), ((14, 175, 0.080000000000000002), (2, 1, 0.015625, True, True)), ((14, 175, 0.080000000000000002), (2, 2, 0.5, True, True)), ((16, 175, 0.091428571428571428), (2, 1, 0.5, True, True)), ((17, 175, 0.097142857142857142), (2, 1, 0.25, True, True)), ((19, 175, 0.10857142857142857), (2, 2, 0.125, True, True)), ((20, 175, 0.11428571428571428), (2, 2, 0.0078125, True, True)), ((20, 175, 0.11428571428571428), (2, 2, 0.03125, True, True)), ((21, 175, 0.12), (2, 2, 0.015625, True, True)), ((21, 175, 0.12), (2, 2, 0.0625, True, True)), ((22, 175, 0.12571428571428572), (2, 1, 0.0078125, True, True)), ((23, 175, 0.13142857142857142), (1, 1, 0.125, True, True)), ((23, 175, 0.13142857142857142), (1, 2, 0.125, True, True)), ((24, 175, 0.13714285714285715), (1, 1, 0.0625, True, True)), ((24, 175, 0.13714285714285715), (1, 1, 0.25, True, True)), ((24, 175, 0.13714285714285715), (1, 2, 0.0625, True, True)), ((24, 175, 0.13714285714285715), (1, 2, 0.25, True, True)), ((24, 175, 0.13714285714285715), (2, 1, 0.00390625, True, True)), ((24, 175, 0.13714285714285715), (2, 2, 0.00390625, True, True)), ((25, 175, 0.14285714285714285), (2, 1, 0, True, True)), ((25, 175, 0.14285714285714285), (2, 2, 0, True, True)), ((25, 175, 0.14285714285714285), (2, 2, 0.25, True, True)), ((26, 175, 0.14857142857142858), (1, 1, 0.03125, True, True)), ((26, 175, 0.14857142857142858), (1, 1, 0.5, True, True)), ((26, 175, 0.14857142857142858), (1, 2, 0.03125, True, True)), ((26, 175, 0.14857142857142858), (1, 2, 0.5, True, True)), ((31, 175, 0.17714285714285713), (1, 1, 0.015625, True, True)), ((31, 175, 0.17714285714285713), (1, 2, 0.015625, True, True)), ((32, 175, 0.18285714285714286), (1, 1, 0.0078125, True, True)), ((32, 175, 0.18285714285714286), (1, 2, 0.0078125, True, True)), ((33, 175, 0.18857142857142858), (1, 1, 0.00390625, True, True)), ((33, 175, 0.18857142857142858), (1, 2, 0.00390625, True, True)), ((42, 175, 0.23999999999999999), (1, 1, 0, True, True)), ((42, 175, 0.23999999999999999), (1, 2, 0, True, True))]


# error rates for different distance measures
# (error, size, error/size) and binary mask
BESTLP=(31, 175, 0.17714285714285713)
LISTLP=[0, 0, 1, 1, 0, 0, 1, 1, 0, 0, 0, 0, 0, 0, 0, 0, 1, 0, 1, 0, 0, 0, 0, 0, 0, 0, 0, 1, 0, 0, 0, 0, 1, 0, 0, 0, 0, 0, 0, 0, 0, 0, 0, 0, 0, 1, 0, 0, 0, 0, 0, 0, 0, 0, 0, 0, 0, 0, 0, 0, 0, 0, 0, 0, 0, 0, 0, 0, 1, 1, 0, 1, 1, 0, 0, 0, 0, 0, 0, 0, 0, 0, 0, 0, 0, 0, 0, 1, 0, 0, 0, 1, 0, 1, 0, 0, 1, 1, 0, 1, 0, 0, 0, 0, 0, 0, 0, 0, 0, 1, 0, 0, 0, 0, 1, 0, 0, 0, 0, 0, 0, 1, 0, 1, 1, 0, 1, 0, 0, 0, 0, 0, 0, 0, 0, 0, 1, 0, 0, 0, 0, 0, 0, 0, 0, 0, 0, 1, 1, 0, 0, 0, 0, 0, 0, 0, 0, 0, 0, 1, 0, 1, 0, 0, 0, 0, 0, 1, 0, 0, 0, 0, 0, 0, 0]

BESTFULLDTW=(49, 175, 0.28000000000000003)
LISTFULLDTW=[0, 0, 0, 1, 0, 0, 0, 1, 0, 0, 0, 0, 0, 0, 1, 0, 1, 0, 0, 0, 1, 0, 0, 0, 1, 0, 0, 0, 1, 0, 0, 0, 1, 1, 0, 0, 0, 0, 0, 1, 0, 0, 1, 0, 0, 1, 0, 1, 0, 0, 0, 0, 0, 0, 0, 0, 0, 0, 0, 0, 1, 0, 1, 0, 0, 0, 1, 0, 0, 1, 1, 1, 0, 0, 0, 0, 0, 0, 1, 0, 1, 0, 0, 1, 0, 0, 1, 0, 0, 0, 0, 0, 0, 0, 0, 0, 0, 1, 0, 0, 0, 0, 0, 0, 0, 0, 0, 0, 1, 1, 0, 0, 0, 0, 1, 1, 0, 0, 0, 1, 1, 1, 0, 1, 1, 0, 1, 0, 0, 0, 0, 0, 1, 0, 0, 1, 1, 1, 1, 0, 0, 1, 0, 0, 1, 1, 0, 1, 0, 0, 0, 0, 1, 0, 0, 0, 1, 0, 0, 1, 0, 0, 0, 0, 0, 0, 0, 1, 0, 1, 0, 0, 0, 1, 0]

BESTCONSDTW=(38, 175, 0.21714285714285714)
LISTCONSDTW=[0, 0, 0, 1, 0, 0, 0, 1, 0, 0, 0, 0, 0, 0, 0, 1, 1, 0, 1, 0, 0, 0, 1, 1, 1, 0, 0, 0, 1, 0, 0, 0, 1, 1, 0, 0, 0, 0, 0, 0, 0, 0, 0, 0, 0, 1, 0, 0, 0, 0, 0, 0, 0, 0, 0, 0, 0, 0, 0, 0, 1, 0, 0, 0, 0, 0, 0, 0, 1, 1, 0, 1, 0, 0, 0, 0, 0, 0, 0, 0, 1, 0, 0, 0, 0, 0, 1, 1, 0, 0, 0, 1, 0, 1, 0, 1, 0, 1, 0, 1, 0, 0, 0, 0, 0, 0, 0, 0, 1, 1, 0, 0, 0, 0, 1, 0, 0, 0, 0, 0, 0, 1, 0, 0, 1, 0, 1, 0, 0, 0, 0, 0, 0, 0, 0, 1, 1, 0, 0, 0, 0, 1, 0, 0, 0, 1, 0, 0, 0, 0, 0, 0, 0, 0, 0, 0, 1, 0, 0, 1, 0, 1, 0, 0, 0, 0, 0, 1, 0, 0, 0, 0, 0, 0, 0]

BESTGEM=(14, 175, 0.080000000000000002)
LISTGEM=[0, 0, 0, 0, 0, 0, 0, 1, 0, 0, 0, 0, 0, 0, 0, 0, 1, 0, 0, 0, 0, 0, 0, 0, 0, 0, 0, 1, 0, 0, 0, 0, 0, 0, 0, 0, 0, 0, 0, 0, 0, 0, 0, 0, 0, 0, 0, 0, 0, 0, 0, 0, 0, 0, 0, 0, 0, 0, 0, 0, 0, 0, 0, 0, 0, 0, 0, 0, 0, 1, 0, 0, 0, 0, 0, 0, 0, 0, 0, 0, 1, 0, 0, 0, 0, 0, 0, 0, 0, 0, 0, 0, 0, 0, 0, 0, 0, 1, 0, 0, 0, 0, 0, 0, 0, 0, 0, 0, 0, 1, 0, 0, 0, 0, 0, 0, 1, 0, 0, 0, 0, 1, 0, 0, 0, 0, 1, 0, 1, 0, 0, 0, 0, 0, 0, 0, 0, 0, 0, 0, 0, 0, 0, 0, 0, 0, 0, 0, 0, 0, 0, 0, 0, 0, 0, 0, 0, 0, 0, 1, 0, 0, 0, 0, 0, 0, 0, 1, 0, 1, 0, 0, 0, 0, 0]

