# shuffled stratified split (indices referring to UCR database)
TESTINDEX=[152  94 214 279 305  16 213  71  15 104 245  28 139 319  59 160 304  74
 113 275 315 272 235  26  13 173 216 277 313 128 330 347 133 149 189 118
 188 283 321 204 212 303 103 276 297 155 219 119  79 105 217  32  37 142
 191 342 267 206 110 131  57  78  95 289 220 242  47 323 329 239  52 197
 263  64 158  87 137 290  49  11 259 121  81 108  68 165 320 345  70 135
 285 287   1 200 338 324 233 209 295 273 316 247  98 184   2 168  77 183
 240 260  43 166 107 130 215 199 340  82  67 161 193 170  83  55 125 144
  88 195 312 129 227 286  84 175 341 266  93 248 115 335 293 237 328 223
 349  21 162 288 203 346 291 116 180 117 114  97  46 111 333 186  23 164
 150  40 244 236 269 327  20  62 311 101  99 148 124]
TRAININDEX=[ 19 284  76  92 172 140 208 187  91   3 202  12   9 294  36  60   6 181
 310 325 302 132 300 177  38 262  61 145 306 100  17 343 246 241 224  90
 296 257 292 309  34 109  44 192 251 249 268 229 154   7 102 138 282  72
  56 278 337 225  65 334 151 298  50 265 332 207  73 250  24 218  80 243
 318 196 179  35 336 231   8 178  66 281 201 308  51  22 253  96  85  27
  75 322 264 126  18  48 256 147  63 344 169  45 159 134 185 211 171 299
 339   5 317 136 106 174 167 127 261  86 234  31 258 176 122 226 238 205
 194 252 163 210 222   0 221 156 182 307  42 230 112  69 254 157 280 314
 146 232  39 326  54  25  41 271 190  58 255 270  29 348 228  89 301 123
 153  33 143  14 120 274 141   4  10  53  30 198 331]

# learned parameters for cdtw and gem
# dtw ((error, size, error/size), (window, sqr))
# gem ((error, size, error/size), (St0, St1, E, sym, sqr))
BESTLEARNCONSDTW=((35, 175, 0.20000000000000001), (0.029999999999999999, True))
LISTLEARNCONSDTW=[((35, 175, 0.20000000000000001), (0.01, True)), ((35, 175, 0.20000000000000001), (0.02, True)), ((35, 175, 0.20000000000000001), (0.029999999999999999, True)), ((35, 175, 0.20000000000000001), (0.040000000000000001, True)), ((36, 175, 0.20571428571428571), (0.050000000000000003, True)), ((38, 175, 0.21714285714285714), (0.059999999999999998, True)), ((38, 175, 0.21714285714285714), (0.070000000000000007, True)), ((39, 175, 0.22285714285714286), (0.080000000000000002, True)), ((40, 175, 0.22857142857142856), (0.089999999999999997, True)), ((40, 175, 0.22857142857142856), (0.10000000000000001, True)), ((40, 175, 0.22857142857142856), (0.11, True)), ((40, 175, 0.22857142857142856), (0.12, True)), ((40, 175, 0.22857142857142856), (0.13, True)), ((40, 175, 0.22857142857142856), (0.14000000000000001, True)), ((40, 175, 0.22857142857142856), (0.14999999999999999, True)), ((40, 175, 0.22857142857142856), (0.16, True)), ((40, 175, 0.22857142857142856), (0.17000000000000001, True)), ((40, 175, 0.22857142857142856), (0.17999999999999999, True)), ((40, 175, 0.22857142857142856), (0.19, True)), ((40, 175, 0.22857142857142856), (0.20000000000000001, True)), ((45, 175, 0.25714285714285712), (0.0, True))]

BESTLEARNGEM=((12, 175, 0.068571428571428575), (2, 1, 0.25, True, True))
LISTLEARNGEM=[((12, 175, 0.068571428571428575), (2, 1, 0.125, True, True)), ((12, 175, 0.068571428571428575), (2, 1, 0.25, True, True)), ((13, 175, 0.074285714285714288), (2, 1, 0.03125, True, True)), ((13, 175, 0.074285714285714288), (2, 1, 0.5, True, True)), ((15, 175, 0.085714285714285715), (2, 2, 0.5, True, True)), ((17, 175, 0.097142857142857142), (2, 1, 0.015625, True, True)), ((17, 175, 0.097142857142857142), (2, 2, 0.25, True, True)), ((18, 175, 0.10285714285714286), (2, 1, 0.0625, True, True)), ((19, 175, 0.10857142857142857), (2, 2, 0.03125, True, True)), ((21, 175, 0.12), (2, 1, 0.0078125, True, True)), ((21, 175, 0.12), (2, 2, 0.0625, True, True)), ((21, 175, 0.12), (2, 2, 0.125, True, True)), ((23, 175, 0.13142857142857142), (2, 2, 0.015625, True, True)), ((25, 175, 0.14285714285714285), (2, 1, 0.00390625, True, True)), ((26, 175, 0.14857142857142858), (2, 2, 0.0078125, True, True)), ((28, 175, 0.16), (2, 2, 0, True, True)), ((28, 175, 0.16), (2, 2, 0.00390625, True, True)), ((30, 175, 0.17142857142857143), (2, 1, 0, True, True)), ((34, 175, 0.19428571428571428), (1, 1, 0.0625, True, True)), ((34, 175, 0.19428571428571428), (1, 2, 0.0625, True, True)), ((35, 175, 0.20000000000000001), (1, 1, 0.015625, True, True)), ((35, 175, 0.20000000000000001), (1, 1, 0.03125, True, True)), ((35, 175, 0.20000000000000001), (1, 2, 0.015625, True, True)), ((35, 175, 0.20000000000000001), (1, 2, 0.03125, True, True)), ((38, 175, 0.21714285714285714), (1, 1, 0.125, True, True)), ((38, 175, 0.21714285714285714), (1, 1, 0.25, True, True)), ((38, 175, 0.21714285714285714), (1, 1, 0.5, True, True)), ((38, 175, 0.21714285714285714), (1, 2, 0.125, True, True)), ((38, 175, 0.21714285714285714), (1, 2, 0.25, True, True)), ((38, 175, 0.21714285714285714), (1, 2, 0.5, True, True)), ((39, 175, 0.22285714285714286), (1, 1, 0.00390625, True, True)), ((39, 175, 0.22285714285714286), (1, 2, 0.00390625, True, True)), ((40, 175, 0.22857142857142856), (1, 1, 0.0078125, True, True)), ((40, 175, 0.22857142857142856), (1, 2, 0.0078125, True, True)), ((44, 175, 0.25142857142857145), (1, 1, 0, True, True)), ((44, 175, 0.25142857142857145), (1, 2, 0, True, True))]


# error rates for different distance measures
# (error, size, error/size) and binary mask
BESTLP=(27, 175, 0.15428571428571428)
LISTLP=[0, 1, 1, 0, 0, 1, 0, 1, 0, 1, 0, 0, 0, 0, 1, 0, 0, 0, 0, 0, 0, 0, 0, 0, 0, 0, 0, 0, 0, 0, 0, 0, 0, 0, 1, 0, 0, 0, 0, 0, 0, 0, 0, 0, 0, 0, 0, 0, 0, 0, 0, 0, 0, 0, 1, 0, 0, 0, 0, 1, 0, 0, 0, 0, 0, 1, 0, 0, 0, 0, 0, 0, 1, 0, 0, 0, 0, 0, 0, 0, 0, 0, 0, 0, 0, 0, 0, 0, 0, 0, 0, 0, 0, 0, 1, 0, 0, 1, 0, 1, 0, 0, 0, 0, 0, 0, 0, 0, 0, 0, 0, 0, 1, 0, 0, 1, 1, 0, 0, 1, 0, 0, 0, 0, 1, 0, 0, 0, 0, 0, 0, 0, 0, 0, 0, 0, 0, 0, 1, 0, 1, 0, 1, 0, 1, 0, 0, 1, 0, 0, 0, 0, 0, 0, 0, 0, 0, 0, 0, 0, 0, 0, 0, 1, 0, 0, 0, 0, 1, 0, 0, 0, 1, 0, 0]

BESTFULLDTW=(39, 175, 0.22285714285714286)
LISTFULLDTW=[0, 1, 1, 0, 0, 0, 0, 1, 1, 0, 0, 0, 0, 0, 1, 0, 0, 0, 0, 0, 0, 0, 0, 0, 0, 0, 0, 0, 0, 1, 1, 0, 0, 0, 1, 0, 0, 0, 0, 0, 0, 1, 1, 0, 0, 0, 0, 1, 0, 0, 0, 0, 0, 1, 1, 1, 0, 0, 0, 1, 0, 0, 1, 0, 0, 1, 0, 1, 0, 0, 1, 0, 0, 0, 0, 1, 0, 0, 0, 0, 0, 0, 0, 1, 1, 0, 0, 1, 0, 0, 0, 0, 1, 0, 1, 0, 0, 0, 0, 1, 0, 0, 0, 0, 0, 1, 0, 1, 0, 0, 0, 0, 0, 1, 1, 0, 1, 0, 0, 0, 0, 0, 0, 0, 1, 0, 0, 0, 0, 0, 0, 0, 0, 0, 0, 1, 0, 0, 0, 0, 1, 0, 0, 0, 1, 1, 0, 1, 0, 0, 0, 1, 0, 0, 0, 0, 0, 0, 0, 0, 0, 0, 0, 1, 0, 0, 0, 0, 0, 0, 0, 0, 0, 0, 0]

BESTCONSDTW=(33, 175, 0.18857142857142858)
LISTCONSDTW=[0, 0, 0, 0, 0, 0, 0, 1, 1, 0, 0, 0, 0, 0, 1, 0, 0, 0, 0, 1, 0, 0, 0, 0, 0, 0, 1, 0, 1, 0, 0, 0, 0, 0, 1, 0, 0, 0, 0, 0, 0, 1, 0, 0, 0, 0, 0, 0, 0, 1, 0, 0, 1, 0, 0, 0, 0, 0, 0, 1, 0, 0, 1, 0, 0, 1, 0, 0, 0, 0, 0, 0, 1, 0, 0, 1, 0, 0, 0, 0, 0, 0, 0, 0, 0, 0, 0, 0, 0, 0, 0, 0, 1, 0, 1, 0, 0, 0, 1, 1, 0, 0, 0, 0, 0, 1, 0, 0, 0, 1, 0, 0, 0, 1, 1, 0, 1, 0, 0, 0, 0, 0, 0, 0, 1, 0, 0, 0, 0, 0, 0, 0, 0, 0, 0, 1, 0, 0, 0, 0, 1, 1, 1, 0, 0, 1, 0, 1, 0, 0, 0, 0, 0, 0, 0, 0, 0, 0, 0, 0, 0, 0, 0, 1, 0, 0, 0, 0, 1, 0, 0, 0, 0, 0, 0]

BESTGEM=(17, 175, 0.097142857142857142)
LISTGEM=[0, 0, 0, 0, 0, 0, 0, 0, 0, 0, 0, 0, 0, 0, 0, 0, 0, 0, 0, 0, 0, 0, 0, 0, 0, 0, 0, 0, 0, 0, 0, 0, 0, 0, 0, 0, 0, 0, 0, 0, 0, 0, 0, 0, 0, 1, 0, 0, 0, 0, 0, 0, 0, 0, 0, 0, 0, 0, 0, 0, 0, 0, 1, 1, 1, 1, 0, 0, 0, 0, 1, 0, 1, 0, 0, 0, 0, 0, 0, 0, 0, 0, 0, 0, 1, 0, 0, 0, 0, 0, 0, 0, 0, 0, 1, 0, 0, 0, 0, 0, 0, 0, 0, 0, 0, 0, 0, 0, 1, 0, 0, 0, 0, 0, 0, 1, 0, 0, 0, 0, 0, 0, 0, 0, 0, 0, 0, 0, 0, 0, 0, 0, 0, 0, 1, 0, 0, 0, 1, 0, 0, 1, 1, 0, 0, 0, 0, 0, 0, 0, 0, 0, 0, 0, 0, 0, 0, 0, 0, 0, 0, 1, 0, 0, 0, 0, 0, 0, 1, 0, 0, 0, 0, 0, 0]

