# shuffled stratified split (indices referring to UCR database)
TESTINDEX=[ 97 106  50  30 205  93 142  81   7 191 206 254 150 238 281 314 306 292
 318 252 278 200 126  89 298 167 248 236 135 115  39 163 289  24 228 223
  72 138  22  52 245 165  19 112  70 320 196 264  36  47  16 255 322 331
 168 229 203 208 198   8 131 349  44 156 302 211 140 143 117 250  21   3
 230  23 237 330 346 301 235 127 311 197 234 151 183  43 199  28 316 210
 336 141 213  46 185 103 261   2   4 110 268 153 178 321  99 108 133   6
 121 312 295 113 275 276 274 162 139 209 244 180  51 157  31   5 313  11
 305 317 260  27 192  41 328 149 224 128  94  91 201 333  63 182 217  69
 177 175  98  15 164 347 174 247 315  10  60  71 271 181 287  34  87 296
 170 338  85 171 329 214 231   1 146  84 204 190 158]
TRAININDEX=[136 207 184  32 279 344  26 134 290 272 111 310 118 299 125 285  53 120
 277 270 265 284 144 172 159 253 294  37 155  76  42 154 293 240  29  57
 291  18  25 109 105 179  86  49 242 266  20 282  78  45 124  80 212  90
 132  55 187  58  12 176 215 221 148 286  68 297 249 337 288 324 256  40
  67   9 193 239 160   0 216  83  95 308  73  64 343 114 345 273 233 219
 342 161  17 220  66 280 348 101 130  88 189 263  13 147  61 104 246 232
 340  56 152  59 327 267  92  82 227 304 107 226  62 145 100  75 325  79
 173 116 222 195 202 243 129  14 102 300 258 309 262  74 303 251 323 307
  77  96  33 188 166 283 339  38 137 119 334  35 269 319 123 257 186 218
 194 326 259 169  48  54 241 332 335  65 122 225 341]

# learned parameters for cdtw and gem
# dtw ((error, size, error/size), (window, sqr))
# gem ((error, size, error/size), (St0, St1, E, sym, sqr))
BESTLEARNCONSDTW=((27, 175, 0.15428571428571428), (0.0, True))
LISTLEARNCONSDTW=[((27, 175, 0.15428571428571428), (0.0, True)), ((28, 175, 0.16), (0.01, True)), ((31, 175, 0.17714285714285713), (0.02, True)), ((31, 175, 0.17714285714285713), (0.059999999999999998, True)), ((33, 175, 0.18857142857142858), (0.029999999999999999, True)), ((34, 175, 0.19428571428571428), (0.040000000000000001, True)), ((34, 175, 0.19428571428571428), (0.050000000000000003, True)), ((35, 175, 0.20000000000000001), (0.070000000000000007, True)), ((36, 175, 0.20571428571428571), (0.080000000000000002, True)), ((36, 175, 0.20571428571428571), (0.089999999999999997, True)), ((37, 175, 0.21142857142857144), (0.12, True)), ((37, 175, 0.21142857142857144), (0.13, True)), ((37, 175, 0.21142857142857144), (0.14000000000000001, True)), ((37, 175, 0.21142857142857144), (0.14999999999999999, True)), ((37, 175, 0.21142857142857144), (0.16, True)), ((37, 175, 0.21142857142857144), (0.17000000000000001, True)), ((37, 175, 0.21142857142857144), (0.17999999999999999, True)), ((37, 175, 0.21142857142857144), (0.19, True)), ((37, 175, 0.21142857142857144), (0.20000000000000001, True)), ((38, 175, 0.21714285714285714), (0.10000000000000001, True)), ((38, 175, 0.21714285714285714), (0.11, True))]

BESTLEARNGEM=((13, 175, 0.074285714285714288), (2, 1, 0.03125, True, True))
LISTLEARNGEM=[((13, 175, 0.074285714285714288), (2, 1, 0.03125, True, True)), ((14, 175, 0.080000000000000002), (2, 1, 0.0625, True, True)), ((14, 175, 0.080000000000000002), (2, 1, 0.125, True, True)), ((15, 175, 0.085714285714285715), (2, 1, 0.015625, True, True)), ((16, 175, 0.091428571428571428), (2, 1, 0.25, True, True)), ((16, 175, 0.091428571428571428), (2, 2, 0.5, True, True)), ((18, 175, 0.10285714285714286), (2, 1, 0.5, True, True)), ((18, 175, 0.10285714285714286), (2, 2, 0.25, True, True)), ((19, 175, 0.10857142857142857), (1, 1, 0.0625, True, True)), ((19, 175, 0.10857142857142857), (1, 2, 0.0625, True, True)), ((19, 175, 0.10857142857142857), (2, 1, 0.0078125, True, True)), ((20, 175, 0.11428571428571428), (1, 1, 0.03125, True, True)), ((20, 175, 0.11428571428571428), (1, 1, 0.125, True, True)), ((20, 175, 0.11428571428571428), (1, 2, 0.03125, True, True)), ((20, 175, 0.11428571428571428), (1, 2, 0.125, True, True)), ((20, 175, 0.11428571428571428), (2, 2, 0.015625, True, True)), ((20, 175, 0.11428571428571428), (2, 2, 0.125, True, True)), ((21, 175, 0.12), (2, 1, 0.00390625, True, True)), ((21, 175, 0.12), (2, 2, 0.03125, True, True)), ((21, 175, 0.12), (2, 2, 0.0625, True, True)), ((22, 175, 0.12571428571428572), (1, 1, 0.0078125, True, True)), ((22, 175, 0.12571428571428572), (1, 1, 0.015625, True, True)), ((22, 175, 0.12571428571428572), (1, 1, 0.25, True, True)), ((22, 175, 0.12571428571428572), (1, 2, 0.0078125, True, True)), ((22, 175, 0.12571428571428572), (1, 2, 0.015625, True, True)), ((22, 175, 0.12571428571428572), (1, 2, 0.25, True, True)), ((22, 175, 0.12571428571428572), (2, 2, 0, True, True)), ((22, 175, 0.12571428571428572), (2, 2, 0.00390625, True, True)), ((22, 175, 0.12571428571428572), (2, 2, 0.0078125, True, True)), ((24, 175, 0.13714285714285715), (1, 1, 0.00390625, True, True)), ((24, 175, 0.13714285714285715), (1, 1, 0.5, True, True)), ((24, 175, 0.13714285714285715), (1, 2, 0.00390625, True, True)), ((24, 175, 0.13714285714285715), (1, 2, 0.5, True, True)), ((24, 175, 0.13714285714285715), (2, 1, 0, True, True)), ((29, 175, 0.1657142857142857), (1, 1, 0, True, True)), ((29, 175, 0.1657142857142857), (1, 2, 0, True, True))]


# error rates for different distance measures
# (error, size, error/size) and binary mask
BESTLP=(45, 175, 0.25714285714285712)
LISTLP=[0, 1, 0, 0, 1, 0, 0, 0, 0, 1, 0, 0, 0, 0, 0, 0, 0, 0, 1, 0, 0, 0, 0, 0, 0, 1, 0, 0, 0, 1, 1, 0, 0, 0, 1, 1, 1, 1, 1, 0, 0, 0, 0, 0, 0, 0, 0, 0, 0, 0, 1, 1, 0, 0, 0, 1, 0, 0, 0, 1, 1, 0, 0, 0, 1, 0, 0, 0, 0, 0, 1, 0, 1, 0, 0, 0, 0, 0, 0, 1, 0, 0, 0, 0, 0, 0, 1, 0, 0, 0, 0, 1, 0, 0, 1, 0, 0, 0, 0, 0, 1, 0, 0, 0, 1, 0, 0, 0, 0, 0, 0, 0, 0, 0, 0, 0, 0, 1, 0, 0, 1, 0, 0, 0, 0, 0, 0, 1, 0, 1, 1, 1, 1, 0, 0, 1, 1, 1, 0, 0, 0, 0, 1, 0, 0, 0, 0, 1, 1, 0, 0, 0, 1, 1, 0, 1, 0, 0, 0, 1, 0, 1, 0, 1, 0, 0, 0, 0, 0, 0, 0, 0, 0, 0, 0]

BESTFULLDTW=(46, 175, 0.26285714285714284)
LISTFULLDTW=[0, 0, 0, 1, 1, 0, 0, 0, 0, 1, 0, 0, 0, 0, 0, 0, 0, 0, 1, 0, 0, 0, 0, 1, 0, 1, 0, 0, 0, 0, 1, 0, 0, 0, 0, 1, 0, 0, 0, 1, 0, 0, 0, 1, 0, 0, 0, 0, 0, 0, 0, 0, 0, 0, 1, 1, 0, 0, 1, 1, 1, 1, 1, 1, 1, 0, 0, 0, 0, 1, 1, 0, 1, 0, 0, 1, 1, 0, 0, 1, 0, 0, 0, 0, 0, 0, 0, 0, 0, 1, 0, 1, 0, 0, 1, 1, 0, 0, 0, 0, 1, 0, 0, 0, 0, 1, 0, 0, 0, 0, 0, 0, 0, 0, 0, 0, 0, 0, 0, 0, 1, 0, 1, 0, 0, 0, 0, 1, 1, 0, 0, 0, 0, 0, 0, 1, 1, 0, 0, 0, 0, 0, 0, 0, 1, 0, 0, 1, 0, 0, 0, 0, 0, 0, 0, 0, 0, 1, 0, 1, 1, 0, 0, 1, 1, 0, 0, 1, 0, 1, 0, 0, 0, 0, 0]

BESTCONSDTW=(45, 175, 0.25714285714285712)
LISTCONSDTW=[0, 1, 0, 0, 1, 0, 0, 0, 0, 1, 0, 0, 0, 0, 0, 0, 0, 0, 1, 0, 0, 0, 0, 0, 0, 1, 0, 0, 0, 1, 1, 0, 0, 0, 1, 1, 1, 1, 1, 0, 0, 0, 0, 0, 0, 0, 0, 0, 0, 0, 1, 1, 0, 0, 0, 1, 0, 0, 0, 1, 1, 0, 0, 0, 1, 0, 0, 0, 0, 0, 1, 0, 1, 0, 0, 0, 0, 0, 0, 1, 0, 0, 0, 0, 0, 0, 1, 0, 0, 0, 0, 1, 0, 0, 1, 0, 0, 0, 0, 0, 1, 0, 0, 0, 1, 0, 0, 0, 0, 0, 0, 0, 0, 0, 0, 0, 0, 1, 0, 0, 1, 0, 0, 0, 0, 0, 0, 1, 0, 1, 1, 1, 1, 0, 0, 1, 1, 1, 0, 0, 0, 0, 1, 0, 0, 0, 0, 1, 1, 0, 0, 0, 1, 1, 0, 1, 0, 0, 0, 1, 0, 1, 0, 1, 0, 0, 0, 0, 0, 0, 0, 0, 0, 0, 0]

BESTGEM=(17, 175, 0.097142857142857142)
LISTGEM=[0, 0, 0, 0, 1, 0, 0, 0, 0, 1, 0, 0, 0, 0, 0, 0, 0, 0, 1, 0, 0, 0, 0, 0, 0, 0, 0, 0, 0, 0, 1, 0, 1, 0, 0, 0, 0, 0, 0, 0, 0, 0, 0, 0, 0, 0, 0, 0, 0, 0, 0, 0, 0, 0, 0, 1, 0, 0, 0, 1, 0, 0, 0, 0, 1, 0, 0, 0, 0, 0, 1, 0, 1, 0, 0, 0, 0, 0, 0, 1, 0, 0, 0, 0, 0, 0, 0, 0, 0, 0, 0, 1, 0, 0, 1, 0, 0, 0, 0, 0, 1, 0, 0, 0, 0, 0, 0, 0, 0, 0, 0, 0, 0, 0, 0, 0, 0, 0, 0, 0, 0, 0, 0, 0, 0, 0, 0, 1, 0, 0, 0, 0, 0, 0, 0, 1, 0, 0, 0, 0, 0, 0, 0, 0, 0, 0, 0, 0, 0, 0, 0, 0, 0, 0, 0, 0, 0, 0, 0, 0, 0, 0, 0, 1, 0, 0, 0, 0, 0, 0, 0, 0, 0, 0, 0]

