# shuffled stratified split (indices referring to UCR database)
TESTINDEX=[101  49 103  19 158  35 161   4 175 197  98  75 153  17 174  34  78  56
  69 156 107 104  97  33 129  80  57  24  38 191  59 189  10  65   3  44
  11 133 112 194 183 155 152   2  73  42 100 105  96 199 186  31  60  92
  55  41   1 177  82  90 147 163  12  30 110 170 151 139  83   6 114  71
 187 146  84  62  61 140 116 172 119 138   7 171  39  37 142 123 120 154
 185 145 192  40  77 111 195 193 190 167]
TRAININDEX=[ 28  32  22  15  88 184 173 126 102 165  93 182 136  23  76  67 109 162
  87  81 137  51  91  50 144   9 150 166  58  64   5  99  70  13 125 106
   0  52  14 118 134  54 127  68  16 179 178  21 130 135 141 164 143 169
  85  29 196 188  74  63 131 159  95  53 124 148  45  48 157   8 160  26
 121 181  66  94  25 168  46  27 149  47  86 115  18 180 176  20 113  89
  72  43 128  36 122 117  79 132 108 198]

# learned parameters for cdtw and gem
# dtw ((error, size, error/size), (window, sqr))
# gem ((error, size, error/size), (St0, St1, E, sym, sqr))
BESTLEARNCONSDTW=((0, 100, 0.0), (0.12, True))
LISTLEARNCONSDTW=[((0, 100, 0.0), (0.029999999999999999, True)), ((0, 100, 0.0), (0.040000000000000001, True)), ((0, 100, 0.0), (0.050000000000000003, True)), ((0, 100, 0.0), (0.059999999999999998, True)), ((0, 100, 0.0), (0.070000000000000007, True)), ((0, 100, 0.0), (0.080000000000000002, True)), ((0, 100, 0.0), (0.089999999999999997, True)), ((0, 100, 0.0), (0.10000000000000001, True)), ((0, 100, 0.0), (0.11, True)), ((0, 100, 0.0), (0.12, True)), ((0, 100, 0.0), (0.13, True)), ((0, 100, 0.0), (0.14000000000000001, True)), ((0, 100, 0.0), (0.14999999999999999, True)), ((0, 100, 0.0), (0.16, True)), ((0, 100, 0.0), (0.17000000000000001, True)), ((0, 100, 0.0), (0.17999999999999999, True)), ((0, 100, 0.0), (0.19, True)), ((0, 100, 0.0), (0.20000000000000001, True)), ((1, 100, 0.01), (0.02, True)), ((9, 100, 0.09), (0.01, True)), ((21, 100, 0.21), (0.0, True))]

BESTLEARNGEM=((0, 100, 0.0), (2, 2, 0.03125, True, True))
LISTLEARNGEM=[((0, 100, 0.0), (2, 1, 0.015625, True, True)), ((0, 100, 0.0), (2, 2, 0, True, True)), ((0, 100, 0.0), (2, 2, 0.00390625, True, True)), ((0, 100, 0.0), (2, 2, 0.0078125, True, True)), ((0, 100, 0.0), (2, 2, 0.015625, True, True)), ((0, 100, 0.0), (2, 2, 0.03125, True, True)), ((0, 100, 0.0), (2, 2, 0.0625, True, True)), ((0, 100, 0.0), (2, 2, 0.125, True, True)), ((0, 100, 0.0), (2, 2, 0.25, True, True)), ((0, 100, 0.0), (2, 2, 0.5, True, True)), ((1, 100, 0.01), (2, 1, 0.00390625, True, True)), ((1, 100, 0.01), (2, 1, 0.0078125, True, True)), ((2, 100, 0.02), (2, 1, 0.03125, True, True)), ((2, 100, 0.02), (2, 1, 0.125, True, True)), ((3, 100, 0.03), (2, 1, 0.0625, True, True)), ((3, 100, 0.03), (2, 1, 0.25, True, True)), ((4, 100, 0.04), (2, 1, 0, True, True)), ((4, 100, 0.04), (2, 1, 0.5, True, True)), ((18, 100, 0.18), (1, 1, 0.25, True, True)), ((18, 100, 0.18), (1, 2, 0.25, True, True)), ((19, 100, 0.19), (1, 1, 0.125, True, True)), ((19, 100, 0.19), (1, 2, 0.125, True, True)), ((21, 100, 0.21), (1, 1, 0.015625, True, True)), ((21, 100, 0.21), (1, 1, 0.03125, True, True)), ((21, 100, 0.21), (1, 1, 0.0625, True, True)), ((21, 100, 0.21), (1, 1, 0.5, True, True)), ((21, 100, 0.21), (1, 2, 0.015625, True, True)), ((21, 100, 0.21), (1, 2, 0.03125, True, True)), ((21, 100, 0.21), (1, 2, 0.0625, True, True)), ((21, 100, 0.21), (1, 2, 0.5, True, True)), ((22, 100, 0.22), (1, 1, 0, True, True)), ((22, 100, 0.22), (1, 1, 0.00390625, True, True)), ((22, 100, 0.22), (1, 1, 0.0078125, True, True)), ((22, 100, 0.22), (1, 2, 0, True, True)), ((22, 100, 0.22), (1, 2, 0.00390625, True, True)), ((22, 100, 0.22), (1, 2, 0.0078125, True, True))]


# error rates for different distance measures
# (error, size, error/size) and binary mask
BESTLP=(23, 100, 0.23)
LISTLP=[0, 1, 0, 0, 0, 0, 0, 1, 0, 1, 1, 0, 0, 0, 1, 0, 0, 1, 0, 0, 0, 0, 0, 0, 0, 0, 0, 0, 0, 0, 1, 0, 0, 0, 0, 0, 0, 1, 0, 1, 0, 0, 0, 1, 0, 0, 0, 1, 0, 0, 0, 0, 0, 0, 1, 1, 0, 0, 0, 1, 0, 0, 1, 0, 0, 0, 0, 0, 0, 0, 0, 0, 0, 0, 0, 0, 1, 1, 0, 0, 0, 0, 0, 0, 0, 1, 1, 0, 0, 0, 1, 1, 0, 1, 0, 0, 0, 0, 0, 1]

BESTFULLDTW=(0, 100, 0.0)
LISTFULLDTW=[0, 0, 0, 0, 0, 0, 0, 0, 0, 0, 0, 0, 0, 0, 0, 0, 0, 0, 0, 0, 0, 0, 0, 0, 0, 0, 0, 0, 0, 0, 0, 0, 0, 0, 0, 0, 0, 0, 0, 0, 0, 0, 0, 0, 0, 0, 0, 0, 0, 0, 0, 0, 0, 0, 0, 0, 0, 0, 0, 0, 0, 0, 0, 0, 0, 0, 0, 0, 0, 0, 0, 0, 0, 0, 0, 0, 0, 0, 0, 0, 0, 0, 0, 0, 0, 0, 0, 0, 0, 0, 0, 0, 0, 0, 0, 0, 0, 0, 0, 0]

BESTCONSDTW=(0, 100, 0.0)
LISTCONSDTW=[0, 0, 0, 0, 0, 0, 0, 0, 0, 0, 0, 0, 0, 0, 0, 0, 0, 0, 0, 0, 0, 0, 0, 0, 0, 0, 0, 0, 0, 0, 0, 0, 0, 0, 0, 0, 0, 0, 0, 0, 0, 0, 0, 0, 0, 0, 0, 0, 0, 0, 0, 0, 0, 0, 0, 0, 0, 0, 0, 0, 0, 0, 0, 0, 0, 0, 0, 0, 0, 0, 0, 0, 0, 0, 0, 0, 0, 0, 0, 0, 0, 0, 0, 0, 0, 0, 0, 0, 0, 0, 0, 0, 0, 0, 0, 0, 0, 0, 0, 0]

BESTGEM=(0, 100, 0.0)
LISTGEM=[0, 0, 0, 0, 0, 0, 0, 0, 0, 0, 0, 0, 0, 0, 0, 0, 0, 0, 0, 0, 0, 0, 0, 0, 0, 0, 0, 0, 0, 0, 0, 0, 0, 0, 0, 0, 0, 0, 0, 0, 0, 0, 0, 0, 0, 0, 0, 0, 0, 0, 0, 0, 0, 0, 0, 0, 0, 0, 0, 0, 0, 0, 0, 0, 0, 0, 0, 0, 0, 0, 0, 0, 0, 0, 0, 0, 0, 0, 0, 0, 0, 0, 0, 0, 0, 0, 0, 0, 0, 0, 0, 0, 0, 0, 0, 0, 0, 0, 0, 0]

