# shuffled stratified split (indices referring to UCR database)
TESTINDEX=[239 666 662 603 796 420 402 532 753 553  36 773 106 109 338 321 203 788
 146 895 860 655 746  17  33 488 836 189 485 452 462 357 625 559 725 624
 787 722 768 432 819 715 670  52 521 754 693 327 874  76  90 752 169 616
 632 394  57 140 896 293 793 593 581 665 437 872 367  77 809 681 355 269
 680 142 772  26 212 548 650 486 228 615  27 679 546 838 369 730 837 781
 601 674 372 323 268 469 830 153 721 435 186 492 645 467 477 444  59 712
 288 524 250 570 388 150 331  82 454 166 607  29 561 304 481 651  21 882
 803 641  30 370 738  86 491 504   9 339  19 426 214 538 780 683 565 554
 682 729 750 812  39 815 425 611 619 162  16 739 821 583 649  80 215 517
 306 265 191 476 387 580 503 859 785 861 267 731 747 168 404 549 705 252
 112 527 356 490 472  13 347 451 745 473 205 157 300 699 419 604  43 509
 879 170 622 133 550 758 393 380 589 664 119 582 845 763 194 156 880 180
 850 236 199 427 806 325 365 684 241 174 343 539 762 453 414  68  47  99
  37 760 723 677 653 416  60  22 663 433 903 190 424 735 375 533 428 324
 636 120 816 756 643   0 376 536  49 330 227 801 783 108 283 564 115 410
 518 278 213 520 720 600 136 358 209 556 899 652 654 528 703  41 263 692
 198 526 137 672 290 483 460 242 289 280 221 888 513 794 595 111 226 610
 833 105 686  87 348 863 188 790 378 177 749 858 345 164  50 359 318 897
 687 841 592  89 411 475 732 638  63 814 669 366  73 165 782 455 443 795
 868 588 187 737 547 776 312 285 612 163  97 374 412 204  53 302 759 399
 362 777 823 334 389 736 629 353 154 478 825 551 233   6 131 810 893 716
 104 401 442  64 342 103 540 506 482 352  65  78 865 726 439 450 826 507
 579 196 887 127 176 197 727 286 301 368 839 317 298 594 195 690 710 350
 149 319  81 291 480 185 409 363 178 800 778 262 808 392 877 797 405 326
 333  44 569 537 271 843 449 230  15 161 383 573 673   5 558 264 129 141
 769 618 866 613 413 182 121 713 757 852  40 889 274  11 238 508 902 590
 329 118 152 671 873 351 235 332 805 173 148 245 107 656 832   4 798 697
  79 543 200 599 708 512 639   1 728 567 464 709 259 761 336 696 587 229
 385 689 640 328 718 484 719 493 384 294 471 609 489 734 862 811 822 246
 258 102 456 340  84 309 145 505  61 361 851  70 322 117 525 842  42 644
 116 767 764 824 429   2 498 346 377 755 217 423 900 364 201 706   7 458
 714  74 515 231 255 270 130 748 572 446 292 256 717 459 784  14 884 885
 529 408 474 193 430 487 631 261 608 855 276 834 829 856 360 602 771 568
  34 308 479 101 531 621 584 434 311 626 310 620 447 869 817  85  38 406
 658 844 243 422 296 124 184 831 297 371 254  96 741 125 224 299 171 183
 341 614 853  69 646]
TRAININDEX=[ 98 379  28  18 700 448 891 840 575 791 397 530 192 391 500 510 597 876
 175 468 867  24 461 770 774 522 431  46 779 158 386 586 314 707 605 535
 400 828 678 765 766 848 135 702 440 849 635 544   3 220 139 138 742 208
 562 465 847 691 733 257 244 904 349 390  45 225 295 799 802 901 421 234
 577 251  94 835 160 545 724 634 514 155 219 804 222 320  66 566 701 516
 335 657 100 470  23 598 685 110 818 555 260 466 542 147 441 113  72 396
 337 381 892 751 128 660 648 591 807 277 123 560 813 585 557 232 211 281
 886 249 820 578 628  54 571 675 206  25 395 871 126 151 403 382  93 373
 445 827 688 659 216 792 881 523  12 279 463 354  58 552 499 218 344 303
 775 284 511 275 159 637 114 606 534  83 596 272 223 438 647 495 122 202
 305 237  56 415 496  95 287 854 497 457 207 883 144 167 407 398 172 576
 789 418 890 623 698  48 181 501  31  32 667 617  88 307 898 740 273 266
 630 574 494 179 633  35 864  92  71 502 417 132  91  51 642  75 857 694
  55 695 143  10 247 541 744 627 134 878 668 875 676 786  20 711 253 661
 316 894 282  62 519 436 704 315 743 313 240 846 563 210 248  67 870   8]

# learned parameters for cdtw and gem
# dtw ((error, size, error/size), (window, sqr))
# gem ((error, size, error/size), (St0, St1, E, sym, sqr))
BESTLEARNCONSDTW=((74, 270, 0.27407407407407408), (0.070000000000000007, True))
LISTLEARNCONSDTW=[((74, 270, 0.27407407407407408), (0.070000000000000007, True)), ((75, 270, 0.27777777777777779), (0.089999999999999997, True)), ((76, 270, 0.2814814814814815), (0.080000000000000002, True)), ((76, 270, 0.2814814814814815), (0.10000000000000001, True)), ((77, 270, 0.28518518518518521), (0.059999999999999998, True)), ((77, 270, 0.28518518518518521), (0.14000000000000001, True)), ((78, 270, 0.28888888888888886), (0.11, True)), ((78, 270, 0.28888888888888886), (0.14999999999999999, True)), ((78, 270, 0.28888888888888886), (0.16, True)), ((79, 270, 0.29259259259259257), (0.12, True)), ((79, 270, 0.29259259259259257), (0.20000000000000001, True)), ((80, 270, 0.29629629629629628), (0.13, True)), ((80, 270, 0.29629629629629628), (0.17000000000000001, True)), ((80, 270, 0.29629629629629628), (0.19, True)), ((81, 270, 0.29999999999999999), (0.17999999999999999, True)), ((86, 270, 0.31851851851851853), (0.050000000000000003, True)), ((87, 270, 0.32222222222222224), (0.029999999999999999, True)), ((87, 270, 0.32222222222222224), (0.040000000000000001, True)), ((98, 270, 0.36296296296296299), (0.02, True)), ((104, 270, 0.38518518518518519), (0.01, True)), ((111, 270, 0.41111111111111109), (0.0, True))]

BESTLEARNGEM=((82, 270, 0.3037037037037037), (2, 2, 0.5, True, True))
LISTLEARNGEM=[((82, 270, 0.3037037037037037), (2, 2, 0.25, True, True)), ((82, 270, 0.3037037037037037), (2, 2, 0.5, True, True)), ((89, 270, 0.32962962962962961), (2, 2, 0.125, True, True)), ((93, 270, 0.34444444444444444), (2, 2, 0.0625, True, True)), ((96, 270, 0.35555555555555557), (2, 2, 0.015625, True, True)), ((97, 270, 0.35925925925925928), (2, 2, 0, True, True)), ((97, 270, 0.35925925925925928), (2, 2, 0.03125, True, True)), ((101, 270, 0.37407407407407406), (2, 2, 0.00390625, True, True)), ((101, 270, 0.37407407407407406), (2, 2, 0.0078125, True, True)), ((110, 270, 0.40740740740740738), (1, 1, 0, True, True)), ((110, 270, 0.40740740740740738), (1, 2, 0, True, True)), ((111, 270, 0.41111111111111109), (1, 1, 0.00390625, True, True)), ((111, 270, 0.41111111111111109), (1, 2, 0.00390625, True, True)), ((112, 270, 0.4148148148148148), (1, 1, 0.0078125, True, True)), ((112, 270, 0.4148148148148148), (1, 2, 0.0078125, True, True)), ((114, 270, 0.42222222222222222), (1, 1, 0.015625, True, True)), ((114, 270, 0.42222222222222222), (1, 2, 0.015625, True, True)), ((118, 270, 0.43703703703703706), (1, 1, 0.03125, True, True)), ((118, 270, 0.43703703703703706), (1, 1, 0.0625, True, True)), ((118, 270, 0.43703703703703706), (1, 2, 0.03125, True, True)), ((118, 270, 0.43703703703703706), (1, 2, 0.0625, True, True)), ((124, 270, 0.45925925925925926), (1, 1, 0.125, True, True)), ((124, 270, 0.45925925925925926), (1, 2, 0.125, True, True)), ((126, 270, 0.46666666666666667), (2, 1, 0.5, True, True)), ((130, 270, 0.48148148148148145), (1, 1, 0.25, True, True)), ((130, 270, 0.48148148148148145), (1, 2, 0.25, True, True)), ((132, 270, 0.48888888888888887), (1, 1, 0.5, True, True)), ((132, 270, 0.48888888888888887), (1, 2, 0.5, True, True)), ((136, 270, 0.50370370370370365), (2, 1, 0.25, True, True)), ((137, 270, 0.50740740740740742), (2, 1, 0.125, True, True)), ((139, 270, 0.51481481481481484), (2, 1, 0.0625, True, True)), ((145, 270, 0.53703703703703709), (2, 1, 0.015625, True, True)), ((145, 270, 0.53703703703703709), (2, 1, 0.03125, True, True)), ((156, 270, 0.57777777777777772), (2, 1, 0.0078125, True, True)), ((160, 270, 0.59259259259259256), (2, 1, 0.00390625, True, True)), ((164, 270, 0.6074074074074074), (2, 1, 0, True, True))]


# error rates for different distance measures
# (error, size, error/size) and binary mask
BESTLP=(231, 635, 0.36377952755905513)
LISTLP=[1, 1, 0, 0, 0, 0, 1, 0, 0, 0, 0, 0, 1, 0, 1, 1, 0, 0, 1, 0, 0, 0, 1, 1, 0, 0, 0, 0, 0, 0, 1, 0, 0, 0, 0, 0, 1, 1, 0, 1, 0, 0, 0, 0, 0, 1, 1, 0, 0, 0, 0, 1, 0, 1, 0, 0, 0, 0, 0, 0, 0, 0, 1, 1, 0, 1, 0, 0, 0, 1, 0, 1, 0, 1, 0, 0, 0, 1, 0, 1, 0, 0, 0, 0, 0, 0, 0, 0, 1, 0, 0, 0, 1, 1, 0, 0, 0, 0, 0, 0, 0, 0, 1, 1, 1, 1, 0, 0, 1, 0, 0, 0, 0, 1, 0, 0, 1, 0, 0, 0, 0, 0, 1, 0, 1, 0, 1, 1, 0, 0, 0, 0, 0, 1, 0, 1, 1, 0, 0, 1, 0, 1, 0, 0, 0, 1, 0, 1, 1, 1, 1, 0, 0, 0, 0, 0, 0, 0, 1, 0, 1, 0, 0, 0, 1, 0, 0, 0, 0, 0, 0, 0, 1, 1, 1, 0, 1, 0, 0, 0, 1, 0, 1, 0, 1, 0, 0, 0, 1, 1, 1, 0, 0, 1, 0, 0, 0, 1, 1, 0, 1, 0, 0, 0, 1, 0, 1, 0, 0, 0, 1, 0, 0, 1, 1, 0, 0, 1, 0, 0, 1, 0, 0, 0, 0, 0, 1, 1, 1, 0, 0, 1, 0, 0, 0, 0, 0, 1, 1, 1, 0, 0, 0, 0, 0, 1, 0, 0, 0, 0, 0, 0, 1, 0, 1, 0, 0, 0, 0, 0, 1, 1, 1, 0, 0, 0, 0, 1, 0, 1, 1, 1, 0, 0, 0, 0, 1, 1, 0, 1, 0, 1, 1, 1, 1, 1, 0, 1, 0, 0, 0, 1, 1, 0, 1, 0, 1, 1, 0, 0, 0, 1, 0, 0, 0, 0, 0, 0, 1, 0, 1, 0, 1, 0, 1, 0, 1, 0, 1, 1, 0, 0, 0, 1, 1, 0, 0, 0, 0, 0, 0, 0, 0, 1, 0, 0, 1, 0, 0, 0, 0, 0, 0, 0, 1, 0, 0, 1, 0, 0, 0, 1, 0, 0, 1, 1, 0, 0, 0, 0, 1, 0, 0, 1, 1, 0, 1, 1, 0, 0, 0, 1, 0, 1, 0, 0, 0, 1, 0, 0, 1, 0, 0, 1, 0, 1, 1, 0, 0, 0, 0, 0, 0, 1, 0, 0, 0, 0, 0, 0, 1, 1, 0, 0, 1, 0, 0, 1, 0, 0, 0, 1, 0, 0, 1, 1, 0, 1, 1, 1, 1, 1, 0, 0, 1, 1, 0, 0, 0, 0, 0, 0, 0, 0, 1, 0, 0, 0, 0, 0, 1, 0, 0, 0, 0, 0, 1, 1, 0, 0, 0, 1, 0, 1, 0, 0, 0, 0, 0, 1, 1, 1, 1, 1, 0, 1, 1, 1, 1, 0, 0, 0, 0, 1, 1, 1, 0, 1, 0, 1, 1, 0, 0, 1, 0, 1, 0, 0, 1, 0, 0, 1, 1, 1, 1, 1, 0, 0, 0, 0, 0, 1, 0, 1, 0, 0, 0, 0, 1, 1, 1, 0, 1, 1, 0, 1, 0, 1, 0, 1, 0, 0, 1, 1, 1, 1, 0, 0, 0, 0, 0, 0, 0, 1, 0, 0, 1, 0, 1, 0, 1, 1, 1, 0, 0, 0, 0, 0, 1, 0, 0, 0, 1, 0, 0, 0, 1, 1, 0, 1, 0, 1, 1, 0, 0, 0, 1, 0, 0, 0, 1, 0, 0, 0, 0, 0, 0, 0, 1, 0, 0, 1, 0, 1, 0, 0, 1, 0, 1, 1, 0, 0, 0, 0, 0, 0, 0, 1, 1, 0, 1, 1, 1, 1, 0, 0, 0, 1, 0, 0, 0, 0, 1, 0, 1, 0, 1, 0, 1, 0, 0, 1, 0, 1, 1, 0, 1, 1, 1, 0, 1, 0, 1, 0, 0]

BESTFULLDTW=(208, 635, 0.32755905511811023)
LISTFULLDTW=[1, 1, 0, 0, 0, 0, 1, 1, 0, 0, 0, 1, 0, 1, 0, 1, 0, 0, 1, 1, 0, 1, 1, 1, 0, 0, 1, 1, 0, 0, 1, 1, 0, 0, 0, 0, 1, 1, 1, 0, 1, 0, 0, 1, 0, 0, 1, 0, 0, 0, 0, 0, 0, 0, 1, 0, 1, 1, 0, 0, 0, 0, 0, 0, 0, 0, 0, 1, 0, 1, 1, 1, 0, 1, 0, 0, 0, 0, 0, 0, 0, 0, 0, 0, 0, 0, 0, 0, 1, 1, 0, 0, 1, 0, 0, 0, 0, 0, 0, 0, 0, 0, 0, 1, 0, 1, 0, 0, 1, 0, 0, 0, 0, 0, 0, 0, 1, 0, 0, 1, 0, 0, 0, 0, 1, 0, 0, 1, 1, 0, 1, 1, 0, 1, 0, 0, 0, 0, 0, 1, 0, 0, 0, 1, 0, 1, 1, 0, 0, 0, 1, 0, 0, 0, 0, 0, 0, 0, 0, 0, 1, 0, 0, 0, 1, 0, 0, 1, 0, 0, 0, 0, 1, 0, 0, 0, 1, 0, 0, 1, 1, 1, 1, 0, 0, 0, 0, 0, 0, 1, 1, 0, 0, 0, 0, 1, 0, 1, 1, 0, 0, 0, 0, 0, 0, 0, 1, 0, 0, 0, 1, 0, 1, 1, 1, 1, 0, 0, 0, 0, 0, 1, 0, 0, 0, 0, 0, 1, 0, 0, 0, 1, 0, 0, 0, 0, 0, 0, 1, 0, 0, 1, 0, 0, 0, 1, 0, 1, 0, 0, 0, 0, 1, 1, 1, 0, 0, 0, 0, 0, 1, 1, 0, 1, 0, 0, 0, 1, 0, 0, 1, 1, 0, 0, 1, 1, 1, 0, 1, 0, 0, 1, 1, 1, 0, 1, 0, 0, 0, 0, 1, 0, 1, 1, 0, 0, 0, 0, 0, 0, 0, 0, 0, 0, 0, 0, 0, 1, 1, 0, 1, 0, 0, 1, 0, 0, 0, 1, 0, 1, 0, 0, 0, 1, 1, 0, 0, 1, 0, 0, 0, 0, 0, 0, 1, 0, 0, 0, 0, 0, 0, 1, 0, 0, 0, 0, 0, 1, 0, 0, 1, 0, 1, 0, 0, 0, 1, 1, 0, 0, 1, 0, 0, 1, 0, 0, 1, 0, 0, 0, 0, 1, 0, 1, 0, 1, 0, 0, 0, 0, 0, 0, 1, 1, 0, 1, 1, 0, 0, 0, 0, 0, 0, 1, 0, 0, 0, 0, 0, 0, 0, 0, 0, 1, 1, 0, 0, 1, 1, 0, 0, 0, 0, 0, 0, 1, 0, 1, 1, 1, 0, 0, 0, 0, 0, 0, 0, 1, 0, 0, 0, 0, 0, 1, 1, 1, 0, 1, 0, 1, 1, 0, 0, 0, 1, 1, 1, 1, 0, 0, 0, 1, 0, 0, 1, 0, 0, 1, 0, 0, 1, 1, 1, 1, 1, 0, 0, 0, 1, 0, 1, 0, 0, 1, 1, 0, 0, 0, 0, 1, 1, 0, 0, 1, 0, 0, 0, 0, 1, 0, 0, 1, 0, 1, 0, 1, 0, 1, 0, 0, 1, 0, 1, 0, 1, 0, 1, 0, 0, 0, 1, 1, 0, 1, 0, 1, 0, 1, 0, 1, 1, 0, 0, 1, 1, 0, 0, 1, 0, 1, 1, 0, 0, 1, 0, 0, 0, 0, 0, 0, 0, 0, 0, 0, 0, 0, 0, 0, 1, 1, 0, 0, 1, 0, 0, 1, 1, 1, 0, 1, 0, 0, 1, 0, 1, 0, 0, 0, 0, 0, 0, 0, 0, 0, 0, 0, 0, 0, 1, 0, 0, 0, 0, 1, 0, 0, 0, 0, 0, 0, 0, 0, 0, 0, 0, 0, 0, 1, 1, 0, 0, 1, 1, 1, 0, 0, 0, 0, 0, 0, 0, 0, 1, 1, 0, 0, 0, 0, 1, 1, 0, 1, 1, 1, 1, 0, 1, 1, 1, 0, 0, 0, 1, 1, 0]

BESTCONSDTW=(142, 635, 0.22362204724409449)
LISTCONSDTW=[1, 1, 0, 0, 0, 0, 1, 0, 0, 0, 0, 1, 1, 0, 0, 1, 0, 0, 1, 0, 0, 0, 1, 0, 0, 0, 0, 0, 0, 0, 1, 1, 1, 0, 0, 0, 1, 0, 0, 0, 1, 0, 0, 0, 0, 1, 1, 0, 0, 0, 0, 0, 0, 0, 0, 0, 0, 0, 0, 0, 0, 0, 0, 0, 0, 0, 0, 0, 0, 1, 0, 0, 0, 1, 0, 0, 0, 0, 0, 0, 0, 0, 0, 0, 0, 0, 0, 0, 1, 0, 0, 0, 1, 0, 0, 0, 0, 0, 0, 0, 0, 0, 0, 0, 1, 1, 0, 0, 1, 0, 0, 0, 0, 0, 0, 0, 1, 0, 0, 0, 0, 0, 0, 0, 0, 0, 1, 1, 1, 0, 1, 0, 0, 1, 0, 0, 0, 0, 0, 0, 0, 1, 0, 0, 0, 0, 1, 0, 0, 0, 1, 0, 0, 0, 0, 0, 0, 0, 0, 0, 1, 0, 0, 0, 1, 0, 0, 1, 0, 0, 0, 0, 1, 0, 0, 0, 0, 0, 0, 0, 1, 0, 1, 0, 0, 0, 0, 0, 1, 1, 1, 0, 0, 0, 0, 0, 0, 1, 0, 0, 0, 0, 0, 0, 0, 0, 0, 0, 0, 0, 0, 0, 0, 1, 1, 0, 0, 0, 0, 0, 0, 0, 0, 0, 0, 0, 0, 1, 0, 0, 0, 1, 0, 0, 0, 0, 0, 0, 1, 1, 0, 1, 0, 0, 0, 0, 0, 1, 0, 0, 0, 0, 1, 0, 0, 0, 0, 0, 0, 0, 1, 0, 1, 1, 0, 0, 0, 1, 0, 1, 1, 1, 0, 0, 1, 0, 1, 0, 0, 0, 0, 1, 0, 1, 1, 0, 0, 0, 0, 0, 1, 0, 0, 1, 0, 0, 0, 0, 0, 0, 0, 0, 0, 0, 0, 0, 0, 1, 1, 0, 0, 0, 0, 0, 0, 0, 0, 0, 0, 0, 0, 0, 0, 1, 0, 0, 1, 0, 0, 0, 0, 0, 0, 1, 0, 0, 1, 0, 0, 0, 0, 1, 0, 0, 0, 0, 0, 1, 0, 0, 1, 1, 1, 0, 0, 0, 0, 0, 0, 0, 0, 0, 0, 0, 0, 0, 1, 0, 0, 0, 0, 1, 0, 1, 0, 0, 0, 0, 0, 0, 0, 0, 1, 1, 0, 1, 1, 0, 0, 0, 0, 0, 0, 1, 0, 0, 0, 0, 0, 0, 0, 0, 0, 0, 1, 0, 0, 1, 0, 0, 0, 1, 0, 1, 1, 1, 0, 1, 1, 1, 0, 0, 0, 0, 1, 1, 0, 0, 0, 0, 0, 0, 0, 1, 1, 0, 0, 0, 0, 1, 1, 0, 0, 0, 0, 0, 1, 1, 0, 0, 0, 0, 0, 0, 0, 0, 0, 0, 0, 0, 0, 1, 1, 1, 0, 0, 0, 0, 1, 0, 1, 0, 0, 1, 1, 1, 0, 0, 0, 1, 1, 0, 0, 1, 0, 0, 0, 0, 0, 0, 0, 0, 0, 1, 0, 1, 0, 0, 0, 0, 0, 0, 1, 0, 0, 0, 0, 0, 0, 0, 0, 0, 0, 0, 0, 1, 0, 1, 0, 1, 0, 0, 0, 1, 0, 0, 0, 1, 0, 0, 0, 0, 0, 1, 0, 0, 1, 0, 1, 0, 0, 1, 0, 0, 0, 0, 0, 0, 1, 1, 0, 0, 0, 0, 0, 0, 1, 1, 1, 0, 0, 0, 0, 0, 0, 0, 0, 0, 0, 0, 0, 0, 0, 0, 0, 1, 0, 0, 1, 0, 0, 1, 0, 1, 0, 0, 0, 0, 1, 0, 0, 0, 0, 0, 0, 0, 0, 1, 1, 0, 1, 0, 1, 0, 0, 0, 0, 0, 0, 0, 0, 0, 1, 0, 0, 0, 0, 0, 0, 0, 0, 1, 0, 0, 1, 0, 1, 0, 1, 0, 0, 0, 0, 0, 0]

BESTGEM=(176, 635, 0.27716535433070866)
LISTGEM=[1, 1, 0, 0, 1, 0, 1, 0, 0, 0, 0, 1, 1, 1, 1, 1, 0, 0, 1, 1, 0, 1, 1, 1, 0, 0, 0, 0, 0, 0, 0, 0, 0, 0, 0, 0, 1, 0, 1, 0, 0, 0, 0, 1, 0, 1, 1, 1, 0, 0, 0, 0, 0, 0, 1, 0, 0, 0, 0, 0, 0, 0, 0, 0, 0, 0, 0, 0, 0, 1, 0, 1, 0, 1, 0, 0, 0, 1, 0, 0, 0, 0, 0, 0, 0, 0, 0, 0, 0, 1, 0, 0, 1, 0, 0, 0, 1, 0, 0, 0, 0, 0, 0, 0, 1, 1, 0, 0, 1, 0, 0, 0, 0, 0, 0, 0, 1, 0, 0, 1, 0, 0, 0, 0, 1, 0, 1, 1, 0, 0, 1, 0, 0, 1, 0, 0, 1, 1, 0, 0, 0, 1, 0, 1, 0, 0, 1, 1, 0, 1, 1, 0, 0, 0, 0, 0, 0, 0, 0, 0, 0, 0, 0, 0, 0, 0, 0, 1, 1, 0, 1, 0, 1, 1, 0, 0, 1, 0, 0, 1, 1, 0, 1, 0, 0, 0, 0, 0, 1, 1, 1, 0, 0, 0, 0, 0, 0, 1, 1, 1, 0, 0, 0, 0, 1, 0, 0, 0, 0, 0, 1, 0, 1, 1, 1, 0, 0, 1, 0, 0, 0, 0, 0, 0, 0, 0, 1, 1, 0, 0, 0, 0, 0, 0, 0, 0, 0, 0, 1, 1, 0, 0, 0, 0, 0, 1, 0, 0, 0, 0, 0, 0, 1, 0, 0, 0, 0, 0, 0, 0, 1, 1, 0, 1, 0, 0, 0, 1, 0, 0, 1, 0, 0, 0, 1, 0, 1, 0, 0, 0, 0, 1, 0, 1, 1, 1, 0, 0, 0, 0, 0, 0, 0, 1, 1, 0, 0, 0, 0, 0, 0, 0, 0, 0, 0, 1, 0, 1, 1, 0, 0, 0, 0, 0, 0, 0, 0, 0, 0, 0, 0, 0, 0, 0, 0, 0, 1, 0, 0, 0, 0, 1, 0, 0, 0, 0, 1, 0, 0, 0, 0, 1, 0, 0, 1, 1, 0, 1, 0, 0, 0, 1, 0, 0, 0, 0, 0, 0, 0, 0, 0, 0, 0, 1, 0, 0, 0, 0, 0, 0, 0, 1, 0, 1, 0, 1, 0, 1, 0, 0, 0, 0, 1, 1, 0, 1, 1, 0, 0, 0, 0, 0, 1, 0, 0, 0, 0, 0, 0, 0, 0, 0, 0, 0, 1, 0, 0, 1, 1, 0, 0, 0, 0, 0, 0, 0, 0, 1, 1, 1, 0, 0, 0, 0, 0, 1, 0, 1, 0, 0, 0, 0, 0, 0, 1, 1, 0, 0, 0, 1, 1, 0, 0, 0, 1, 0, 1, 1, 0, 0, 1, 0, 0, 1, 0, 0, 0, 0, 0, 0, 1, 1, 0, 1, 0, 0, 1, 0, 1, 0, 0, 0, 0, 1, 1, 1, 0, 0, 0, 1, 1, 0, 0, 1, 0, 0, 0, 0, 0, 0, 1, 1, 0, 0, 0, 1, 0, 1, 0, 0, 0, 0, 1, 0, 0, 0, 1, 0, 1, 0, 0, 1, 0, 0, 0, 1, 0, 1, 0, 1, 0, 0, 1, 1, 1, 0, 0, 1, 0, 0, 0, 0, 0, 1, 0, 0, 0, 0, 1, 0, 0, 1, 0, 0, 0, 0, 0, 0, 1, 0, 0, 0, 0, 0, 0, 1, 1, 1, 0, 0, 0, 0, 1, 0, 0, 0, 0, 0, 0, 0, 0, 0, 0, 0, 0, 0, 0, 0, 1, 1, 0, 0, 0, 0, 0, 0, 0, 0, 0, 0, 0, 0, 0, 0, 0, 0, 0, 1, 1, 0, 1, 0, 1, 1, 0, 0, 0, 0, 0, 0, 1, 0, 1, 1, 1, 0, 0, 0, 0, 0, 0, 1, 1, 0, 1, 0, 1, 1, 1, 0, 0, 0, 1, 0, 0]

