# shuffled stratified split (indices referring to UCR database)
TESTINDEX=[ 760  992  735  680  113  903  718 1085  405   41  316  886  942   56  549
  624  585 1059  815  710  716 1095 1084  970  996 1007 1006  103  695  573
   19  656  493 1080  501   80  198   21  451 1036  192  519  963  910  570
 1048  471   45  514  321  696  222  574  282  464  479  527   16  154  770
   60 1067  889  133  622  292   96  707  688  681  980  909  260  152  365
 1083  478 1091  741  199  204 1057  372  589  374 1118  629  677  144 1047
  368  441 1082   33  827  989  339  664  315  575  398  459  169 1046  475
  724  296  568  537 1004  937  932  287  276   66  941  999  708  216  946
 1026  334 1070  497  454  748  533  505  270  376  543 1076  940  433  436
  131  309 1021  829  786  828 1077  747  290 1122  866  261  193  498  779
  816  620  377    2  326   48  822  884  610  957  577  444  293  682  235
 1034  340  438  645  604  559  754   52  275  401  255 1040  775  257  539
  687  508  185  149  130 1045  897  637  719  510  765  694  477  683  702
  101 1113  912  166  564  578  808  285  896  961  213 1090 1013  469  773
  146  848  906  465  743  214 1052 1002  853  715  164  732 1037  934  673
 1051  303  388  468  938  272   26   82  370  947 1050 1008  723  226  842
  311  476  997  283  860   59  108  327  965  777  639   43 1093  685 1031
  969 1029  542  939  817   32  520  837 1108   23 1100  554  447  692  796
  455  592  513  647  614  834  814   40  201  150  857  105  206   94  412
  745  295 1065  474  380  200  328   31  186  548  277 1024  964  178  625
 1116 1043  445 1041  418 1025  142  758  212  382  651  878  676  402  373
  472  737 1038  764  584   30  738  876  986  242  706  612  838  558  502
  540  236  238  314  499  129  990  898  668   67   20  749  125  305  356
  350  312  357   92  557  518  911   87  371  162  456 1121  145  566  926
  861 1028  793  967 1035  161 1018  865  717  361  666  958  849   90  657
  641  121   63  429  921 1117  349  102  189  729   98  248  818  977  258
  924  491   55  240 1000   24  870  821  313  140  417  364  810  705  952
  473  669   69  847 1119 1044  674   91  751   72 1079  728   37  888  670
  337  512  727  628 1094  138  492  329   95  783   10 1012  141  601 1099
  123  753  630  119  711  308  483  317  172   44  511 1072  671  147  858
  106 1032  944  806  811  835  229  319  646  538  458  691  302  819  979
  927  915 1071  124  894  714  881  318  400  948  233  563  679  151  638
  399  379 1010  759  790 1014  381 1103  852  617 1104  110  486  416  205
  752  462   15  426  734  720  791  179   65  509  115  528  725  234 1105
  521  535  576  284  495  665 1063  461  855  640  525  885 1053  844  163
  863  347  440  434  346  571  991 1110  423  560  869  744  137  139  659
 1078  439   62  228  532  352  209  175  621  218  794  157  181  159    0
  820   61   74  616  776  353 1073  188  653  344  120  383  366  297  265
 1054  975  809  761  642  985  490  904  588  132   89  660  259  355  437
   64  805  341   14  892  993  840  596 1030  959 1068  781  245  603 1058
   18  395  219  422  925  887  534  496 1114  600  135  324  403  264 1042
  698   17  522  774  300  788  256  879  122   81  345   97 1088  648  208]
TRAININDEX=[  49  918  580 1069  883  197 1096   36 1115  890  336  251 1075   71  590
  579  279  387  392  843  768  880  446  586  457  701  726  626  789  180
  923  481  922  658  722 1062  606  544  553  244  227  572  397 1064  609
  410  289  631  930  931  109  408  203  546  177  320  800    7  331   73
  767  413 1033  742  841  662 1003  385 1098  196    9  267  182  463  304
  114 1112   29  367   75  675  231   54  384  854  407  263 1109  762  983
 1022  615  908  170  421  981  825  968  831  632  288  709  333  453  663
  772  431  785   39  907  342  310  595  780 1039  545  552    8  795  933
  845  635  730  956  155  480  690  643  739  650  864  936  359   88 1120
  960  430   84 1016  280   47  792   78  812 1081  232  274  460  230  414
  971  210  348 1060  900 1123  649  787   34  623  524  254  973   22  362
  700  902  929  504  330  360  523 1056   11  839  813  833  530  111  526
  435  168  278 1087  731 1020  394  273  191   79   76 1124  667 1074  404
  409  995  517  183  215  187  859  217   38  945 1011 1049  448   50  515
  955  593  221  224  332  832  104  415  951  597  882  250  489  541  978
  928  618  873  391  291  587   53  591  769  134  699  190  269  594  325
  351  128  943  917  494  697 1092  868  798  369  862  432  874  249  655
  782   13  156   27  211 1066  746   85  703  252  953  306    4  237  241
  450   51 1023  966  488  294  223  599  112  335  582  299  427  202  171
   42  262  565  826  239  118  452  823  117    3  487  766  485  116  375
  824  713  529  802  801  974  354  567  393  982  307  126  797  225  194
  684 1061  799    6  247  160  268  358  672  343  905  984  301  602  322
  750  167  871   99  913  608  148  804 1089    1 1005 1027  891   57 1055
   12  686  733  470  693 1106  363  935  107  901  184 1097  807  424   77
  678   28  165   83 1102  605 1111  176  466  555  919  243  611  721  634
  507   46  281   86  428  500  613   70 1107  484  298  569  954  598  771
  962  266   35  536  644  949  143  390  562  323 1017  425  173  875  551
  207  561 1019  420  419    5  619  988  449  872  836   93  920  127  506
  689  633  972 1015  757  153  763   68  550  851  899  712  867 1086  756
  998  338 1001  246  158  516  411  636  482  704  195  547  950  100  994
  503  755  253  987  661  174  389  406  803  784   58  846  220  736  442
  976  271  443  877  556  583  652  778  850  396 1009 1101  531  914  830
  740  654  378  916  893  627  467  895  856  136  581  386  286  607   25]

# learned parameters for cdtw and gem
# dtw ((error, size, error/size), (window, sqr))
# gem ((error, size, error/size), (St0, St1, E, sym, sqr))
BESTLEARNCONSDTW=((70, 495, 0.14141414141414141), (0.02, True))
LISTLEARNCONSDTW=[((70, 495, 0.14141414141414141), (0.02, True)), ((78, 495, 0.15757575757575756), (0.01, True)), ((78, 495, 0.15757575757575756), (0.029999999999999999, True)), ((81, 495, 0.16363636363636364), (0.040000000000000001, True)), ((89, 495, 0.17979797979797979), (0.050000000000000003, True)), ((95, 495, 0.19191919191919191), (0.070000000000000007, True)), ((96, 495, 0.19393939393939394), (0.059999999999999998, True)), ((97, 495, 0.19595959595959597), (0.0, True)), ((98, 495, 0.19797979797979798), (0.080000000000000002, True)), ((103, 495, 0.20808080808080809), (0.12, True)), ((104, 495, 0.21010101010101009), (0.11, True)), ((104, 495, 0.21010101010101009), (0.13, True)), ((104, 495, 0.21010101010101009), (0.14000000000000001, True)), ((105, 495, 0.21212121212121213), (0.10000000000000001, True)), ((105, 495, 0.21212121212121213), (0.14999999999999999, True)), ((105, 495, 0.21212121212121213), (0.16, True)), ((105, 495, 0.21212121212121213), (0.17000000000000001, True)), ((105, 495, 0.21212121212121213), (0.17999999999999999, True)), ((105, 495, 0.21212121212121213), (0.20000000000000001, True)), ((106, 495, 0.21414141414141413), (0.089999999999999997, True)), ((106, 495, 0.21414141414141413), (0.19, True))]

BESTLEARNGEM=((64, 495, 0.12929292929292929), (2, 1, 0.25, True, True))
LISTLEARNGEM=[((64, 495, 0.12929292929292929), (2, 1, 0.25, True, True)), ((73, 495, 0.14747474747474748), (2, 1, 0.125, True, True)), ((77, 495, 0.15555555555555556), (2, 1, 0.0625, True, True)), ((78, 495, 0.15757575757575756), (2, 1, 0.5, True, True)), ((88, 495, 0.17777777777777778), (2, 1, 0.03125, True, True)), ((92, 495, 0.18585858585858586), (1, 1, 0.03125, True, True)), ((92, 495, 0.18585858585858586), (1, 2, 0.03125, True, True)), ((95, 495, 0.19191919191919191), (1, 1, 0.015625, True, True)), ((95, 495, 0.19191919191919191), (1, 2, 0.015625, True, True)), ((98, 495, 0.19797979797979798), (1, 1, 0.0078125, True, True)), ((98, 495, 0.19797979797979798), (1, 2, 0.0078125, True, True)), ((99, 495, 0.20000000000000001), (1, 1, 0.00390625, True, True)), ((99, 495, 0.20000000000000001), (1, 1, 0.0625, True, True)), ((99, 495, 0.20000000000000001), (1, 2, 0.00390625, True, True)), ((99, 495, 0.20000000000000001), (1, 2, 0.0625, True, True)), ((104, 495, 0.21010101010101009), (2, 1, 0.015625, True, True)), ((107, 495, 0.21616161616161617), (1, 1, 0.125, True, True)), ((107, 495, 0.21616161616161617), (1, 2, 0.125, True, True)), ((109, 495, 0.2202020202020202), (1, 1, 0, True, True)), ((109, 495, 0.2202020202020202), (1, 2, 0, True, True)), ((110, 495, 0.22222222222222221), (1, 1, 0.25, True, True)), ((110, 495, 0.22222222222222221), (1, 2, 0.25, True, True)), ((113, 495, 0.22828282828282828), (2, 1, 0.0078125, True, True)), ((116, 495, 0.23434343434343435), (2, 1, 0.00390625, True, True)), ((127, 495, 0.25656565656565655), (2, 1, 0, True, True)), ((140, 495, 0.28282828282828282), (2, 2, 0.5, True, True)), ((141, 495, 0.28484848484848485), (1, 1, 0.5, True, True)), ((141, 495, 0.28484848484848485), (1, 2, 0.5, True, True)), ((165, 495, 0.33333333333333331), (2, 2, 0.25, True, True)), ((169, 495, 0.34141414141414139), (2, 2, 0.0625, True, True)), ((172, 495, 0.34747474747474749), (2, 2, 0.03125, True, True)), ((173, 495, 0.34949494949494947), (2, 2, 0.125, True, True)), ((180, 495, 0.36363636363636365), (2, 2, 0.015625, True, True)), ((184, 495, 0.37171717171717172), (2, 2, 0, True, True)), ((184, 495, 0.37171717171717172), (2, 2, 0.0078125, True, True)), ((186, 495, 0.37575757575757573), (2, 2, 0.00390625, True, True))]


# error rates for different distance measures
# (error, size, error/size) and binary mask
BESTLP=(141, 630, 0.22380952380952382)
LISTLP=[0, 1, 1, 0, 0, 0, 0, 1, 1, 1, 0, 0, 0, 0, 0, 0, 1, 0, 1, 0, 0, 0, 0, 1, 0, 0, 1, 1, 1, 0, 0, 1, 1, 0, 1, 0, 0, 0, 0, 0, 1, 0, 0, 0, 0, 0, 1, 1, 1, 0, 0, 0, 0, 0, 0, 0, 0, 0, 0, 1, 0, 1, 0, 0, 0, 0, 1, 0, 0, 0, 0, 0, 0, 0, 0, 0, 0, 0, 1, 0, 0, 0, 1, 0, 0, 0, 0, 0, 0, 1, 0, 0, 0, 0, 0, 0, 0, 0, 0, 0, 0, 1, 1, 0, 0, 1, 0, 0, 0, 0, 0, 0, 0, 1, 0, 0, 0, 0, 1, 1, 0, 1, 1, 1, 0, 0, 0, 0, 0, 0, 0, 0, 0, 1, 0, 0, 0, 0, 0, 1, 0, 1, 0, 0, 0, 0, 0, 1, 0, 1, 0, 0, 0, 0, 1, 0, 0, 0, 0, 0, 0, 0, 0, 0, 0, 1, 0, 0, 0, 0, 0, 0, 0, 0, 0, 0, 0, 1, 0, 0, 0, 0, 0, 1, 0, 0, 0, 0, 0, 0, 0, 0, 0, 1, 0, 0, 1, 0, 0, 1, 0, 0, 0, 0, 0, 0, 0, 0, 0, 0, 0, 0, 0, 0, 0, 1, 0, 1, 0, 1, 0, 1, 0, 0, 0, 1, 1, 0, 0, 1, 0, 0, 0, 0, 0, 0, 0, 0, 0, 0, 0, 0, 0, 0, 1, 0, 0, 0, 0, 0, 0, 0, 1, 0, 1, 0, 0, 0, 0, 0, 0, 0, 0, 0, 0, 0, 0, 0, 0, 0, 0, 0, 1, 0, 0, 0, 0, 0, 1, 0, 0, 0, 0, 0, 0, 0, 1, 0, 0, 0, 1, 0, 1, 0, 1, 1, 1, 0, 0, 0, 0, 0, 0, 0, 0, 0, 0, 1, 1, 0, 0, 0, 1, 0, 1, 0, 1, 1, 1, 1, 0, 0, 0, 0, 0, 0, 0, 0, 0, 0, 0, 1, 1, 1, 1, 0, 0, 0, 0, 0, 0, 0, 0, 0, 0, 0, 0, 0, 0, 0, 0, 0, 1, 0, 0, 1, 1, 0, 0, 0, 0, 0, 0, 0, 0, 0, 0, 0, 1, 0, 0, 0, 0, 1, 0, 1, 0, 0, 0, 0, 0, 0, 1, 0, 0, 0, 0, 1, 0, 0, 1, 0, 1, 0, 1, 0, 0, 1, 0, 0, 0, 0, 0, 1, 1, 1, 1, 0, 0, 0, 1, 0, 0, 0, 0, 1, 1, 0, 0, 0, 0, 1, 1, 0, 0, 0, 1, 0, 0, 1, 1, 0, 1, 0, 1, 0, 0, 0, 0, 0, 0, 0, 0, 0, 0, 0, 0, 0, 0, 1, 0, 0, 0, 0, 0, 0, 0, 0, 1, 0, 0, 0, 0, 1, 1, 0, 1, 0, 0, 0, 1, 1, 0, 0, 0, 0, 0, 0, 0, 1, 0, 1, 0, 0, 0, 0, 0, 0, 0, 0, 0, 0, 0, 0, 0, 0, 0, 0, 0, 0, 0, 0, 0, 0, 1, 1, 0, 0, 1, 1, 0, 0, 0, 0, 1, 1, 1, 0, 0, 0, 1, 1, 0, 0, 1, 0, 0, 0, 1, 0, 1, 1, 0, 1, 0, 1, 0, 0, 1, 0, 0, 1, 0, 0, 0, 0, 0, 0, 0, 0, 0, 0, 0, 0, 0, 0, 0, 0, 0, 0, 0, 0, 0, 0, 0, 0, 0, 0, 1, 0, 1, 0, 0, 0, 0, 0, 0, 0, 0, 0, 0, 1, 1, 0, 1, 0, 0, 0, 0, 0, 0, 0, 0, 0, 0, 0, 0, 0, 1, 0, 1, 0, 0, 1, 1, 0, 0, 1, 0, 0, 0, 0, 0, 0, 0, 0, 0, 1, 0, 1, 0, 0, 0, 0, 0, 0, 1, 1, 0, 0]

BESTFULLDTW=(130, 630, 0.20634920634920634)
LISTFULLDTW=[0, 1, 1, 0, 1, 0, 1, 0, 1, 0, 0, 0, 1, 0, 0, 0, 1, 0, 0, 0, 0, 0, 0, 0, 0, 0, 0, 0, 0, 0, 0, 1, 0, 1, 0, 0, 0, 0, 0, 0, 0, 0, 1, 1, 1, 0, 0, 1, 1, 0, 0, 0, 0, 0, 0, 0, 0, 1, 0, 0, 0, 1, 0, 0, 0, 0, 1, 0, 0, 0, 0, 1, 0, 1, 0, 0, 0, 0, 0, 0, 0, 0, 1, 0, 0, 0, 0, 0, 0, 0, 0, 0, 1, 0, 0, 1, 1, 0, 0, 0, 0, 0, 0, 0, 0, 1, 0, 0, 0, 0, 0, 0, 0, 1, 0, 0, 0, 0, 0, 0, 0, 0, 0, 0, 0, 0, 0, 0, 0, 0, 1, 0, 0, 1, 0, 1, 0, 0, 0, 1, 0, 0, 0, 0, 0, 0, 0, 0, 0, 1, 0, 1, 1, 0, 0, 0, 1, 0, 0, 1, 0, 1, 0, 0, 0, 0, 0, 0, 0, 0, 1, 1, 1, 0, 0, 0, 0, 0, 0, 0, 0, 0, 0, 0, 0, 0, 0, 1, 0, 0, 0, 0, 1, 0, 0, 0, 0, 1, 0, 0, 0, 0, 0, 0, 0, 0, 0, 0, 0, 0, 0, 0, 0, 0, 0, 1, 0, 1, 1, 1, 0, 0, 0, 0, 0, 0, 0, 1, 0, 0, 0, 0, 0, 0, 0, 0, 0, 0, 0, 0, 0, 1, 0, 0, 0, 0, 0, 0, 0, 0, 0, 0, 1, 0, 1, 1, 0, 1, 0, 0, 0, 0, 1, 0, 0, 0, 1, 0, 1, 0, 0, 1, 0, 0, 0, 1, 0, 1, 0, 0, 0, 0, 0, 0, 0, 0, 0, 0, 0, 0, 1, 0, 0, 1, 0, 1, 0, 0, 0, 0, 0, 1, 0, 0, 0, 0, 0, 0, 1, 1, 0, 0, 1, 1, 0, 0, 0, 0, 1, 1, 0, 0, 0, 0, 0, 0, 1, 0, 0, 0, 0, 0, 1, 0, 1, 0, 1, 0, 0, 0, 0, 1, 0, 1, 0, 0, 0, 0, 0, 0, 0, 0, 0, 0, 0, 0, 1, 0, 0, 0, 0, 0, 0, 0, 1, 0, 0, 0, 1, 0, 0, 0, 0, 0, 0, 0, 0, 0, 0, 0, 0, 0, 0, 0, 0, 0, 0, 1, 0, 0, 1, 1, 0, 0, 0, 0, 0, 0, 0, 0, 0, 0, 0, 0, 1, 0, 0, 0, 0, 0, 1, 0, 0, 0, 0, 1, 0, 0, 1, 0, 0, 1, 0, 0, 0, 0, 0, 1, 0, 1, 1, 0, 0, 0, 0, 0, 1, 0, 0, 0, 1, 1, 0, 0, 0, 0, 1, 0, 0, 0, 0, 0, 1, 1, 0, 1, 0, 0, 0, 0, 0, 0, 0, 1, 0, 0, 1, 0, 0, 0, 0, 0, 0, 0, 0, 0, 0, 1, 0, 0, 0, 0, 0, 0, 1, 1, 1, 1, 0, 1, 0, 0, 0, 0, 1, 1, 0, 0, 0, 0, 0, 0, 0, 0, 1, 1, 1, 0, 0, 1, 0, 0, 0, 0, 1, 0, 1, 0, 0, 0, 0, 1, 1, 0, 0, 0, 0, 0, 1, 0, 0, 0, 0, 1, 0, 1, 0, 1, 1, 0, 0, 0, 0, 0, 1, 0, 0, 0, 1, 0, 0, 0, 0, 0, 0, 0, 0, 0, 0, 0, 0, 0, 0, 1, 1, 0, 0, 0, 0, 0, 0, 0, 0, 0, 0, 1, 1, 0, 1, 0, 0, 0, 0, 0, 1, 0, 0, 0, 0, 0, 0, 0, 1, 0, 0, 0, 0, 0, 0, 0, 1, 0, 0, 1, 1, 0, 0, 0, 0, 0, 0, 0, 0, 0, 0, 0, 0, 0, 0, 1, 0, 0, 0, 0, 0, 0, 0, 0, 0, 0]

BESTCONSDTW=(88, 630, 0.13968253968253969)
LISTCONSDTW=[0, 1, 0, 0, 0, 0, 1, 0, 1, 1, 0, 0, 0, 0, 0, 0, 1, 0, 1, 0, 0, 0, 0, 0, 0, 0, 0, 0, 0, 0, 0, 1, 0, 1, 0, 0, 0, 0, 0, 0, 1, 0, 1, 0, 0, 0, 1, 1, 1, 0, 0, 0, 0, 0, 0, 0, 0, 0, 0, 0, 0, 1, 0, 0, 0, 0, 1, 0, 0, 1, 0, 1, 0, 0, 1, 0, 0, 0, 0, 0, 0, 0, 0, 0, 0, 0, 0, 0, 0, 1, 0, 0, 0, 0, 0, 0, 1, 0, 0, 0, 0, 0, 0, 0, 0, 0, 0, 0, 0, 0, 0, 0, 0, 1, 0, 0, 0, 0, 0, 0, 0, 0, 0, 0, 0, 0, 0, 0, 0, 0, 0, 0, 0, 1, 0, 0, 0, 0, 0, 1, 0, 0, 0, 0, 0, 0, 0, 0, 0, 1, 0, 1, 1, 0, 1, 0, 0, 0, 0, 0, 0, 0, 0, 0, 0, 0, 0, 0, 0, 0, 0, 1, 1, 0, 0, 0, 0, 0, 0, 0, 0, 0, 0, 0, 0, 0, 0, 0, 0, 0, 0, 0, 1, 0, 0, 0, 0, 0, 0, 0, 0, 0, 0, 0, 0, 0, 0, 0, 0, 0, 0, 0, 0, 0, 0, 0, 0, 0, 1, 1, 0, 0, 0, 0, 0, 0, 0, 0, 0, 0, 0, 0, 0, 0, 0, 0, 0, 0, 0, 0, 0, 0, 0, 0, 0, 0, 0, 0, 0, 0, 0, 0, 1, 0, 0, 0, 0, 0, 0, 0, 0, 0, 0, 0, 0, 0, 0, 0, 0, 0, 0, 1, 0, 0, 0, 0, 0, 0, 0, 0, 0, 0, 0, 0, 0, 0, 0, 0, 0, 0, 0, 0, 0, 1, 0, 1, 0, 0, 0, 0, 0, 0, 0, 0, 0, 0, 0, 0, 0, 0, 0, 0, 1, 0, 1, 0, 0, 0, 0, 1, 0, 0, 0, 0, 0, 0, 1, 0, 0, 0, 1, 0, 0, 1, 1, 0, 0, 1, 0, 0, 0, 0, 0, 0, 0, 0, 0, 0, 0, 0, 0, 0, 1, 0, 0, 0, 0, 0, 0, 0, 0, 0, 0, 0, 1, 0, 0, 0, 1, 1, 0, 0, 0, 1, 0, 1, 0, 0, 0, 0, 0, 0, 0, 0, 0, 0, 0, 0, 1, 0, 1, 0, 0, 0, 0, 0, 0, 0, 0, 0, 0, 0, 0, 0, 1, 0, 1, 0, 0, 0, 1, 0, 0, 0, 0, 1, 0, 0, 1, 0, 0, 0, 0, 0, 0, 0, 0, 1, 0, 0, 1, 0, 0, 0, 0, 0, 0, 0, 0, 0, 1, 0, 0, 0, 0, 0, 0, 0, 0, 0, 0, 0, 0, 1, 0, 1, 0, 0, 1, 0, 0, 0, 0, 1, 0, 0, 1, 0, 0, 0, 1, 0, 0, 0, 0, 0, 1, 1, 0, 0, 0, 0, 0, 0, 1, 1, 1, 1, 0, 0, 0, 0, 0, 0, 0, 1, 0, 0, 0, 0, 0, 0, 0, 0, 1, 1, 0, 0, 0, 1, 0, 0, 0, 0, 1, 0, 1, 0, 0, 0, 1, 1, 0, 0, 0, 0, 0, 0, 1, 0, 0, 0, 0, 0, 0, 0, 0, 1, 1, 0, 0, 0, 0, 0, 0, 0, 0, 0, 1, 0, 0, 0, 0, 0, 0, 0, 0, 0, 0, 0, 0, 0, 0, 0, 0, 0, 0, 0, 0, 0, 1, 0, 0, 0, 0, 0, 1, 0, 0, 0, 0, 1, 0, 0, 0, 0, 0, 0, 0, 0, 0, 0, 0, 0, 0, 0, 0, 0, 0, 0, 0, 0, 0, 0, 1, 0, 0, 0, 0, 0, 0, 0, 0, 0, 0, 0, 0, 0, 0, 0, 0, 0, 0, 0, 0, 0, 0, 0, 0, 0]

BESTGEM=(84, 630, 0.13333333333333333)
LISTGEM=[0, 1, 0, 0, 0, 0, 0, 1, 1, 1, 0, 0, 1, 0, 0, 0, 0, 0, 1, 1, 0, 0, 0, 0, 0, 0, 0, 0, 0, 0, 0, 1, 0, 0, 0, 0, 0, 0, 0, 0, 1, 0, 0, 0, 0, 0, 0, 0, 0, 0, 0, 0, 0, 0, 0, 0, 0, 0, 0, 0, 0, 1, 0, 0, 0, 1, 1, 0, 0, 1, 0, 1, 0, 1, 0, 0, 0, 0, 0, 0, 0, 0, 1, 0, 0, 0, 0, 0, 0, 1, 0, 0, 0, 0, 0, 1, 1, 0, 0, 0, 0, 0, 0, 0, 0, 0, 0, 0, 0, 0, 0, 0, 0, 1, 0, 0, 0, 0, 0, 0, 0, 0, 0, 0, 0, 0, 1, 0, 0, 0, 0, 0, 0, 0, 0, 0, 0, 0, 0, 0, 0, 0, 0, 0, 0, 0, 0, 1, 0, 0, 0, 1, 1, 0, 0, 0, 0, 0, 0, 0, 0, 0, 0, 0, 0, 0, 0, 0, 0, 0, 0, 0, 1, 0, 0, 0, 0, 0, 0, 0, 0, 0, 0, 0, 0, 0, 0, 0, 0, 0, 1, 0, 0, 0, 0, 0, 0, 0, 0, 1, 0, 0, 0, 0, 0, 0, 0, 0, 0, 0, 0, 0, 0, 0, 0, 0, 0, 1, 1, 0, 0, 0, 0, 0, 0, 0, 0, 0, 0, 0, 0, 0, 0, 0, 0, 0, 0, 0, 0, 0, 0, 0, 0, 1, 0, 0, 0, 0, 0, 0, 0, 0, 1, 1, 0, 0, 0, 0, 0, 0, 0, 0, 0, 0, 0, 0, 0, 0, 1, 0, 0, 0, 0, 0, 1, 0, 0, 0, 0, 0, 0, 0, 0, 0, 0, 0, 1, 0, 0, 0, 0, 0, 0, 1, 1, 1, 0, 0, 0, 0, 0, 1, 0, 1, 0, 0, 0, 0, 1, 0, 0, 0, 0, 0, 0, 0, 1, 0, 0, 0, 0, 0, 0, 0, 0, 0, 0, 0, 0, 0, 0, 0, 0, 1, 1, 0, 0, 1, 0, 0, 0, 0, 0, 0, 0, 0, 1, 0, 0, 0, 0, 0, 0, 0, 0, 0, 1, 0, 0, 0, 0, 0, 0, 0, 1, 0, 0, 1, 1, 0, 0, 0, 0, 0, 0, 0, 0, 0, 1, 0, 0, 0, 0, 0, 0, 0, 0, 0, 1, 0, 0, 0, 1, 0, 0, 0, 0, 0, 0, 0, 0, 0, 1, 0, 0, 1, 0, 0, 0, 0, 1, 0, 0, 0, 0, 1, 0, 0, 1, 0, 0, 0, 0, 0, 0, 0, 0, 0, 0, 0, 1, 0, 0, 0, 0, 0, 0, 0, 0, 0, 1, 0, 0, 0, 0, 0, 0, 0, 0, 0, 0, 0, 0, 1, 0, 1, 0, 0, 1, 0, 0, 0, 0, 1, 0, 0, 1, 0, 0, 0, 0, 0, 0, 0, 0, 0, 0, 0, 0, 0, 0, 1, 0, 0, 1, 0, 0, 0, 0, 1, 0, 0, 0, 0, 1, 0, 0, 0, 0, 0, 0, 0, 0, 0, 1, 0, 0, 0, 0, 1, 0, 0, 0, 0, 1, 0, 1, 0, 0, 0, 0, 1, 0, 0, 0, 0, 0, 0, 0, 0, 0, 0, 1, 0, 0, 0, 0, 0, 1, 0, 0, 0, 0, 0, 0, 0, 0, 0, 0, 0, 0, 0, 0, 0, 0, 0, 0, 0, 0, 0, 0, 0, 0, 0, 1, 0, 0, 0, 0, 0, 0, 0, 0, 0, 0, 1, 1, 0, 0, 0, 1, 1, 0, 0, 0, 0, 0, 0, 0, 0, 0, 0, 0, 0, 0, 0, 0, 0, 0, 0, 0, 1, 0, 0, 1, 0, 0, 0, 0, 0, 0, 0, 0, 0, 0, 0, 0, 0, 0, 1, 0, 0, 0, 0, 0, 0, 0, 0, 0, 0]

