# shuffled stratified split (indices referring to UCR database)
TESTINDEX=[260 236 310   5 247 198 300 342 299 307 137 206 277 313  81 269  79 321
 345 238  45 231 331  12  46 115 240 286 280 136 219 276  47  78 230 110
  91 202 319 176 168  36 130  40  43 290  87  56 216  39  41 332 162 346
 302 172 146  15  32  71 217 152 150 340 278  82  93  13 253  52 293  73
 103 271 123   1 159 166 249 262 222 163 330 140  42  51 328 266 205   2
 268 135 175   4 144  25 174 210 117 308 116 208   7 165 303 329 179  38
  55 281 339 178  11 164  61 241  24 316 190  49 317 113   0 153 111 192
  65 199 122 315  99 124 229  92 169 341 154 104 203 301 185 248 312 105
  66  29  57  48 336 334 264 338 297 233 142 145 195 258 243 265 131  60
 194 112 147   9 284  23  16 182 187  70 309 323  58]
TRAININDEX=[ 17 196 270  72 207 235 106  20  19 255 304  28  31  21 132 333 298 267
   6 139 218 126  22 335 232  88 239 149  33  59 227 221 246  84 133 244
 234 292 327 148 109   3 337 100   8 252  63  30 180 200  98 191 186 211
 344 183 320 160  69 220  97 151  50 326 294  44 107  80  34 171 306  83
 177  77 204 143 237 325 155  86 289 118 311 189  68 114 181 256  96  76
 141 251 282 193  67 125 274 158  18 215 156 138 322 224  26  89 259 324
 161  64  95 102  62 347 348 228  75 121 108 279 167 188 223 296 318 225
 288 173  90 287 285 184 170 261 213 127 275  35 226 157 254 209  94 257
 214 245 120 295 250 128 201 283  74 343 212 197 129 242 291  27 101 119
 134 272 273 314 263  85  54  14  53 305  37 349  10]

# learned parameters for cdtw and gem
# dtw ((error, size, error/size), (window, sqr))
# gem ((error, size, error/size), (St0, St1, E, sym, sqr))
BESTLEARNCONSDTW=((32, 175, 0.18285714285714286), (0.040000000000000001, True))
LISTLEARNCONSDTW=[((32, 175, 0.18285714285714286), (0.029999999999999999, True)), ((32, 175, 0.18285714285714286), (0.040000000000000001, True)), ((33, 175, 0.18857142857142858), (0.01, True)), ((34, 175, 0.19428571428571428), (0.050000000000000003, True)), ((34, 175, 0.19428571428571428), (0.059999999999999998, True)), ((34, 175, 0.19428571428571428), (0.070000000000000007, True)), ((36, 175, 0.20571428571428571), (0.089999999999999997, True)), ((36, 175, 0.20571428571428571), (0.10000000000000001, True)), ((36, 175, 0.20571428571428571), (0.11, True)), ((36, 175, 0.20571428571428571), (0.12, True)), ((36, 175, 0.20571428571428571), (0.13, True)), ((36, 175, 0.20571428571428571), (0.14000000000000001, True)), ((36, 175, 0.20571428571428571), (0.14999999999999999, True)), ((36, 175, 0.20571428571428571), (0.16, True)), ((36, 175, 0.20571428571428571), (0.17000000000000001, True)), ((36, 175, 0.20571428571428571), (0.17999999999999999, True)), ((36, 175, 0.20571428571428571), (0.19, True)), ((36, 175, 0.20571428571428571), (0.20000000000000001, True)), ((37, 175, 0.21142857142857144), (0.02, True)), ((37, 175, 0.21142857142857144), (0.080000000000000002, True)), ((42, 175, 0.23999999999999999), (0.0, True))]

BESTLEARNGEM=((9, 175, 0.051428571428571428), (2, 1, 0.03125, True, True))
LISTLEARNGEM=[((9, 175, 0.051428571428571428), (2, 1, 0.03125, True, True)), ((11, 175, 0.062857142857142861), (2, 1, 0.0625, True, True)), ((14, 175, 0.080000000000000002), (2, 1, 0.015625, True, True)), ((16, 175, 0.091428571428571428), (2, 1, 0.125, True, True)), ((17, 175, 0.097142857142857142), (2, 1, 0.00390625, True, True)), ((18, 175, 0.10285714285714286), (2, 1, 0.0078125, True, True)), ((20, 175, 0.11428571428571428), (2, 1, 0.25, True, True)), ((20, 175, 0.11428571428571428), (2, 1, 0.5, True, True)), ((20, 175, 0.11428571428571428), (2, 2, 0.125, True, True)), ((20, 175, 0.11428571428571428), (2, 2, 0.25, True, True)), ((22, 175, 0.12571428571428572), (2, 2, 0.015625, True, True)), ((23, 175, 0.13142857142857142), (1, 1, 0.03125, True, True)), ((23, 175, 0.13142857142857142), (1, 2, 0.03125, True, True)), ((23, 175, 0.13142857142857142), (2, 2, 0.03125, True, True)), ((23, 175, 0.13142857142857142), (2, 2, 0.0625, True, True)), ((23, 175, 0.13142857142857142), (2, 2, 0.5, True, True)), ((24, 175, 0.13714285714285715), (2, 1, 0, True, True)), ((24, 175, 0.13714285714285715), (2, 2, 0, True, True)), ((24, 175, 0.13714285714285715), (2, 2, 0.00390625, True, True)), ((25, 175, 0.14285714285714285), (1, 1, 0.0625, True, True)), ((25, 175, 0.14285714285714285), (1, 1, 0.125, True, True)), ((25, 175, 0.14285714285714285), (1, 2, 0.0625, True, True)), ((25, 175, 0.14285714285714285), (1, 2, 0.125, True, True)), ((25, 175, 0.14285714285714285), (2, 2, 0.0078125, True, True)), ((26, 175, 0.14857142857142858), (1, 1, 0.25, True, True)), ((26, 175, 0.14857142857142858), (1, 2, 0.25, True, True)), ((28, 175, 0.16), (1, 1, 0.5, True, True)), ((28, 175, 0.16), (1, 2, 0.5, True, True)), ((32, 175, 0.18285714285714286), (1, 1, 0.015625, True, True)), ((32, 175, 0.18285714285714286), (1, 2, 0.015625, True, True)), ((34, 175, 0.19428571428571428), (1, 1, 0, True, True)), ((34, 175, 0.19428571428571428), (1, 1, 0.0078125, True, True)), ((34, 175, 0.19428571428571428), (1, 2, 0, True, True)), ((34, 175, 0.19428571428571428), (1, 2, 0.0078125, True, True)), ((36, 175, 0.20571428571428571), (1, 1, 0.00390625, True, True)), ((36, 175, 0.20571428571428571), (1, 2, 0.00390625, True, True))]


# error rates for different distance measures
# (error, size, error/size) and binary mask
BESTLP=(32, 175, 0.18285714285714286)
LISTLP=[0, 0, 0, 1, 0, 0, 0, 0, 0, 0, 0, 0, 0, 0, 0, 0, 0, 0, 0, 0, 0, 0, 0, 0, 0, 1, 0, 0, 1, 0, 0, 0, 1, 0, 1, 0, 1, 0, 0, 0, 0, 0, 0, 0, 0, 0, 1, 0, 0, 0, 0, 0, 0, 0, 0, 0, 0, 0, 0, 1, 0, 0, 0, 1, 0, 0, 0, 0, 0, 0, 0, 1, 0, 0, 0, 0, 0, 0, 1, 1, 0, 0, 0, 0, 0, 0, 1, 1, 0, 0, 0, 0, 0, 0, 0, 1, 0, 0, 0, 0, 0, 0, 1, 0, 0, 0, 0, 0, 0, 0, 1, 0, 0, 1, 0, 0, 0, 0, 0, 0, 1, 0, 0, 0, 0, 0, 0, 1, 0, 1, 1, 0, 1, 0, 0, 0, 0, 0, 0, 0, 1, 0, 0, 1, 1, 0, 0, 0, 0, 0, 0, 1, 0, 0, 0, 0, 1, 0, 0, 1, 1, 0, 0, 0, 0, 0, 0, 0, 1, 0, 1, 0, 0, 0, 0]

BESTFULLDTW=(39, 175, 0.22285714285714286)
LISTFULLDTW=[0, 0, 0, 0, 0, 1, 0, 0, 0, 0, 0, 0, 0, 0, 0, 0, 0, 0, 0, 0, 0, 0, 0, 0, 0, 0, 0, 0, 1, 0, 0, 0, 0, 0, 1, 0, 0, 0, 0, 0, 1, 0, 1, 1, 0, 0, 1, 0, 0, 1, 0, 0, 0, 0, 1, 0, 0, 1, 0, 0, 0, 0, 0, 1, 0, 0, 0, 0, 0, 1, 1, 0, 1, 1, 1, 1, 0, 0, 1, 1, 0, 0, 0, 0, 0, 1, 1, 1, 1, 0, 1, 0, 0, 0, 0, 1, 0, 1, 0, 0, 0, 0, 0, 0, 1, 0, 0, 0, 0, 0, 0, 0, 0, 0, 0, 0, 0, 0, 0, 0, 1, 0, 0, 0, 0, 0, 0, 0, 0, 0, 0, 0, 1, 0, 0, 0, 0, 0, 0, 0, 1, 0, 0, 1, 1, 0, 1, 0, 0, 0, 0, 1, 0, 0, 0, 0, 1, 0, 0, 1, 1, 0, 1, 0, 0, 0, 0, 0, 0, 0, 0, 0, 0, 1, 0]

BESTCONSDTW=(43, 175, 0.24571428571428572)
LISTCONSDTW=[0, 0, 0, 0, 0, 1, 0, 0, 0, 0, 0, 0, 0, 1, 0, 0, 0, 0, 0, 0, 0, 0, 0, 0, 1, 0, 0, 0, 1, 0, 0, 0, 1, 0, 1, 0, 1, 0, 0, 0, 1, 0, 1, 1, 0, 0, 1, 0, 0, 1, 0, 0, 0, 0, 1, 0, 0, 1, 0, 0, 0, 0, 0, 0, 0, 0, 0, 0, 0, 1, 1, 1, 0, 1, 1, 1, 0, 0, 1, 1, 0, 0, 0, 0, 0, 1, 0, 1, 1, 0, 1, 0, 0, 0, 0, 1, 0, 1, 0, 0, 1, 0, 0, 0, 1, 0, 0, 0, 0, 0, 1, 0, 0, 0, 0, 0, 0, 0, 0, 0, 1, 0, 0, 0, 0, 0, 0, 1, 0, 0, 0, 0, 1, 0, 0, 0, 0, 0, 0, 0, 1, 0, 0, 1, 1, 0, 1, 0, 0, 0, 0, 1, 0, 0, 0, 0, 0, 0, 0, 1, 1, 0, 1, 0, 0, 0, 0, 0, 0, 0, 0, 0, 0, 1, 0]

BESTGEM=(14, 175, 0.080000000000000002)
LISTGEM=[0, 0, 0, 0, 0, 0, 0, 0, 0, 0, 0, 0, 0, 0, 0, 0, 0, 0, 0, 0, 0, 0, 0, 0, 0, 1, 1, 0, 0, 0, 0, 0, 0, 0, 1, 0, 0, 0, 0, 0, 0, 0, 0, 1, 0, 0, 0, 0, 0, 0, 0, 0, 0, 0, 0, 0, 0, 0, 0, 0, 0, 0, 0, 0, 0, 0, 0, 0, 0, 0, 0, 0, 0, 0, 0, 0, 0, 0, 0, 1, 0, 0, 0, 0, 0, 0, 0, 1, 0, 0, 1, 0, 0, 0, 0, 1, 0, 0, 0, 0, 0, 0, 0, 0, 1, 0, 0, 0, 0, 0, 0, 0, 0, 1, 0, 0, 0, 0, 0, 0, 0, 0, 0, 0, 0, 0, 0, 0, 0, 1, 0, 0, 1, 0, 0, 0, 0, 0, 0, 0, 1, 0, 0, 0, 0, 0, 0, 0, 0, 0, 0, 0, 0, 0, 0, 0, 0, 0, 0, 1, 0, 0, 0, 0, 0, 0, 0, 0, 0, 0, 0, 0, 0, 0, 0]

