# shuffled stratified split (indices referring to UCR database)
TESTINDEX=[ 96 545 529 740 606 653 559 247 596 293 876 520 357 703 478 870 807 111
  17 608 546 265  46 304 848 205 716 210 178 705 229 391 667  93 540 440
 875 416 470 351 649 271 166 335 372  87 855 788 659 690 507 861 731 146
 319 777 240 221 436 339 753 160 408 522 253 879  97 441 598 864 802 630
 291 625 367 418 133 619  27 364 738 655 631 537 292 186 431 424  36 324
 541 184 108 582  86 868 681  41 673 798 177 687 623 394 639 231 353 444
 874 473 585 421 808 852 665 381 289 262 327 113 904 692  52 770 811 589
  31 387 378 760 443 243 279 688 172 790 691 465 710 616 236 761 224 810
  43 104 882 274 201 150 526 628 193  38 499 180 241 192  88 376 446 840
 727 191 156  63  35 801 725 632 782 715 771 783 714 345 786 817 532 361
 119 647 341 755 778 148 270 147 348 524 326 551 354 459  79 312 163 900
 232 567 176  83 789 492 518 128 472 410 570 432 723 820 385 466 165 822
 502  39 141 797  37 592 869 496  30 389 720 226 423 547  73  75 105 278
 250 846  33  42 812 340 106 829 503 539 220 338 627 489 422 513 558 899
  32 137 839 323 742 508 668 123 895 615 762 809 392 689 842  21  80  53
 785   9 349 346 420 754 464 168 379 452 474 257 858 593 358 510 509 554
 701 617 475 445 853 322 835 490 303 595 794 676 635 643 597 666 407 365
 467 769 127 505 825 497 217 805  76  25 776 245 721 344 675   3 143 196
 708 765 633 131 439 843  26 726 735 903 886 737 850 512 780 413 651 313
  50 159 682 101 624  68 121 661 638 795 230 501 306 579 818 493 759 197
 515 636 732 380 169 228 865 316  56  11 170 435  72 838  57 500 161 533
 620 486 287 671 832 586 215 280 750 269  28  91 578 300 536 388 181 591
 371 412 282 587 602 455 555 140 577   5 637 396 429 366 213 162 614 867
 713 373 757 747 561 642 800 594 333 763 260 154 791 325 164 399 315 369
 332 644 406 179 126 370 552 124 889  14 139 248  40   7 722  13 756 314
 504 352 793 273 612  95 898 209 175 182 155 677 528  65 363  89 109 516
 417 307  67 556 686 122 442 571 749 295 544 118 107 433 866 296 894 549
 337 249 237 548  34 477 523 491  49 752 362 580 506  22 203 574 609 525
 744 823 321 685 583 129 244 645 360 841 403 844 461 650 781 694 460 860
 390 773 188 831 863 607 434  78 729 751 734 301 854 263  58 211 428 534
 613 641 275 288 660  19 487 573 621 246 531 599 132  29 120 588 350 426
 398 458 806 893  99 356 453   1 530 171 640 565 222 482 242 804 233 535
 414 626 202 481 261 309 256  44 276 227 272 395 218 718   6 527 652 880
 764 157 857 562 695 377 251 662  69 684 212 400  98 576 564 814 328  84
 144 702 873 517 724 672 736 618 225 216 698  47 779 768 437 374 719 480
 483 883 824 901 125]
TRAININDEX=[ 18 826 317 268 259 897  10 648 847 859 199  64 463 393  16 468  54  85
 663 888 200 382 519 430 469 669 457 803  12 115 425 890 336 741 355 514
 856 553 485 153 454 145 135 743   8 709 311  74 799 830 664 849 827 787
 206 704 234  61 239 833  66 792 538 604 415 409 214 103 766 449 255 550
 851 494 581 678 285  59 605 730 320 733 438 821 462 405 411 657 670 706
 264 697 712 711 404 219 758 402  55 896 208 479 114 680 813 646 511 819
 610 266 746 584 283 815 683 728 130 189 267 575   4 294 102 775 674 877
 185 290 717 277 207 543 286 386 834 885 318 521 190  24 383 774 563 887
 891 151 658  23 297 204 772  48 254 590 299 342 696 198 745 707 100 560
 298 699 194 116 158  70  77 375  45 238 700 305  62 881 656  15   0 622
 634 112 837  92 419 331 871 343  51 748 892 603 117 693 611 401 302 600
 845 601 308 183  81 836 258 427 902  90 447 654 484 566 368  82 330 310
 252 174 284  20 448 334 796 347 235 828 629 767 136 816 138 784  94 542
 451 173 884 167 110 572 862 569   2 495 281 568 142 488 557 456 134 878
 359 679 498 450 223 152  71 195 476 149 384 471 187 872 397  60 739 329]

# learned parameters for cdtw and gem
# dtw ((error, size, error/size), (window, sqr))
# gem ((error, size, error/size), (St0, St1, E, sym, sqr))
BESTLEARNCONSDTW=((73, 270, 0.27037037037037037), (0.059999999999999998, True))
LISTLEARNCONSDTW=[((73, 270, 0.27037037037037037), (0.059999999999999998, True)), ((74, 270, 0.27407407407407408), (0.070000000000000007, True)), ((74, 270, 0.27407407407407408), (0.080000000000000002, True)), ((75, 270, 0.27777777777777779), (0.089999999999999997, True)), ((76, 270, 0.2814814814814815), (0.14000000000000001, True)), ((77, 270, 0.28518518518518521), (0.10000000000000001, True)), ((77, 270, 0.28518518518518521), (0.12, True)), ((77, 270, 0.28518518518518521), (0.16, True)), ((77, 270, 0.28518518518518521), (0.20000000000000001, True)), ((78, 270, 0.28888888888888886), (0.050000000000000003, True)), ((78, 270, 0.28888888888888886), (0.11, True)), ((78, 270, 0.28888888888888886), (0.14999999999999999, True)), ((78, 270, 0.28888888888888886), (0.17000000000000001, True)), ((79, 270, 0.29259259259259257), (0.17999999999999999, True)), ((79, 270, 0.29259259259259257), (0.19, True)), ((80, 270, 0.29629629629629628), (0.13, True)), ((81, 270, 0.29999999999999999), (0.040000000000000001, True)), ((89, 270, 0.32962962962962961), (0.029999999999999999, True)), ((98, 270, 0.36296296296296299), (0.02, True)), ((101, 270, 0.37407407407407406), (0.01, True)), ((117, 270, 0.43333333333333335), (0.0, True))]

BESTLEARNGEM=((67, 270, 0.24814814814814815), (2, 2, 0.25, True, True))
LISTLEARNGEM=[((67, 270, 0.24814814814814815), (2, 2, 0.25, True, True)), ((75, 270, 0.27777777777777779), (2, 2, 0.125, True, True)), ((75, 270, 0.27777777777777779), (2, 2, 0.5, True, True)), ((81, 270, 0.29999999999999999), (2, 2, 0.0625, True, True)), ((86, 270, 0.31851851851851853), (2, 2, 0, True, True)), ((86, 270, 0.31851851851851853), (2, 2, 0.00390625, True, True)), ((86, 270, 0.31851851851851853), (2, 2, 0.0078125, True, True)), ((89, 270, 0.32962962962962961), (2, 2, 0.015625, True, True)), ((89, 270, 0.32962962962962961), (2, 2, 0.03125, True, True)), ((107, 270, 0.39629629629629631), (1, 1, 0, True, True)), ((107, 270, 0.39629629629629631), (1, 2, 0, True, True)), ((110, 270, 0.40740740740740738), (1, 1, 0.00390625, True, True)), ((110, 270, 0.40740740740740738), (1, 2, 0.00390625, True, True)), ((111, 270, 0.41111111111111109), (1, 1, 0.0078125, True, True)), ((111, 270, 0.41111111111111109), (1, 2, 0.0078125, True, True)), ((113, 270, 0.41851851851851851), (2, 1, 0.5, True, True)), ((116, 270, 0.42962962962962964), (1, 1, 0.015625, True, True)), ((116, 270, 0.42962962962962964), (1, 2, 0.015625, True, True)), ((118, 270, 0.43703703703703706), (1, 1, 0.03125, True, True)), ((118, 270, 0.43703703703703706), (1, 2, 0.03125, True, True)), ((120, 270, 0.44444444444444442), (1, 1, 0.0625, True, True)), ((120, 270, 0.44444444444444442), (1, 2, 0.0625, True, True)), ((121, 270, 0.44814814814814813), (2, 1, 0.25, True, True)), ((124, 270, 0.45925925925925926), (2, 1, 0.125, True, True)), ((130, 270, 0.48148148148148145), (1, 1, 0.125, True, True)), ((130, 270, 0.48148148148148145), (1, 2, 0.125, True, True)), ((132, 270, 0.48888888888888887), (2, 1, 0.0625, True, True)), ((134, 270, 0.49629629629629629), (2, 1, 0.03125, True, True)), ((135, 270, 0.5), (1, 1, 0.25, True, True)), ((135, 270, 0.5), (1, 2, 0.25, True, True)), ((136, 270, 0.50370370370370365), (1, 1, 0.5, True, True)), ((136, 270, 0.50370370370370365), (1, 2, 0.5, True, True)), ((136, 270, 0.50370370370370365), (2, 1, 0.015625, True, True)), ((139, 270, 0.51481481481481484), (2, 1, 0.0078125, True, True)), ((142, 270, 0.52592592592592591), (2, 1, 0.00390625, True, True)), ((146, 270, 0.54074074074074074), (2, 1, 0, True, True))]


# error rates for different distance measures
# (error, size, error/size) and binary mask
BESTLP=(246, 635, 0.38740157480314963)
LISTLP=[0, 1, 1, 1, 0, 1, 0, 0, 1, 0, 0, 0, 0, 1, 0, 0, 1, 0, 0, 0, 0, 0, 1, 0, 1, 1, 1, 0, 0, 0, 0, 0, 0, 0, 0, 0, 0, 1, 0, 1, 1, 0, 0, 1, 1, 0, 0, 0, 1, 1, 1, 0, 1, 1, 0, 0, 0, 0, 0, 1, 0, 0, 0, 0, 1, 1, 0, 0, 0, 0, 1, 1, 1, 0, 1, 1, 0, 0, 0, 0, 0, 0, 0, 1, 0, 0, 1, 0, 0, 0, 1, 1, 0, 0, 1, 0, 1, 1, 0, 0, 0, 1, 0, 0, 1, 0, 1, 0, 1, 1, 0, 1, 0, 0, 1, 1, 1, 1, 0, 1, 0, 0, 0, 0, 1, 1, 1, 0, 0, 0, 0, 1, 0, 0, 1, 0, 0, 1, 0, 0, 1, 0, 1, 0, 0, 0, 0, 1, 0, 1, 0, 0, 0, 0, 1, 0, 0, 0, 1, 1, 0, 0, 0, 1, 1, 0, 0, 0, 0, 1, 0, 0, 1, 0, 1, 1, 0, 0, 0, 0, 0, 1, 1, 1, 1, 0, 0, 1, 1, 0, 1, 0, 0, 0, 0, 0, 1, 0, 1, 1, 1, 1, 1, 0, 1, 0, 1, 1, 0, 1, 0, 1, 1, 1, 0, 0, 1, 1, 0, 0, 0, 0, 1, 1, 0, 0, 0, 0, 0, 0, 1, 0, 1, 1, 0, 0, 0, 1, 1, 1, 1, 1, 0, 0, 0, 1, 0, 0, 1, 0, 0, 0, 0, 1, 0, 0, 0, 0, 1, 0, 0, 0, 1, 0, 1, 0, 0, 1, 0, 0, 0, 0, 0, 0, 0, 0, 0, 0, 0, 0, 1, 1, 0, 0, 1, 1, 1, 0, 1, 0, 0, 1, 0, 0, 1, 0, 0, 0, 1, 0, 0, 0, 0, 1, 0, 0, 1, 0, 0, 0, 0, 0, 0, 1, 0, 0, 1, 1, 0, 0, 1, 0, 1, 0, 1, 1, 1, 0, 0, 0, 0, 1, 1, 0, 0, 0, 0, 1, 0, 0, 0, 0, 0, 1, 0, 0, 0, 0, 0, 0, 1, 1, 1, 0, 0, 0, 1, 0, 0, 0, 0, 0, 0, 0, 1, 0, 0, 1, 0, 1, 1, 0, 1, 1, 0, 0, 0, 0, 0, 1, 0, 0, 0, 0, 1, 1, 1, 1, 1, 1, 0, 0, 0, 0, 1, 0, 0, 0, 0, 1, 0, 0, 0, 1, 1, 1, 0, 0, 0, 0, 0, 0, 0, 0, 0, 1, 0, 1, 0, 0, 1, 0, 0, 0, 1, 1, 1, 0, 1, 0, 1, 0, 0, 0, 0, 0, 1, 0, 0, 0, 1, 1, 1, 0, 1, 1, 1, 0, 0, 0, 1, 0, 0, 0, 0, 0, 1, 1, 0, 0, 0, 1, 0, 0, 1, 0, 0, 1, 0, 0, 1, 1, 1, 1, 0, 1, 1, 0, 0, 0, 1, 0, 0, 1, 1, 0, 0, 0, 0, 1, 1, 1, 0, 0, 0, 1, 1, 1, 1, 0, 0, 1, 1, 1, 0, 0, 1, 0, 1, 0, 1, 1, 1, 0, 0, 1, 1, 0, 0, 0, 1, 0, 1, 1, 0, 0, 0, 0, 0, 1, 1, 0, 1, 1, 0, 0, 1, 0, 0, 0, 0, 1, 0, 1, 1, 1, 0, 0, 0, 1, 1, 0, 1, 0, 0, 0, 0, 1, 0, 1, 1, 0, 0, 1, 0, 0, 1, 1, 1, 0, 1, 1, 1, 0, 0, 1, 0, 0, 0, 0, 1, 0, 0, 0, 1, 1, 0, 0, 0, 1, 1, 0, 1, 1, 1, 0, 1, 0, 1, 1, 0, 1, 0, 0, 0, 1, 0, 0, 1, 1, 0, 0, 0, 1, 0, 0, 1, 0, 0, 1, 0, 0, 1, 0, 1, 0, 0, 0, 1, 0, 1, 1, 0, 0, 0]

BESTFULLDTW=(228, 635, 0.35905511811023622)
LISTFULLDTW=[1, 0, 0, 1, 0, 1, 0, 0, 1, 0, 1, 0, 1, 1, 0, 0, 1, 0, 0, 0, 0, 0, 0, 0, 1, 1, 0, 0, 0, 0, 0, 0, 0, 0, 0, 0, 1, 1, 1, 1, 0, 0, 1, 1, 1, 0, 0, 0, 1, 1, 0, 1, 0, 1, 0, 0, 1, 1, 1, 0, 0, 1, 1, 1, 1, 0, 0, 1, 0, 0, 0, 1, 0, 0, 0, 0, 0, 0, 0, 0, 1, 1, 0, 1, 0, 0, 1, 0, 1, 0, 0, 1, 0, 0, 0, 0, 1, 1, 0, 0, 0, 1, 0, 0, 0, 0, 0, 1, 1, 1, 0, 0, 0, 0, 0, 0, 1, 1, 0, 1, 0, 0, 1, 0, 1, 1, 1, 0, 1, 0, 1, 1, 0, 1, 1, 1, 0, 1, 0, 0, 1, 0, 0, 0, 0, 0, 1, 1, 0, 0, 0, 0, 0, 0, 1, 0, 0, 0, 0, 1, 0, 0, 0, 1, 1, 0, 0, 0, 0, 0, 1, 0, 1, 0, 0, 0, 0, 0, 0, 0, 1, 1, 1, 1, 0, 0, 0, 0, 0, 0, 0, 0, 0, 0, 0, 0, 0, 0, 1, 1, 0, 0, 1, 0, 0, 0, 0, 0, 1, 0, 0, 1, 1, 1, 0, 1, 1, 0, 0, 0, 0, 1, 0, 1, 1, 0, 0, 0, 0, 0, 1, 0, 1, 1, 0, 0, 0, 0, 0, 0, 1, 0, 1, 0, 0, 1, 0, 0, 0, 0, 1, 0, 0, 0, 0, 0, 1, 1, 1, 0, 1, 0, 0, 0, 1, 0, 1, 0, 0, 1, 0, 0, 1, 0, 0, 0, 0, 0, 0, 1, 1, 1, 1, 0, 1, 1, 1, 1, 0, 0, 0, 1, 0, 0, 1, 0, 0, 0, 0, 0, 0, 0, 0, 0, 0, 0, 1, 0, 0, 1, 0, 0, 0, 0, 0, 0, 0, 1, 1, 0, 1, 0, 1, 0, 1, 0, 0, 0, 0, 1, 0, 1, 1, 0, 0, 0, 0, 1, 0, 0, 0, 0, 0, 1, 0, 0, 0, 1, 0, 0, 0, 1, 1, 0, 0, 0, 1, 1, 0, 1, 0, 0, 0, 0, 0, 0, 0, 1, 1, 0, 1, 0, 1, 0, 1, 0, 0, 0, 0, 0, 0, 0, 0, 1, 0, 0, 0, 0, 1, 1, 1, 0, 0, 0, 0, 0, 1, 0, 1, 1, 0, 0, 0, 1, 0, 1, 0, 0, 0, 0, 0, 0, 0, 1, 1, 1, 0, 0, 0, 0, 0, 1, 0, 0, 1, 0, 1, 0, 1, 0, 1, 0, 0, 1, 0, 0, 0, 0, 0, 0, 1, 0, 0, 1, 1, 1, 1, 0, 0, 1, 1, 1, 0, 0, 1, 1, 0, 0, 0, 0, 0, 0, 0, 0, 0, 1, 0, 1, 0, 0, 0, 0, 1, 0, 0, 0, 0, 0, 0, 0, 1, 0, 0, 0, 1, 0, 1, 0, 0, 1, 0, 0, 0, 0, 0, 0, 1, 0, 1, 1, 0, 1, 1, 1, 0, 0, 1, 0, 1, 0, 0, 1, 0, 0, 1, 1, 0, 1, 1, 0, 0, 0, 1, 1, 0, 1, 1, 0, 0, 0, 1, 0, 1, 1, 0, 0, 1, 1, 0, 0, 0, 1, 1, 1, 0, 1, 1, 0, 1, 1, 0, 0, 0, 1, 0, 0, 0, 1, 1, 1, 0, 1, 0, 1, 0, 1, 0, 1, 1, 1, 0, 1, 0, 0, 0, 0, 0, 0, 0, 0, 1, 1, 0, 0, 0, 0, 0, 0, 0, 0, 1, 1, 1, 1, 0, 0, 1, 0, 1, 1, 0, 0, 1, 0, 0, 0, 1, 0, 1, 1, 0, 1, 1, 0, 1, 0, 1, 0, 0, 1, 0, 1, 1, 0, 0, 1, 0, 0, 1, 0, 1, 1, 0, 0, 0]

BESTCONSDTW=(153, 635, 0.24094488188976379)
LISTCONSDTW=[1, 1, 0, 1, 0, 1, 0, 0, 1, 0, 1, 0, 0, 1, 0, 0, 0, 0, 0, 0, 0, 0, 0, 0, 1, 1, 0, 0, 0, 0, 0, 0, 0, 0, 0, 0, 0, 1, 0, 1, 0, 0, 0, 0, 1, 0, 0, 0, 1, 0, 0, 0, 0, 1, 0, 0, 0, 0, 1, 0, 0, 0, 1, 0, 1, 0, 0, 0, 0, 0, 0, 0, 1, 0, 0, 0, 0, 0, 0, 0, 1, 0, 0, 1, 0, 0, 1, 0, 0, 0, 0, 0, 0, 0, 1, 0, 1, 0, 0, 0, 0, 1, 0, 0, 0, 0, 0, 0, 1, 1, 1, 1, 0, 0, 0, 0, 0, 0, 0, 1, 0, 0, 0, 0, 1, 1, 0, 0, 1, 0, 1, 0, 0, 0, 0, 0, 0, 0, 0, 0, 1, 0, 0, 0, 0, 0, 0, 1, 0, 0, 0, 0, 0, 1, 1, 0, 0, 0, 0, 1, 0, 0, 0, 1, 1, 0, 0, 0, 0, 0, 0, 0, 1, 0, 1, 0, 0, 0, 0, 0, 0, 0, 1, 0, 1, 0, 0, 0, 0, 0, 0, 0, 0, 0, 0, 0, 1, 0, 1, 1, 1, 0, 1, 0, 0, 0, 0, 1, 0, 1, 0, 1, 0, 1, 0, 0, 0, 0, 0, 0, 0, 0, 0, 1, 1, 0, 0, 0, 0, 0, 1, 0, 1, 1, 0, 0, 0, 1, 0, 0, 1, 1, 0, 0, 0, 1, 0, 0, 0, 0, 1, 0, 0, 1, 0, 0, 0, 0, 1, 0, 0, 0, 0, 0, 1, 0, 0, 0, 0, 0, 0, 0, 0, 0, 0, 0, 0, 0, 0, 0, 1, 1, 0, 0, 0, 1, 1, 0, 0, 0, 0, 1, 0, 0, 1, 0, 0, 0, 0, 0, 0, 0, 0, 0, 0, 0, 1, 0, 0, 0, 0, 0, 0, 0, 0, 0, 0, 1, 0, 0, 1, 0, 0, 0, 1, 0, 0, 0, 0, 0, 0, 1, 0, 0, 0, 0, 0, 1, 0, 0, 0, 0, 0, 1, 0, 0, 0, 1, 0, 0, 0, 0, 1, 1, 0, 0, 1, 0, 0, 1, 0, 0, 0, 0, 0, 0, 0, 0, 0, 1, 1, 0, 1, 0, 0, 0, 0, 0, 0, 0, 0, 0, 0, 1, 0, 1, 0, 0, 1, 0, 0, 0, 0, 0, 1, 0, 1, 0, 0, 1, 0, 0, 0, 0, 1, 0, 0, 0, 0, 0, 0, 0, 0, 1, 0, 1, 0, 0, 0, 0, 0, 0, 0, 0, 1, 0, 1, 0, 0, 0, 1, 0, 0, 1, 0, 0, 0, 0, 0, 0, 1, 0, 0, 1, 0, 1, 1, 0, 0, 0, 1, 0, 0, 0, 1, 0, 0, 0, 0, 0, 0, 1, 0, 0, 0, 0, 0, 1, 0, 0, 1, 0, 1, 0, 0, 0, 0, 0, 0, 0, 1, 0, 0, 0, 1, 0, 0, 0, 0, 0, 0, 1, 0, 0, 0, 0, 0, 0, 1, 1, 0, 0, 1, 1, 0, 0, 1, 0, 1, 0, 1, 1, 0, 0, 0, 0, 0, 0, 1, 0, 1, 0, 1, 1, 0, 0, 0, 0, 0, 1, 0, 0, 1, 0, 0, 0, 0, 0, 0, 0, 0, 0, 0, 1, 0, 1, 1, 0, 0, 0, 0, 0, 1, 0, 0, 0, 0, 0, 0, 1, 0, 0, 0, 1, 0, 1, 0, 1, 0, 0, 1, 1, 0, 0, 0, 0, 0, 0, 1, 0, 1, 1, 0, 0, 0, 0, 0, 0, 0, 0, 1, 0, 1, 1, 0, 0, 0, 0, 0, 1, 0, 0, 0, 0, 0, 0, 1, 0, 1, 1, 0, 1, 1, 0, 0, 0, 1, 0, 0, 0, 0, 0, 0, 0, 1, 0, 0, 0, 0, 0, 1, 1, 0, 0, 0]

BESTGEM=(184, 635, 0.28976377952755905)
LISTGEM=[0, 1, 0, 0, 0, 1, 0, 0, 1, 0, 0, 0, 0, 1, 0, 0, 1, 0, 0, 0, 0, 0, 1, 0, 0, 0, 0, 0, 0, 0, 0, 0, 0, 1, 0, 0, 0, 0, 1, 1, 0, 0, 1, 1, 1, 0, 0, 0, 1, 0, 0, 0, 0, 1, 0, 0, 0, 0, 1, 0, 0, 0, 1, 0, 1, 0, 0, 0, 1, 0, 0, 0, 0, 0, 0, 0, 1, 0, 0, 0, 1, 0, 0, 1, 0, 0, 1, 0, 0, 0, 0, 1, 0, 0, 1, 0, 1, 1, 0, 0, 0, 0, 0, 0, 0, 0, 0, 0, 1, 1, 1, 0, 0, 0, 0, 0, 0, 1, 1, 1, 0, 0, 1, 0, 0, 1, 1, 0, 0, 0, 0, 1, 0, 1, 0, 1, 0, 0, 0, 0, 1, 0, 1, 1, 0, 0, 0, 1, 0, 0, 0, 0, 1, 1, 1, 0, 0, 0, 0, 1, 0, 0, 0, 1, 1, 0, 0, 0, 0, 0, 0, 0, 1, 0, 0, 0, 0, 0, 1, 0, 0, 1, 1, 0, 0, 0, 0, 0, 1, 0, 0, 0, 0, 0, 0, 0, 0, 0, 1, 1, 1, 0, 1, 0, 0, 0, 0, 0, 0, 0, 0, 1, 0, 1, 0, 0, 0, 0, 0, 0, 0, 1, 0, 1, 1, 0, 0, 0, 0, 0, 1, 0, 1, 0, 0, 0, 0, 1, 0, 0, 1, 0, 1, 0, 0, 1, 0, 0, 0, 0, 0, 0, 0, 0, 0, 0, 0, 0, 0, 0, 0, 0, 0, 0, 1, 0, 0, 0, 0, 0, 1, 0, 0, 0, 0, 0, 0, 0, 0, 0, 1, 1, 1, 0, 1, 1, 0, 0, 0, 0, 0, 1, 0, 0, 1, 0, 0, 0, 1, 0, 0, 0, 0, 0, 0, 0, 0, 0, 0, 1, 0, 1, 0, 0, 0, 0, 1, 0, 0, 1, 0, 0, 1, 0, 1, 0, 1, 0, 0, 0, 1, 1, 1, 0, 0, 0, 0, 1, 0, 0, 0, 0, 1, 1, 0, 0, 0, 0, 1, 0, 0, 1, 1, 0, 0, 0, 1, 0, 0, 0, 0, 0, 0, 1, 0, 0, 0, 0, 1, 1, 1, 1, 1, 0, 1, 0, 0, 0, 0, 0, 0, 0, 0, 1, 1, 0, 0, 0, 1, 0, 0, 1, 0, 0, 1, 0, 1, 1, 0, 1, 0, 0, 0, 0, 1, 0, 0, 0, 1, 0, 0, 0, 0, 0, 0, 1, 0, 0, 0, 0, 0, 0, 0, 0, 1, 0, 1, 0, 0, 0, 1, 0, 0, 0, 0, 0, 0, 0, 0, 0, 1, 0, 1, 1, 1, 1, 0, 0, 0, 0, 1, 0, 0, 0, 0, 1, 0, 1, 0, 0, 0, 0, 0, 0, 0, 1, 0, 1, 1, 0, 0, 0, 1, 1, 1, 0, 0, 0, 0, 0, 1, 0, 0, 0, 1, 1, 1, 0, 0, 1, 0, 1, 0, 0, 0, 0, 0, 0, 1, 0, 0, 1, 1, 1, 0, 0, 1, 0, 1, 0, 1, 0, 0, 0, 0, 1, 0, 0, 1, 0, 1, 0, 1, 0, 0, 1, 0, 0, 1, 1, 0, 0, 1, 1, 0, 0, 0, 0, 0, 1, 0, 1, 0, 1, 0, 1, 1, 0, 1, 1, 0, 1, 0, 1, 0, 0, 0, 1, 0, 0, 0, 0, 0, 0, 0, 1, 0, 1, 0, 0, 1, 1, 0, 0, 0, 0, 0, 0, 0, 0, 1, 1, 0, 0, 0, 0, 0, 0, 0, 1, 1, 0, 1, 1, 0, 0, 0, 0, 1, 1, 0, 0, 0, 0, 0, 0, 0, 0, 1, 1, 0, 0, 1, 1, 0, 0, 1, 0, 0, 0, 0, 0, 0, 0, 1, 0, 0, 0, 1, 1, 1, 1, 0, 0, 0]

