# shuffled stratified split (indices referring to UCR database)
TESTINDEX=[ 11  36 159   1  60 102 203 289 230  14 268 169 115 190  87 318  82 217
 225 234  97 112  40 191  15 200 188 120  29  65 175 278 252 148 326 211
 247  76  80 324  59  52  44 238 151 290  83  78  20   7   2  43 179 306
 205 297 181 126  23 263  46 152  94 170 176 198   0 338  61 189  92  56
 180 173 277 209 156 104 207  17  25 226 275 194 281 228  26  63 249 304
 125  53 341 142 266 342  77  51 158 165 256 298 291  27 250 204 218  32
 118 335 101 149 208 301 308 255 155  42  66 183 119 279 241   5 216 111
 146  39 307 331 265  55 349  54 344 315 135 131 305  96 220  85 316  30
 336 232 141 264  74 147 187 295 313 273 284   8 340 317 223   3 145 274
 283 245 258 242 276 172 139 215 310 227  62  47 128]
TRAININDEX=[312 206  64 153 144 129 257  58 236 224 235 106 171  49  22 253 178 130
 103  73 348 311 107 160 293 286 140 285 192 259 322 233  50 309 114 303
 157  79 136 134 271 300  33  10  98  45  72  57 260  86  88 337 231 196
 294 166 168  81  37 244 327  48 164  67 184  75 110 201  13 270 339  19
 132 261 123  38 219 302 329  71 105  89  68 328 214 202   9 186 229 239
 117 334  84 109 137 287  18 121 162 248 143 185 325 282  28  70 163 246
 254  34 296 174  41 272 195 343 133 100 161  69 150 314  16 167 237 221
 262 197 124 332 243  93 330 210 213  95  90 182 299 288 347   4 116   6
 193 240 108 113  24 251 323 319 267 127  21 177 222 333  31 292 269 199
 346  99 138 280 321  91  35 320 122 212 154  12 345]

# learned parameters for cdtw and gem
# dtw ((error, size, error/size), (window, sqr))
# gem ((error, size, error/size), (St0, St1, E, sym, sqr))
BESTLEARNCONSDTW=((27, 175, 0.15428571428571428), (0.029999999999999999, True))
LISTLEARNCONSDTW=[((27, 175, 0.15428571428571428), (0.029999999999999999, True)), ((35, 175, 0.20000000000000001), (0.02, True)), ((35, 175, 0.20000000000000001), (0.040000000000000001, True)), ((38, 175, 0.21714285714285714), (0.01, True)), ((40, 175, 0.22857142857142856), (0.059999999999999998, True)), ((41, 175, 0.23428571428571429), (0.050000000000000003, True)), ((41, 175, 0.23428571428571429), (0.070000000000000007, True)), ((43, 175, 0.24571428571428572), (0.080000000000000002, True)), ((43, 175, 0.24571428571428572), (0.089999999999999997, True)), ((43, 175, 0.24571428571428572), (0.12, True)), ((43, 175, 0.24571428571428572), (0.13, True)), ((43, 175, 0.24571428571428572), (0.14000000000000001, True)), ((43, 175, 0.24571428571428572), (0.14999999999999999, True)), ((43, 175, 0.24571428571428572), (0.16, True)), ((43, 175, 0.24571428571428572), (0.17000000000000001, True)), ((43, 175, 0.24571428571428572), (0.17999999999999999, True)), ((43, 175, 0.24571428571428572), (0.19, True)), ((43, 175, 0.24571428571428572), (0.20000000000000001, True)), ((44, 175, 0.25142857142857145), (0.0, True)), ((44, 175, 0.25142857142857145), (0.10000000000000001, True)), ((44, 175, 0.25142857142857145), (0.11, True))]

BESTLEARNGEM=((13, 175, 0.074285714285714288), (2, 1, 0.125, True, True))
LISTLEARNGEM=[((13, 175, 0.074285714285714288), (2, 1, 0.125, True, True)), ((16, 175, 0.091428571428571428), (2, 1, 0.0625, True, True)), ((16, 175, 0.091428571428571428), (2, 1, 0.25, True, True)), ((16, 175, 0.091428571428571428), (2, 1, 0.5, True, True)), ((17, 175, 0.097142857142857142), (2, 2, 0.5, True, True)), ((18, 175, 0.10285714285714286), (2, 2, 0, True, True)), ((19, 175, 0.10857142857142857), (2, 2, 0.25, True, True)), ((20, 175, 0.11428571428571428), (2, 1, 0.015625, True, True)), ((20, 175, 0.11428571428571428), (2, 1, 0.03125, True, True)), ((20, 175, 0.11428571428571428), (2, 2, 0.03125, True, True)), ((20, 175, 0.11428571428571428), (2, 2, 0.125, True, True)), ((22, 175, 0.12571428571428572), (2, 2, 0.0625, True, True)), ((23, 175, 0.13142857142857142), (2, 2, 0.00390625, True, True)), ((24, 175, 0.13714285714285715), (2, 1, 0.0078125, True, True)), ((24, 175, 0.13714285714285715), (2, 2, 0.0078125, True, True)), ((24, 175, 0.13714285714285715), (2, 2, 0.015625, True, True)), ((28, 175, 0.16), (2, 1, 0.00390625, True, True)), ((31, 175, 0.17714285714285713), (2, 1, 0, True, True)), ((32, 175, 0.18285714285714286), (1, 1, 0.125, True, True)), ((32, 175, 0.18285714285714286), (1, 2, 0.125, True, True)), ((33, 175, 0.18857142857142858), (1, 1, 0.25, True, True)), ((33, 175, 0.18857142857142858), (1, 1, 0.5, True, True)), ((33, 175, 0.18857142857142858), (1, 2, 0.25, True, True)), ((33, 175, 0.18857142857142858), (1, 2, 0.5, True, True)), ((37, 175, 0.21142857142857144), (1, 1, 0.0625, True, True)), ((37, 175, 0.21142857142857144), (1, 2, 0.0625, True, True)), ((38, 175, 0.21714285714285714), (1, 1, 0.03125, True, True)), ((38, 175, 0.21714285714285714), (1, 2, 0.03125, True, True)), ((41, 175, 0.23428571428571429), (1, 1, 0.0078125, True, True)), ((41, 175, 0.23428571428571429), (1, 1, 0.015625, True, True)), ((41, 175, 0.23428571428571429), (1, 2, 0.0078125, True, True)), ((41, 175, 0.23428571428571429), (1, 2, 0.015625, True, True)), ((45, 175, 0.25714285714285712), (1, 1, 0.00390625, True, True)), ((45, 175, 0.25714285714285712), (1, 2, 0.00390625, True, True)), ((47, 175, 0.26857142857142857), (1, 1, 0, True, True)), ((47, 175, 0.26857142857142857), (1, 2, 0, True, True))]


# error rates for different distance measures
# (error, size, error/size) and binary mask
BESTLP=(28, 175, 0.16)
LISTLP=[0, 0, 0, 0, 0, 1, 0, 0, 1, 0, 0, 0, 0, 0, 0, 1, 0, 0, 0, 0, 0, 0, 0, 1, 0, 0, 0, 0, 0, 0, 0, 0, 0, 0, 0, 0, 0, 0, 0, 0, 1, 0, 0, 0, 0, 1, 0, 0, 0, 1, 0, 0, 0, 0, 0, 0, 0, 0, 0, 0, 0, 0, 1, 0, 0, 0, 0, 0, 0, 0, 0, 0, 0, 0, 0, 1, 0, 0, 0, 0, 1, 1, 0, 0, 0, 0, 0, 0, 1, 0, 1, 0, 0, 0, 0, 0, 0, 1, 0, 0, 0, 0, 0, 0, 0, 0, 0, 0, 0, 0, 0, 0, 0, 0, 0, 1, 0, 0, 0, 0, 0, 0, 0, 1, 1, 0, 0, 1, 0, 0, 1, 0, 0, 0, 0, 0, 0, 1, 0, 1, 1, 0, 0, 0, 0, 0, 1, 0, 1, 0, 1, 0, 0, 1, 0, 0, 0, 1, 0, 0, 0, 0, 0, 0, 0, 1, 0, 0, 0, 0, 0, 0, 0, 0, 0]

BESTFULLDTW=(40, 175, 0.22857142857142856)
LISTFULLDTW=[0, 0, 0, 1, 0, 1, 0, 0, 1, 0, 1, 0, 0, 0, 0, 0, 1, 0, 0, 0, 0, 0, 0, 0, 1, 0, 0, 0, 0, 0, 0, 0, 0, 0, 0, 0, 1, 0, 0, 0, 0, 1, 0, 0, 0, 0, 0, 0, 0, 0, 1, 0, 1, 0, 1, 0, 1, 0, 0, 0, 0, 0, 1, 0, 0, 1, 0, 1, 0, 1, 0, 0, 0, 0, 0, 0, 0, 0, 0, 0, 1, 0, 0, 0, 0, 0, 0, 0, 1, 0, 1, 1, 0, 0, 0, 1, 0, 1, 0, 0, 0, 0, 0, 0, 1, 0, 0, 0, 0, 0, 0, 0, 0, 0, 0, 0, 1, 0, 0, 0, 1, 0, 0, 0, 1, 0, 0, 1, 0, 0, 0, 0, 1, 0, 0, 0, 0, 1, 0, 0, 1, 0, 0, 0, 0, 0, 1, 0, 0, 0, 0, 1, 0, 1, 0, 1, 0, 1, 0, 1, 0, 0, 0, 0, 1, 0, 0, 0, 0, 1, 1, 0, 0, 0, 1]

BESTCONSDTW=(42, 175, 0.23999999999999999)
LISTCONSDTW=[0, 0, 0, 1, 0, 1, 0, 0, 1, 0, 1, 0, 0, 0, 0, 1, 0, 0, 0, 0, 0, 0, 0, 1, 0, 0, 0, 0, 0, 0, 0, 0, 0, 0, 0, 0, 0, 0, 0, 0, 1, 0, 0, 0, 0, 0, 0, 0, 1, 0, 0, 0, 1, 0, 1, 0, 1, 0, 0, 0, 0, 0, 0, 0, 0, 0, 0, 1, 0, 1, 0, 0, 0, 0, 0, 0, 0, 0, 0, 0, 1, 1, 0, 0, 0, 0, 0, 0, 1, 0, 1, 1, 0, 0, 1, 0, 0, 1, 0, 0, 0, 0, 0, 1, 0, 0, 0, 0, 0, 0, 0, 0, 0, 0, 0, 1, 1, 0, 0, 0, 0, 0, 0, 0, 1, 0, 0, 1, 0, 0, 1, 0, 0, 0, 0, 0, 1, 1, 0, 0, 1, 0, 0, 1, 0, 0, 1, 0, 0, 0, 1, 1, 1, 1, 0, 1, 0, 1, 0, 1, 0, 0, 0, 0, 1, 0, 0, 0, 0, 1, 1, 0, 0, 0, 1]

BESTGEM=(15, 175, 0.085714285714285715)
LISTGEM=[0, 0, 0, 0, 0, 0, 0, 1, 1, 0, 1, 0, 1, 0, 0, 1, 0, 0, 0, 0, 0, 0, 0, 0, 0, 0, 0, 0, 0, 0, 0, 0, 0, 0, 0, 0, 0, 0, 0, 0, 0, 0, 0, 0, 0, 0, 0, 0, 1, 0, 0, 0, 0, 0, 0, 0, 0, 0, 0, 0, 0, 0, 0, 0, 0, 0, 0, 0, 0, 0, 0, 0, 0, 0, 0, 0, 0, 0, 0, 0, 0, 1, 0, 0, 0, 0, 0, 0, 0, 0, 0, 0, 1, 0, 0, 0, 0, 1, 0, 0, 0, 0, 0, 0, 0, 0, 0, 0, 0, 0, 0, 0, 0, 0, 0, 0, 0, 0, 0, 0, 0, 0, 0, 0, 0, 0, 0, 1, 0, 0, 0, 0, 0, 0, 0, 0, 0, 1, 0, 0, 1, 0, 0, 0, 0, 0, 1, 0, 0, 0, 0, 0, 0, 0, 0, 0, 0, 1, 0, 0, 0, 0, 0, 0, 0, 1, 0, 0, 0, 0, 0, 0, 0, 0, 0]

