# shuffled stratified split (indices referring to UCR database)
TESTINDEX=[ 60 226 307 235 158 244 131 100  96 169  35  84 295 221 214 282 316 232
 146 343 247 253  45  91  77 135 215 177 176  42  39 314 237 197  73 330
  15 250  49 278 187 345 183  19 114  43 262 272 159  44 119 160 162 246
 184  40 277 198  64 222 152 217 202 190 347 280 185 127  69  25 315 117
 245 279 233 165  33 340 192 143  59  71 311 267 210 346 238 150 124 230
 292  79 243  72 231 213   7 255 136  52  99 199 254 149  82  57  95 270
 166  48 109 133  53 179 196 274 130  23 201 275   4 174 102  61 252 128
 161   5 147 139 203   8 271 299 175 191 286 151  63 205 173 153 126 216
 290 154  11  16  88  78  21 242 261 144  87  75 140 302  24  56 259  54
 200 289 269  31  97  76 106 206 157  26 111  32  55]
TRAININDEX=[120 182 108 285 249   2 260 194  37 276 328  47  65 188 195  22 322  38
 218 334  30  51 296 145  74 332 129  67 312 123 148 339 317  36  14 265
  58 335  90 318 212  50 171 141 116 308 306  28 224 164 349 324 178  83
  13 288 303 319 122 172 344 331 115  17 104  20  68 101  98 305  70  34
 284 309 304 125 121 301 189 103 223 228 313 281  80 105 241 208 204 264
  89 219 142 329 287   6  85 338 291 326 193 325 211 118  92  93 323  46
  27 251 341 239 333 155 167 156  86 348 207 234 297 337 293  94  10 186
 294   1 107 112 336 268  66 240 225 266 227 209 257 320 180 298 236  41
 273 229 113 310 342 110 170 256   3 220 138 263  81 137 134 321 163  62
   9 168   0  29 132 300  12 327 283  18 181 258 248]

# learned parameters for cdtw and gem
# dtw ((error, size, error/size), (window, sqr))
# gem ((error, size, error/size), (St0, St1, E, sym, sqr))
BESTLEARNCONSDTW=((35, 175, 0.20000000000000001), (0.0, True))
LISTLEARNCONSDTW=[((35, 175, 0.20000000000000001), (0.0, True)), ((36, 175, 0.20571428571428571), (0.029999999999999999, True)), ((38, 175, 0.21714285714285714), (0.01, True)), ((38, 175, 0.21714285714285714), (0.02, True)), ((41, 175, 0.23428571428571429), (0.040000000000000001, True)), ((45, 175, 0.25714285714285712), (0.059999999999999998, True)), ((45, 175, 0.25714285714285712), (0.080000000000000002, True)), ((45, 175, 0.25714285714285712), (0.089999999999999997, True)), ((45, 175, 0.25714285714285712), (0.10000000000000001, True)), ((45, 175, 0.25714285714285712), (0.11, True)), ((45, 175, 0.25714285714285712), (0.12, True)), ((45, 175, 0.25714285714285712), (0.13, True)), ((45, 175, 0.25714285714285712), (0.14000000000000001, True)), ((45, 175, 0.25714285714285712), (0.14999999999999999, True)), ((45, 175, 0.25714285714285712), (0.16, True)), ((45, 175, 0.25714285714285712), (0.17000000000000001, True)), ((45, 175, 0.25714285714285712), (0.17999999999999999, True)), ((45, 175, 0.25714285714285712), (0.19, True)), ((45, 175, 0.25714285714285712), (0.20000000000000001, True)), ((46, 175, 0.26285714285714284), (0.050000000000000003, True)), ((47, 175, 0.26857142857142857), (0.070000000000000007, True))]

BESTLEARNGEM=((9, 175, 0.051428571428571428), (2, 1, 0.03125, True, True))
LISTLEARNGEM=[((9, 175, 0.051428571428571428), (2, 1, 0.03125, True, True)), ((13, 175, 0.074285714285714288), (2, 1, 0.0625, True, True)), ((14, 175, 0.080000000000000002), (2, 1, 0.015625, True, True)), ((15, 175, 0.085714285714285715), (2, 2, 0.5, True, True)), ((16, 175, 0.091428571428571428), (2, 1, 0.0078125, True, True)), ((17, 175, 0.097142857142857142), (2, 1, 0.125, True, True)), ((18, 175, 0.10285714285714286), (2, 1, 0.5, True, True)), ((19, 175, 0.10857142857142857), (2, 1, 0.25, True, True)), ((20, 175, 0.11428571428571428), (2, 2, 0.25, True, True)), ((21, 175, 0.12), (2, 2, 0.125, True, True)), ((22, 175, 0.12571428571428572), (2, 2, 0.03125, True, True)), ((22, 175, 0.12571428571428572), (2, 2, 0.0625, True, True)), ((23, 175, 0.13142857142857142), (2, 1, 0.00390625, True, True)), ((26, 175, 0.14857142857142858), (2, 2, 0.00390625, True, True)), ((27, 175, 0.15428571428571428), (2, 2, 0.0078125, True, True)), ((27, 175, 0.15428571428571428), (2, 2, 0.015625, True, True)), ((28, 175, 0.16), (2, 2, 0, True, True)), ((31, 175, 0.17714285714285713), (1, 1, 0.25, True, True)), ((31, 175, 0.17714285714285713), (1, 2, 0.25, True, True)), ((31, 175, 0.17714285714285713), (2, 1, 0, True, True)), ((32, 175, 0.18285714285714286), (1, 1, 0.0078125, True, True)), ((32, 175, 0.18285714285714286), (1, 1, 0.015625, True, True)), ((32, 175, 0.18285714285714286), (1, 1, 0.0625, True, True)), ((32, 175, 0.18285714285714286), (1, 2, 0.0078125, True, True)), ((32, 175, 0.18285714285714286), (1, 2, 0.015625, True, True)), ((32, 175, 0.18285714285714286), (1, 2, 0.0625, True, True)), ((33, 175, 0.18857142857142858), (1, 1, 0.125, True, True)), ((33, 175, 0.18857142857142858), (1, 1, 0.5, True, True)), ((33, 175, 0.18857142857142858), (1, 2, 0.125, True, True)), ((33, 175, 0.18857142857142858), (1, 2, 0.5, True, True)), ((34, 175, 0.19428571428571428), (1, 1, 0.00390625, True, True)), ((34, 175, 0.19428571428571428), (1, 2, 0.00390625, True, True)), ((35, 175, 0.20000000000000001), (1, 1, 0.03125, True, True)), ((35, 175, 0.20000000000000001), (1, 2, 0.03125, True, True)), ((40, 175, 0.22857142857142856), (1, 1, 0, True, True)), ((40, 175, 0.22857142857142856), (1, 2, 0, True, True))]


# error rates for different distance measures
# (error, size, error/size) and binary mask
BESTLP=(28, 175, 0.16)
LISTLP=[0, 0, 0, 0, 0, 0, 1, 0, 0, 0, 0, 0, 0, 0, 0, 0, 0, 0, 0, 0, 0, 0, 0, 1, 0, 0, 0, 0, 0, 0, 1, 0, 0, 0, 0, 0, 0, 0, 0, 0, 1, 0, 0, 0, 0, 0, 1, 0, 0, 0, 0, 0, 0, 0, 0, 1, 0, 0, 0, 0, 0, 1, 0, 0, 0, 1, 1, 0, 0, 1, 1, 0, 0, 0, 0, 0, 0, 0, 0, 0, 0, 1, 0, 0, 0, 0, 0, 0, 0, 1, 0, 0, 0, 1, 0, 0, 1, 1, 0, 0, 1, 1, 0, 0, 0, 0, 0, 1, 0, 0, 0, 0, 0, 0, 0, 0, 0, 0, 0, 0, 0, 0, 1, 0, 0, 1, 1, 0, 0, 0, 0, 0, 0, 0, 0, 1, 0, 0, 0, 1, 0, 0, 0, 0, 0, 0, 0, 1, 0, 0, 1, 1, 0, 0, 0, 1, 0, 0, 0, 0, 0, 0, 0, 0, 0, 0, 0, 0, 0, 0, 0, 0, 0, 0, 0]

BESTFULLDTW=(34, 175, 0.19428571428571428)
LISTFULLDTW=[0, 0, 0, 0, 0, 0, 1, 0, 0, 1, 0, 0, 0, 0, 1, 0, 0, 0, 0, 0, 0, 0, 0, 0, 0, 0, 0, 1, 0, 0, 1, 0, 0, 0, 0, 1, 1, 0, 0, 0, 0, 1, 0, 0, 0, 0, 1, 0, 0, 1, 1, 0, 0, 0, 0, 1, 0, 0, 0, 0, 0, 0, 0, 0, 0, 1, 1, 0, 0, 0, 0, 0, 0, 0, 0, 0, 0, 1, 0, 0, 0, 0, 0, 0, 1, 0, 0, 0, 0, 1, 0, 0, 0, 0, 0, 0, 0, 0, 0, 1, 0, 0, 0, 0, 0, 0, 1, 0, 0, 0, 0, 0, 1, 0, 0, 0, 1, 0, 0, 0, 0, 0, 1, 0, 0, 1, 0, 1, 0, 0, 0, 1, 1, 0, 0, 1, 0, 0, 0, 1, 0, 0, 0, 1, 0, 0, 0, 0, 0, 0, 1, 1, 0, 0, 1, 0, 0, 1, 0, 0, 0, 0, 0, 0, 0, 0, 0, 0, 0, 0, 1, 0, 0, 0, 0]

BESTCONSDTW=(28, 175, 0.16)
LISTCONSDTW=[0, 0, 0, 0, 0, 0, 1, 0, 0, 0, 0, 0, 0, 0, 0, 0, 0, 0, 0, 0, 0, 0, 0, 1, 0, 0, 0, 0, 0, 0, 1, 0, 0, 0, 0, 0, 0, 0, 0, 0, 1, 0, 0, 0, 0, 0, 1, 0, 0, 0, 0, 0, 0, 0, 0, 1, 0, 0, 0, 0, 0, 1, 0, 0, 0, 1, 1, 0, 0, 1, 1, 0, 0, 0, 0, 0, 0, 0, 0, 0, 0, 1, 0, 0, 0, 0, 0, 0, 0, 1, 0, 0, 0, 1, 0, 0, 1, 1, 0, 0, 1, 1, 0, 0, 0, 0, 0, 1, 0, 0, 0, 0, 0, 0, 0, 0, 0, 0, 0, 0, 0, 0, 1, 0, 0, 1, 1, 0, 0, 0, 0, 0, 0, 0, 0, 1, 0, 0, 0, 1, 0, 0, 0, 0, 0, 0, 0, 1, 0, 0, 1, 1, 0, 0, 0, 1, 0, 0, 0, 0, 0, 0, 0, 0, 0, 0, 0, 0, 0, 0, 0, 0, 0, 0, 0]

BESTGEM=(14, 175, 0.080000000000000002)
LISTGEM=[0, 1, 0, 0, 0, 0, 0, 0, 0, 0, 0, 0, 0, 0, 0, 0, 0, 0, 0, 0, 0, 0, 0, 0, 0, 0, 0, 0, 0, 0, 1, 0, 0, 0, 0, 0, 0, 0, 0, 0, 0, 0, 0, 0, 0, 0, 1, 0, 0, 0, 0, 0, 0, 0, 0, 0, 0, 0, 0, 0, 0, 0, 0, 0, 0, 0, 1, 0, 0, 0, 0, 0, 0, 0, 0, 0, 0, 0, 0, 0, 0, 0, 0, 0, 0, 0, 0, 0, 0, 1, 0, 0, 0, 1, 0, 0, 0, 0, 0, 0, 0, 0, 0, 0, 0, 0, 1, 0, 0, 0, 0, 0, 0, 0, 0, 0, 0, 0, 0, 0, 0, 0, 0, 0, 0, 1, 1, 1, 0, 0, 0, 0, 0, 0, 0, 0, 0, 0, 0, 1, 0, 0, 0, 0, 0, 0, 0, 0, 0, 0, 1, 1, 0, 0, 0, 0, 0, 0, 0, 0, 0, 0, 0, 1, 0, 0, 0, 0, 0, 0, 0, 0, 0, 0, 0]

