# shuffled stratified split (indices referring to UCR database)
TESTINDEX=[147 204 203  75  99 193 196 166 160  48 110 106 181  23  20 161  98 126
 150  70 170  32 190 139  84  82 179 140   6 154 116  59 146  88  51 137
 142  89 175 184 114  79 202  64 131 178 198 165  47  72  40  74   2 122
 171 125  22  15  36  65  73  83 173 199 169 107 159 104 103 141 200   0
   5  57  25 134 180  95  49 172   3 183  86 105 148  80 194  24  63  50
  13  11 133 145 144  71  96 109 123 167  87  77  60  56  34]
TRAININDEX=[101  62 208 100  27   7 177  68 118  58  97  52   1 209   4  19 130 115
 187 185 108  12  43  16 113  90 153 138 121  66 201  53  46  38 120 155
 158  37 188 192  17 119  35 168 207  44 127  92  18 151  33 189 135 191
 195 156  14  30  54 182 128 163 112 206 186  61  45 149  26  29  55 111
   8  91  21  39  81 143 157  94 102  85 136  67  41 152  78 176 197  69
 129  93 174 164  42  31 117 205  76   9 162  28  10 124 132]

# learned parameters for cdtw and gem
# dtw ((error, size, error/size), (window, sqr))
# gem ((error, size, error/size), (St0, St1, E, sym, sqr))
BESTLEARNCONSDTW=((0, 105, 0.0), (0.13, True))
LISTLEARNCONSDTW=[((0, 105, 0.0), (0.059999999999999998, True)), ((0, 105, 0.0), (0.070000000000000007, True)), ((0, 105, 0.0), (0.080000000000000002, True)), ((0, 105, 0.0), (0.089999999999999997, True)), ((0, 105, 0.0), (0.10000000000000001, True)), ((0, 105, 0.0), (0.11, True)), ((0, 105, 0.0), (0.12, True)), ((0, 105, 0.0), (0.13, True)), ((0, 105, 0.0), (0.14000000000000001, True)), ((0, 105, 0.0), (0.14999999999999999, True)), ((0, 105, 0.0), (0.16, True)), ((0, 105, 0.0), (0.17000000000000001, True)), ((0, 105, 0.0), (0.17999999999999999, True)), ((0, 105, 0.0), (0.19, True)), ((0, 105, 0.0), (0.20000000000000001, True)), ((1, 105, 0.009523809523809525), (0.040000000000000001, True)), ((1, 105, 0.009523809523809525), (0.050000000000000003, True)), ((2, 105, 0.01904761904761905), (0.029999999999999999, True)), ((3, 105, 0.02857142857142857), (0.01, True)), ((3, 105, 0.02857142857142857), (0.02, True)), ((4, 105, 0.0380952380952381), (0.0, True))]

BESTLEARNGEM=((0, 105, 0.0), (2, 2, 0.0625, True, True))
LISTLEARNGEM=[((0, 105, 0.0), (2, 2, 0.00390625, True, True)), ((0, 105, 0.0), (2, 2, 0.0078125, True, True)), ((0, 105, 0.0), (2, 2, 0.015625, True, True)), ((0, 105, 0.0), (2, 2, 0.03125, True, True)), ((0, 105, 0.0), (2, 2, 0.0625, True, True)), ((0, 105, 0.0), (2, 2, 0.125, True, True)), ((0, 105, 0.0), (2, 2, 0.25, True, True)), ((0, 105, 0.0), (2, 2, 0.5, True, True)), ((1, 105, 0.009523809523809525), (2, 1, 0.03125, True, True)), ((1, 105, 0.009523809523809525), (2, 1, 0.0625, True, True)), ((1, 105, 0.009523809523809525), (2, 1, 0.125, True, True)), ((1, 105, 0.009523809523809525), (2, 1, 0.25, True, True)), ((1, 105, 0.009523809523809525), (2, 1, 0.5, True, True)), ((1, 105, 0.009523809523809525), (2, 2, 0, True, True)), ((2, 105, 0.01904761904761905), (2, 1, 0.015625, True, True)), ((3, 105, 0.02857142857142857), (1, 1, 0.0078125, True, True)), ((3, 105, 0.02857142857142857), (1, 1, 0.015625, True, True)), ((3, 105, 0.02857142857142857), (1, 1, 0.03125, True, True)), ((3, 105, 0.02857142857142857), (1, 1, 0.0625, True, True)), ((3, 105, 0.02857142857142857), (1, 1, 0.5, True, True)), ((3, 105, 0.02857142857142857), (1, 2, 0.0078125, True, True)), ((3, 105, 0.02857142857142857), (1, 2, 0.015625, True, True)), ((3, 105, 0.02857142857142857), (1, 2, 0.03125, True, True)), ((3, 105, 0.02857142857142857), (1, 2, 0.0625, True, True)), ((3, 105, 0.02857142857142857), (1, 2, 0.5, True, True)), ((3, 105, 0.02857142857142857), (2, 1, 0, True, True)), ((3, 105, 0.02857142857142857), (2, 1, 0.00390625, True, True)), ((3, 105, 0.02857142857142857), (2, 1, 0.0078125, True, True)), ((4, 105, 0.0380952380952381), (1, 1, 0, True, True)), ((4, 105, 0.0380952380952381), (1, 1, 0.00390625, True, True)), ((4, 105, 0.0380952380952381), (1, 1, 0.125, True, True)), ((4, 105, 0.0380952380952381), (1, 1, 0.25, True, True)), ((4, 105, 0.0380952380952381), (1, 2, 0, True, True)), ((4, 105, 0.0380952380952381), (1, 2, 0.00390625, True, True)), ((4, 105, 0.0380952380952381), (1, 2, 0.125, True, True)), ((4, 105, 0.0380952380952381), (1, 2, 0.25, True, True))]


# error rates for different distance measures
# (error, size, error/size) and binary mask
BESTLP=(3, 105, 0.02857142857142857)
LISTLP=[0, 0, 0, 0, 0, 0, 0, 0, 0, 0, 0, 0, 0, 0, 0, 0, 0, 0, 0, 0, 0, 0, 0, 0, 0, 0, 0, 0, 0, 0, 0, 1, 0, 0, 0, 0, 0, 0, 0, 0, 0, 0, 0, 0, 0, 0, 0, 0, 0, 0, 0, 0, 0, 0, 0, 0, 0, 0, 0, 0, 0, 0, 0, 0, 0, 0, 0, 0, 0, 0, 0, 0, 0, 0, 0, 0, 0, 0, 0, 0, 0, 0, 0, 1, 0, 0, 0, 0, 0, 1, 0, 0, 0, 0, 0, 0, 0, 0, 0, 0, 0, 0, 0, 0, 0]

BESTFULLDTW=(0, 105, 0.0)
LISTFULLDTW=[0, 0, 0, 0, 0, 0, 0, 0, 0, 0, 0, 0, 0, 0, 0, 0, 0, 0, 0, 0, 0, 0, 0, 0, 0, 0, 0, 0, 0, 0, 0, 0, 0, 0, 0, 0, 0, 0, 0, 0, 0, 0, 0, 0, 0, 0, 0, 0, 0, 0, 0, 0, 0, 0, 0, 0, 0, 0, 0, 0, 0, 0, 0, 0, 0, 0, 0, 0, 0, 0, 0, 0, 0, 0, 0, 0, 0, 0, 0, 0, 0, 0, 0, 0, 0, 0, 0, 0, 0, 0, 0, 0, 0, 0, 0, 0, 0, 0, 0, 0, 0, 0, 0, 0, 0]

BESTCONSDTW=(0, 105, 0.0)
LISTCONSDTW=[0, 0, 0, 0, 0, 0, 0, 0, 0, 0, 0, 0, 0, 0, 0, 0, 0, 0, 0, 0, 0, 0, 0, 0, 0, 0, 0, 0, 0, 0, 0, 0, 0, 0, 0, 0, 0, 0, 0, 0, 0, 0, 0, 0, 0, 0, 0, 0, 0, 0, 0, 0, 0, 0, 0, 0, 0, 0, 0, 0, 0, 0, 0, 0, 0, 0, 0, 0, 0, 0, 0, 0, 0, 0, 0, 0, 0, 0, 0, 0, 0, 0, 0, 0, 0, 0, 0, 0, 0, 0, 0, 0, 0, 0, 0, 0, 0, 0, 0, 0, 0, 0, 0, 0, 0]

BESTGEM=(0, 105, 0.0)
LISTGEM=[0, 0, 0, 0, 0, 0, 0, 0, 0, 0, 0, 0, 0, 0, 0, 0, 0, 0, 0, 0, 0, 0, 0, 0, 0, 0, 0, 0, 0, 0, 0, 0, 0, 0, 0, 0, 0, 0, 0, 0, 0, 0, 0, 0, 0, 0, 0, 0, 0, 0, 0, 0, 0, 0, 0, 0, 0, 0, 0, 0, 0, 0, 0, 0, 0, 0, 0, 0, 0, 0, 0, 0, 0, 0, 0, 0, 0, 0, 0, 0, 0, 0, 0, 0, 0, 0, 0, 0, 0, 0, 0, 0, 0, 0, 0, 0, 0, 0, 0, 0, 0, 0, 0, 0, 0]

