# shuffled stratified split (indices referring to UCR database)
TESTINDEX=[193 197 587 129 366 480 376 118 230 563 451 597  36 382 404 186  85 397
 276 411 460 596 400 119 207 162 293 192  94 275  58 248   7 244 281   4
 464   3 340 375  65 598 337 210 595   1 111 401 168  90 137  55 453 283
 487 305 524 373 468 154 580 583 417 153 253 425 219 181 531 438 314  83
  24 151  16 282 113 465  37 472   9 252 439  41 384 389   0 331 562 352
 444  76  29 347 177 432 110 228 204 155 225  86 200 346   8  95 322 167
 290 528 123 421 367 551 493 396 342 403 250 390  28 511  35 498 351   2
 514 284  69 379 371 513  34 326 446 149 148  38 500 241 484 264 100 280
 127 344 519 273 180  46 323 461 360  59 279 554 422 125 278   5 499 578
 345 559 388 291 185 564 274  96 430 579 429 398  61 298 238 237  18 217
  82 315 242 143  89 470 393 107  43  47 140 424 406 355 503 222  23 479
 572 212 516 459 440  15 295 152 466 581 469 426 245 520 138 549 527 457
 584 391 288 538  74 394 576  60 530  68 286 189 101  19 183 452 263 497
 223 190 301  20 517 135  25 233 201 211 553 105 582 588 336 316 467 431
 365 512 297 320 139 474 203 428 299 247 147 415 522 270 330  27  72 178
 505 507 227 124 188  66 163 566 126  77 532 300  52 341 458 434 229 353
 370  51 533  67 456 226 448 555 145 171 537 196]
TRAININDEX=[443 128  11 214 483 115  73 287 338 311 257  30 358 374  78 271 173 361
 102 502 506  91 536 585 296  99 485 383 239 321 209 235 324  84  42 308
 489 433 593 372 187 165 333 224 266 335  53  88  62 312 441  45 599 332
 114 354 560 122 437 259 508 548 405 356 236 234 568 539 268 170  31 408
 318 423 328 141 590  32 567 130 176  93 161 436 540 116 216 156  48 369
 251  87 486 381 392 348 526 285  57 386 146 515 435 504 350 412 232 447
 556 541 529 166 262 142 313 454 546  17 416 427 445 325 477 550 265 269
  71  54  56 182 184 120 343 462 488 157 317 292 420 591 592 106 231 492
 534 455 254 329 570 543 202 387  70   6 535  50 510  81 357 586 542 359
 380 334 565 112 442  63  10 289 221 249 303 306 481 410 407 463 191  21
 310 121 589 402 174  40  26 194 260 561 399 150 377 218 385 494 136 368
 594 256 117 523 172  98 132 103 363 473 395 574 246 255 496 577  80 571
 205 319 243 160 482 558 131 449 547 302 475 525 175 220 509 215 413  12
 364  22 309 199  39  14 544 327 518 198 569 362  64 409 557  92 304 267
 573 476 419 450 339 294 490 213 144 414  75 491 133 349 501 240  13 478
  49 169 208  97 272 134 307 575 164 195 109 277 552 495 258 104  79 261
 159  44 545 521 471 378 158  33 206 179 418 108]

# learned parameters for cdtw and gem
# dtw ((error, size, error/size), (window, sqr))
# gem ((error, size, error/size), (St0, St1, E, sym, sqr))
BESTLEARNCONSDTW=((2, 300, 0.006666666666666667), (0.10000000000000001, True))
LISTLEARNCONSDTW=[((2, 300, 0.006666666666666667), (0.050000000000000003, True)), ((2, 300, 0.006666666666666667), (0.059999999999999998, True)), ((2, 300, 0.006666666666666667), (0.070000000000000007, True)), ((2, 300, 0.006666666666666667), (0.080000000000000002, True)), ((2, 300, 0.006666666666666667), (0.089999999999999997, True)), ((2, 300, 0.006666666666666667), (0.10000000000000001, True)), ((2, 300, 0.006666666666666667), (0.16, True)), ((2, 300, 0.006666666666666667), (0.17000000000000001, True)), ((2, 300, 0.006666666666666667), (0.17999999999999999, True)), ((2, 300, 0.006666666666666667), (0.19, True)), ((2, 300, 0.006666666666666667), (0.20000000000000001, True)), ((3, 300, 0.01), (0.11, True)), ((3, 300, 0.01), (0.12, True)), ((3, 300, 0.01), (0.13, True)), ((3, 300, 0.01), (0.14000000000000001, True)), ((4, 300, 0.013333333333333334), (0.14999999999999999, True)), ((6, 300, 0.02), (0.01, True)), ((6, 300, 0.02), (0.02, True)), ((6, 300, 0.02), (0.029999999999999999, True)), ((6, 300, 0.02), (0.040000000000000001, True)), ((33, 300, 0.11), (0.0, True))]

BESTLEARNGEM=((11, 300, 0.03666666666666667), (2, 2, 0.03125, True, True))
LISTLEARNGEM=[((11, 300, 0.03666666666666667), (2, 2, 0, True, True)), ((11, 300, 0.03666666666666667), (2, 2, 0.00390625, True, True)), ((11, 300, 0.03666666666666667), (2, 2, 0.03125, True, True)), ((11, 300, 0.03666666666666667), (2, 2, 0.0625, True, True)), ((12, 300, 0.04), (2, 2, 0.0078125, True, True)), ((12, 300, 0.04), (2, 2, 0.015625, True, True)), ((18, 300, 0.06), (2, 2, 0.125, True, True)), ((22, 300, 0.07333333333333333), (2, 2, 0.25, True, True)), ((31, 300, 0.10333333333333333), (2, 1, 0.25, True, True)), ((32, 300, 0.10666666666666667), (2, 1, 0.125, True, True)), ((33, 300, 0.11), (2, 1, 0.0625, True, True)), ((35, 300, 0.11666666666666667), (2, 1, 0.03125, True, True)), ((36, 300, 0.12), (2, 1, 0.015625, True, True)), ((37, 300, 0.12333333333333334), (1, 1, 0.015625, True, True)), ((37, 300, 0.12333333333333334), (1, 2, 0.015625, True, True)), ((37, 300, 0.12333333333333334), (2, 1, 0.00390625, True, True)), ((37, 300, 0.12333333333333334), (2, 1, 0.0078125, True, True)), ((38, 300, 0.12666666666666668), (2, 1, 0, True, True)), ((39, 300, 0.13), (1, 1, 0.0078125, True, True)), ((39, 300, 0.13), (1, 2, 0.0078125, True, True)), ((40, 300, 0.13333333333333333), (1, 1, 0.00390625, True, True)), ((40, 300, 0.13333333333333333), (1, 2, 0.00390625, True, True)), ((41, 300, 0.13666666666666666), (1, 1, 0, True, True)), ((41, 300, 0.13666666666666666), (1, 2, 0, True, True)), ((44, 300, 0.14666666666666667), (2, 1, 0.5, True, True)), ((46, 300, 0.15333333333333332), (1, 1, 0.03125, True, True)), ((46, 300, 0.15333333333333332), (1, 2, 0.03125, True, True)), ((56, 300, 0.18666666666666668), (1, 1, 0.0625, True, True)), ((56, 300, 0.18666666666666668), (1, 2, 0.0625, True, True)), ((60, 300, 0.2), (2, 2, 0.5, True, True)), ((67, 300, 0.22333333333333333), (1, 1, 0.125, True, True)), ((67, 300, 0.22333333333333333), (1, 2, 0.125, True, True)), ((79, 300, 0.2633333333333333), (1, 1, 0.25, True, True)), ((79, 300, 0.2633333333333333), (1, 2, 0.25, True, True)), ((143, 300, 0.4766666666666667), (1, 1, 0.5, True, True)), ((143, 300, 0.4766666666666667), (1, 2, 0.5, True, True))]


# error rates for different distance measures
# (error, size, error/size) and binary mask
BESTLP=(26, 300, 0.08666666666666667)
LISTLP=[0, 0, 0, 0, 0, 1, 0, 0, 0, 0, 0, 0, 1, 0, 0, 0, 0, 0, 0, 0, 0, 0, 0, 0, 0, 0, 0, 0, 0, 0, 0, 0, 0, 0, 0, 0, 0, 0, 0, 0, 0, 0, 0, 0, 0, 1, 0, 0, 0, 0, 0, 0, 0, 0, 0, 1, 0, 0, 0, 0, 0, 0, 0, 0, 0, 0, 0, 0, 0, 0, 0, 0, 1, 0, 0, 0, 0, 0, 1, 0, 1, 0, 0, 0, 0, 0, 0, 1, 0, 0, 0, 0, 0, 0, 0, 0, 0, 0, 0, 0, 0, 0, 0, 0, 1, 0, 1, 0, 0, 0, 0, 0, 0, 0, 0, 0, 1, 0, 0, 0, 0, 0, 0, 0, 0, 1, 0, 0, 0, 0, 0, 0, 0, 0, 0, 0, 0, 1, 0, 0, 0, 0, 0, 0, 0, 0, 0, 0, 0, 0, 1, 0, 0, 0, 0, 0, 0, 0, 0, 1, 0, 0, 0, 1, 0, 0, 0, 0, 0, 0, 0, 0, 0, 0, 0, 0, 1, 0, 0, 0, 0, 0, 0, 0, 0, 0, 0, 0, 0, 1, 0, 0, 0, 0, 0, 1, 1, 0, 0, 0, 0, 0, 0, 0, 0, 0, 0, 0, 0, 0, 0, 0, 0, 0, 0, 0, 0, 0, 0, 0, 0, 0, 0, 0, 0, 0, 0, 0, 0, 0, 0, 0, 0, 0, 0, 0, 0, 1, 1, 0, 0, 1, 0, 0, 0, 0, 0, 0, 1, 1, 0, 0, 0, 0, 0, 0, 0, 0, 0, 0, 0, 0, 0, 0, 0, 0, 0, 0, 0, 0, 0, 0, 0, 0, 0, 0, 0, 0, 0, 0, 0, 1, 0, 0, 0, 0, 0, 0, 0, 0, 0, 0, 0, 0, 0, 0, 0, 0, 0, 0]

BESTFULLDTW=(2, 300, 0.006666666666666667)
LISTFULLDTW=[0, 0, 0, 0, 0, 0, 0, 0, 0, 0, 0, 0, 0, 0, 0, 0, 0, 0, 0, 0, 0, 0, 0, 0, 0, 0, 0, 0, 0, 0, 0, 0, 0, 0, 0, 0, 0, 0, 0, 0, 0, 0, 0, 0, 0, 0, 0, 0, 0, 0, 0, 0, 0, 0, 0, 0, 0, 0, 0, 0, 0, 0, 0, 0, 0, 0, 0, 0, 0, 0, 0, 0, 0, 0, 0, 0, 0, 0, 0, 0, 0, 0, 0, 0, 0, 0, 0, 0, 0, 0, 0, 0, 0, 0, 0, 0, 0, 0, 0, 0, 0, 0, 0, 0, 0, 0, 0, 0, 0, 0, 0, 0, 0, 0, 0, 0, 0, 0, 0, 0, 0, 0, 0, 0, 0, 0, 0, 0, 0, 0, 0, 0, 0, 0, 0, 0, 0, 0, 0, 0, 0, 0, 0, 0, 1, 0, 0, 0, 0, 0, 0, 0, 0, 0, 0, 0, 0, 0, 0, 0, 0, 0, 0, 0, 0, 0, 0, 0, 0, 0, 0, 0, 0, 0, 0, 0, 0, 0, 0, 0, 0, 0, 0, 0, 0, 0, 0, 0, 0, 0, 0, 0, 0, 0, 0, 0, 0, 0, 0, 0, 0, 0, 0, 0, 0, 0, 0, 0, 0, 0, 0, 0, 0, 0, 0, 0, 0, 0, 0, 0, 0, 0, 0, 0, 0, 0, 0, 0, 0, 0, 0, 0, 0, 0, 0, 0, 0, 1, 0, 0, 0, 0, 0, 0, 0, 0, 0, 0, 0, 0, 0, 0, 0, 0, 0, 0, 0, 0, 0, 0, 0, 0, 0, 0, 0, 0, 0, 0, 0, 0, 0, 0, 0, 0, 0, 0, 0, 0, 0, 0, 0, 0, 0, 0, 0, 0, 0, 0, 0, 0, 0, 0, 0, 0, 0, 0, 0, 0, 0, 0]

BESTCONSDTW=(2, 300, 0.006666666666666667)
LISTCONSDTW=[0, 0, 0, 0, 0, 0, 0, 0, 0, 0, 0, 0, 0, 0, 0, 0, 0, 0, 0, 0, 0, 0, 0, 0, 0, 0, 0, 0, 0, 0, 0, 0, 0, 0, 0, 0, 0, 0, 0, 0, 0, 0, 0, 0, 0, 0, 0, 0, 0, 0, 0, 0, 0, 0, 0, 0, 0, 0, 0, 0, 0, 0, 0, 0, 0, 0, 0, 0, 0, 0, 0, 0, 0, 0, 0, 0, 0, 0, 0, 0, 0, 0, 0, 0, 0, 0, 0, 0, 0, 0, 0, 0, 0, 0, 0, 0, 0, 0, 0, 0, 0, 0, 0, 0, 0, 0, 0, 0, 0, 0, 0, 0, 0, 0, 0, 0, 0, 0, 0, 0, 0, 0, 0, 0, 0, 0, 0, 0, 0, 0, 0, 0, 0, 0, 0, 0, 0, 0, 0, 0, 0, 0, 0, 0, 1, 0, 0, 0, 0, 0, 0, 0, 0, 0, 0, 0, 0, 0, 0, 0, 0, 0, 0, 0, 0, 0, 0, 0, 0, 0, 0, 0, 0, 0, 0, 0, 0, 0, 0, 0, 0, 0, 0, 0, 0, 0, 0, 0, 0, 0, 0, 0, 0, 0, 0, 0, 0, 0, 0, 0, 0, 0, 0, 0, 0, 0, 0, 0, 0, 0, 0, 0, 0, 0, 0, 0, 0, 0, 0, 0, 0, 0, 0, 0, 0, 0, 0, 0, 0, 0, 0, 0, 0, 0, 0, 0, 0, 1, 0, 0, 0, 0, 0, 0, 0, 0, 0, 0, 0, 0, 0, 0, 0, 0, 0, 0, 0, 0, 0, 0, 0, 0, 0, 0, 0, 0, 0, 0, 0, 0, 0, 0, 0, 0, 0, 0, 0, 0, 0, 0, 0, 0, 0, 0, 0, 0, 0, 0, 0, 0, 0, 0, 0, 0, 0, 0, 0, 0, 0, 0]

BESTGEM=(7, 300, 0.023333333333333334)
LISTGEM=[0, 0, 0, 0, 0, 0, 0, 0, 0, 0, 0, 0, 1, 0, 0, 0, 0, 0, 0, 0, 0, 0, 0, 0, 0, 0, 0, 0, 0, 0, 0, 0, 0, 0, 0, 0, 0, 0, 0, 0, 0, 0, 0, 0, 0, 0, 0, 0, 0, 0, 0, 0, 0, 0, 0, 0, 0, 0, 0, 0, 0, 0, 0, 0, 0, 0, 0, 0, 0, 0, 0, 0, 0, 0, 0, 0, 0, 0, 0, 0, 0, 0, 1, 0, 0, 0, 0, 0, 0, 0, 0, 0, 0, 0, 0, 0, 0, 0, 0, 0, 0, 0, 0, 0, 0, 0, 0, 0, 0, 0, 0, 0, 0, 0, 0, 0, 0, 0, 0, 0, 0, 0, 0, 0, 0, 0, 0, 0, 0, 0, 0, 0, 0, 0, 0, 0, 0, 0, 0, 0, 0, 0, 0, 0, 0, 0, 0, 0, 0, 0, 0, 0, 0, 0, 0, 0, 0, 0, 0, 0, 0, 0, 0, 1, 0, 0, 0, 0, 0, 0, 0, 0, 0, 0, 0, 1, 0, 0, 0, 0, 0, 0, 0, 0, 0, 0, 0, 0, 0, 0, 0, 0, 0, 0, 0, 0, 0, 0, 0, 0, 0, 0, 0, 0, 0, 0, 0, 0, 0, 0, 0, 0, 0, 0, 0, 0, 0, 0, 0, 0, 0, 0, 0, 0, 0, 0, 0, 0, 0, 1, 0, 0, 0, 0, 0, 0, 0, 0, 0, 0, 0, 0, 0, 0, 0, 0, 0, 0, 0, 1, 0, 0, 0, 0, 1, 0, 0, 0, 0, 0, 0, 0, 0, 0, 0, 0, 0, 0, 0, 0, 0, 0, 0, 0, 0, 0, 0, 0, 0, 0, 0, 0, 0, 0, 0, 0, 0, 0, 0, 0, 0, 0, 0, 0, 0, 0, 0, 0, 0, 0]

