# shuffled stratified split (indices referring to UCR database)
TESTINDEX=[143   7 111 198  41  94  44 134  58  68  99 169  14 157 205  88 164 166
 133 150  48  91 114  21 112  17  37 116  27  69 117  92 135  30 209 121
 119 127   1  51   9 207 147  25 192  22 165 182 167  49  70  11 184 100
 203 183 179  87 140 108 128 132 173 152 155 163  39 120  47  38 159  15
 187   2 137 148 126 189 180  46 191  98  13 144  50 146  86 156 154  59
  33  34  52 175 106 139  29 136  85 172  20 193 149 195  16]
TRAININDEX=[  0  78 158  12 199  84  56 110 206 174 102 201  55  26  82  76  64  96
 118  32   5 153  73  53 194   4  72 124 130 145  63 178 113 168 176  79
 122  93  62  36  75 142  97  81 196  71 171  90  23 123 104  66  45  80
  65  77 138 197 185  28 107  83  60 170  31  61 141  89 151 129   6  10
 101 105  95  35  67 188  24  74  57  18 204 161  43 115 190   8 162  19
 181   3 208 200 125 131 109 177  54  40 160 186 103 202  42]

# learned parameters for cdtw and gem
# dtw ((error, size, error/size), (window, sqr))
# gem ((error, size, error/size), (St0, St1, E, sym, sqr))
BESTLEARNCONSDTW=((0, 105, 0.0), (0.13, True))
LISTLEARNCONSDTW=[((0, 105, 0.0), (0.050000000000000003, True)), ((0, 105, 0.0), (0.059999999999999998, True)), ((0, 105, 0.0), (0.070000000000000007, True)), ((0, 105, 0.0), (0.080000000000000002, True)), ((0, 105, 0.0), (0.089999999999999997, True)), ((0, 105, 0.0), (0.10000000000000001, True)), ((0, 105, 0.0), (0.11, True)), ((0, 105, 0.0), (0.12, True)), ((0, 105, 0.0), (0.13, True)), ((0, 105, 0.0), (0.14000000000000001, True)), ((0, 105, 0.0), (0.14999999999999999, True)), ((0, 105, 0.0), (0.16, True)), ((0, 105, 0.0), (0.17000000000000001, True)), ((0, 105, 0.0), (0.17999999999999999, True)), ((0, 105, 0.0), (0.19, True)), ((0, 105, 0.0), (0.20000000000000001, True)), ((1, 105, 0.009523809523809525), (0.02, True)), ((1, 105, 0.009523809523809525), (0.029999999999999999, True)), ((1, 105, 0.009523809523809525), (0.040000000000000001, True)), ((4, 105, 0.0380952380952381), (0.01, True)), ((5, 105, 0.047619047619047616), (0.0, True))]

BESTLEARNGEM=((0, 105, 0.0), (2, 2, 0.25, True, True))
LISTLEARNGEM=[((0, 105, 0.0), (2, 2, 0.125, True, True)), ((0, 105, 0.0), (2, 2, 0.25, True, True)), ((0, 105, 0.0), (2, 2, 0.5, True, True)), ((1, 105, 0.009523809523809525), (2, 1, 0.015625, True, True)), ((1, 105, 0.009523809523809525), (2, 1, 0.03125, True, True)), ((1, 105, 0.009523809523809525), (2, 1, 0.0625, True, True)), ((1, 105, 0.009523809523809525), (2, 1, 0.125, True, True)), ((1, 105, 0.009523809523809525), (2, 1, 0.25, True, True)), ((1, 105, 0.009523809523809525), (2, 1, 0.5, True, True)), ((1, 105, 0.009523809523809525), (2, 2, 0.0625, True, True)), ((2, 105, 0.01904761904761905), (2, 1, 0.0078125, True, True)), ((2, 105, 0.01904761904761905), (2, 2, 0, True, True)), ((2, 105, 0.01904761904761905), (2, 2, 0.00390625, True, True)), ((2, 105, 0.01904761904761905), (2, 2, 0.0078125, True, True)), ((2, 105, 0.01904761904761905), (2, 2, 0.015625, True, True)), ((2, 105, 0.01904761904761905), (2, 2, 0.03125, True, True)), ((3, 105, 0.02857142857142857), (1, 1, 0.25, True, True)), ((3, 105, 0.02857142857142857), (1, 1, 0.5, True, True)), ((3, 105, 0.02857142857142857), (1, 2, 0.25, True, True)), ((3, 105, 0.02857142857142857), (1, 2, 0.5, True, True)), ((3, 105, 0.02857142857142857), (2, 1, 0, True, True)), ((3, 105, 0.02857142857142857), (2, 1, 0.00390625, True, True)), ((4, 105, 0.0380952380952381), (1, 1, 0.125, True, True)), ((4, 105, 0.0380952380952381), (1, 2, 0.125, True, True)), ((5, 105, 0.047619047619047616), (1, 1, 0, True, True)), ((5, 105, 0.047619047619047616), (1, 1, 0.00390625, True, True)), ((5, 105, 0.047619047619047616), (1, 1, 0.0078125, True, True)), ((5, 105, 0.047619047619047616), (1, 1, 0.015625, True, True)), ((5, 105, 0.047619047619047616), (1, 1, 0.03125, True, True)), ((5, 105, 0.047619047619047616), (1, 1, 0.0625, True, True)), ((5, 105, 0.047619047619047616), (1, 2, 0, True, True)), ((5, 105, 0.047619047619047616), (1, 2, 0.00390625, True, True)), ((5, 105, 0.047619047619047616), (1, 2, 0.0078125, True, True)), ((5, 105, 0.047619047619047616), (1, 2, 0.015625, True, True)), ((5, 105, 0.047619047619047616), (1, 2, 0.03125, True, True)), ((5, 105, 0.047619047619047616), (1, 2, 0.0625, True, True))]


# error rates for different distance measures
# (error, size, error/size) and binary mask
BESTLP=(2, 105, 0.01904761904761905)
LISTLP=[0, 0, 0, 0, 0, 1, 0, 0, 0, 0, 0, 0, 0, 0, 0, 0, 0, 0, 0, 0, 0, 0, 0, 0, 0, 0, 0, 0, 0, 0, 0, 0, 0, 0, 0, 0, 0, 0, 0, 0, 0, 0, 0, 0, 0, 0, 0, 0, 0, 0, 0, 0, 0, 0, 0, 0, 0, 0, 0, 0, 0, 0, 0, 0, 0, 0, 0, 0, 0, 0, 0, 0, 0, 0, 0, 0, 0, 0, 0, 0, 0, 0, 0, 0, 0, 0, 0, 0, 0, 1, 0, 0, 0, 0, 0, 0, 0, 0, 0, 0, 0, 0, 0, 0, 0]

BESTFULLDTW=(0, 105, 0.0)
LISTFULLDTW=[0, 0, 0, 0, 0, 0, 0, 0, 0, 0, 0, 0, 0, 0, 0, 0, 0, 0, 0, 0, 0, 0, 0, 0, 0, 0, 0, 0, 0, 0, 0, 0, 0, 0, 0, 0, 0, 0, 0, 0, 0, 0, 0, 0, 0, 0, 0, 0, 0, 0, 0, 0, 0, 0, 0, 0, 0, 0, 0, 0, 0, 0, 0, 0, 0, 0, 0, 0, 0, 0, 0, 0, 0, 0, 0, 0, 0, 0, 0, 0, 0, 0, 0, 0, 0, 0, 0, 0, 0, 0, 0, 0, 0, 0, 0, 0, 0, 0, 0, 0, 0, 0, 0, 0, 0]

BESTCONSDTW=(0, 105, 0.0)
LISTCONSDTW=[0, 0, 0, 0, 0, 0, 0, 0, 0, 0, 0, 0, 0, 0, 0, 0, 0, 0, 0, 0, 0, 0, 0, 0, 0, 0, 0, 0, 0, 0, 0, 0, 0, 0, 0, 0, 0, 0, 0, 0, 0, 0, 0, 0, 0, 0, 0, 0, 0, 0, 0, 0, 0, 0, 0, 0, 0, 0, 0, 0, 0, 0, 0, 0, 0, 0, 0, 0, 0, 0, 0, 0, 0, 0, 0, 0, 0, 0, 0, 0, 0, 0, 0, 0, 0, 0, 0, 0, 0, 0, 0, 0, 0, 0, 0, 0, 0, 0, 0, 0, 0, 0, 0, 0, 0]

BESTGEM=(0, 105, 0.0)
LISTGEM=[0, 0, 0, 0, 0, 0, 0, 0, 0, 0, 0, 0, 0, 0, 0, 0, 0, 0, 0, 0, 0, 0, 0, 0, 0, 0, 0, 0, 0, 0, 0, 0, 0, 0, 0, 0, 0, 0, 0, 0, 0, 0, 0, 0, 0, 0, 0, 0, 0, 0, 0, 0, 0, 0, 0, 0, 0, 0, 0, 0, 0, 0, 0, 0, 0, 0, 0, 0, 0, 0, 0, 0, 0, 0, 0, 0, 0, 0, 0, 0, 0, 0, 0, 0, 0, 0, 0, 0, 0, 0, 0, 0, 0, 0, 0, 0, 0, 0, 0, 0, 0, 0, 0, 0, 0]

