# shuffled stratified split (indices referring to UCR database)
TESTINDEX=[519 259 397 349  44 496 108 401 524 430 102 290   7 490 588   6 315 250
 446 237 424 503 414  30 555 403 158 459 429 584  54 276  99 208 160 367
 140 543 249 183 177 139 187 222 245 104 432 235 423 278 247 506 463 454
 354 115 561 232  56 131 471 171 474 479  42 530 596 593 528 598 167 536
 472 576 542 225  53 113 351 452  57 316 326 438  29 381 342 415 365 221
 597 444 304 282 590 360  24 393 129 136  41 196   9 324 513 580 374 571
 336 224 566 383 165 587 168 436 200 258 302  70  23 151 500 341 314 517
 216 502  91  34  59 568 481 456 522 363 382 451 402 162 537 544 418 570
  65 475 243 552 437  97 287 377 520  15 166 400 188 327 319 164 123 526
 462  96 345 357  87 248 427 301 292 236 531 317  20 135 391 489 591 331
 350 192  39  25 488 244  22 207 226 583  66 332 548 407 347 176  83 370
 125 535  88 169 396 404 223 379 340 262 120 299 557 145 217 190 274 551
 371 254 440 280 422 392 281 204 553 293 271  75 564  95 256 494 565  51
  14  74 434  69 420 279  26  50  13 210 149  17 181 229 460  84   3 416
 442   5 425 468 234 199   1  38 157 386 128 263 567   4 505 579  94 231
  19 105 333 209 498 175 146  58 150 255 300 550 441 291 251 191 445 450
 477  82 193 410 322  78 323 227 464 138 356  61]
TRAININDEX=[132 362 478 457 409 443 406 448 466 147 197 272  18 163 318 492 313 295
  37 355 352 572 465 592 525 261 289 329 103 408 529 297 476 330 390 119
 368 577 358 385 106 311  45 148 310 497 253 508 339 127 214  16 563 186
 573 512 562 320  32 405 507 546 547  49 388 523 268  86   8  28 399 288
 206 558 101 156  36  40 556 516 532 470 203  11 486 155 417 482 594 599
 270 467 380 153  90 449 154 375 213 134 195  12 118 144 435 328 246 284
 173 439 545 346 484 421 538 110  89 117 348  43 116 541 230 575 344 511
 560 114 514 469 491 142 321  60  31  85 364 473 515 198  64 233  67 205
 257 273 338  46 252 152 499 343 389  68 453 337 264 361 378 458 509 411
  47 585 461 184 586 241 269 220 398 395  52  98 574 122  48 426 112  80
 265 534 428 518 353  72 111 133 159 211  62 510 161  63  73 394 137 504
   2 308 121 334 143 455  35  27 384 174 359 412 242 495 306 433 419 179
 218 485 267 581 533 387 309 527 335  76 554 589 431 202  33 185 582 307
 305 369 170 296 219 487 130 373 100 549  92 228 109 238 275 413 124 483
 447 521 303 298 182 240  55 312 286  81  10 277 294 212 194 285 540 141
 126 201  77 283 172 480 366 578 539 215 325 376 595  93 266 180 493 189
 260 178 107 569  79 501   0 559 372  71  21 239]

# learned parameters for cdtw and gem
# dtw ((error, size, error/size), (window, sqr))
# gem ((error, size, error/size), (St0, St1, E, sym, sqr))
BESTLEARNCONSDTW=((2, 300, 0.006666666666666667), (0.070000000000000007, True))
LISTLEARNCONSDTW=[((2, 300, 0.006666666666666667), (0.059999999999999998, True)), ((2, 300, 0.006666666666666667), (0.070000000000000007, True)), ((4, 300, 0.013333333333333334), (0.029999999999999999, True)), ((4, 300, 0.013333333333333334), (0.040000000000000001, True)), ((4, 300, 0.013333333333333334), (0.050000000000000003, True)), ((4, 300, 0.013333333333333334), (0.080000000000000002, True)), ((4, 300, 0.013333333333333334), (0.089999999999999997, True)), ((4, 300, 0.013333333333333334), (0.13, True)), ((4, 300, 0.013333333333333334), (0.14000000000000001, True)), ((5, 300, 0.016666666666666666), (0.10000000000000001, True)), ((5, 300, 0.016666666666666666), (0.11, True)), ((5, 300, 0.016666666666666666), (0.12, True)), ((5, 300, 0.016666666666666666), (0.14999999999999999, True)), ((5, 300, 0.016666666666666666), (0.16, True)), ((5, 300, 0.016666666666666666), (0.17000000000000001, True)), ((5, 300, 0.016666666666666666), (0.17999999999999999, True)), ((5, 300, 0.016666666666666666), (0.19, True)), ((5, 300, 0.016666666666666666), (0.20000000000000001, True)), ((6, 300, 0.02), (0.01, True)), ((6, 300, 0.02), (0.02, True)), ((28, 300, 0.09333333333333334), (0.0, True))]

BESTLEARNGEM=((10, 300, 0.03333333333333333), (2, 2, 0.0625, True, True))
LISTLEARNGEM=[((10, 300, 0.03333333333333333), (2, 2, 0.0625, True, True)), ((12, 300, 0.04), (2, 2, 0.03125, True, True)), ((13, 300, 0.043333333333333335), (2, 2, 0, True, True)), ((14, 300, 0.04666666666666667), (2, 2, 0.00390625, True, True)), ((14, 300, 0.04666666666666667), (2, 2, 0.015625, True, True)), ((14, 300, 0.04666666666666667), (2, 2, 0.125, True, True)), ((14, 300, 0.04666666666666667), (2, 2, 0.25, True, True)), ((15, 300, 0.05), (2, 2, 0.0078125, True, True)), ((25, 300, 0.08333333333333333), (2, 1, 0.0625, True, True)), ((30, 300, 0.1), (2, 1, 0.03125, True, True)), ((30, 300, 0.1), (2, 1, 0.125, True, True)), ((31, 300, 0.10333333333333333), (2, 1, 0, True, True)), ((32, 300, 0.10666666666666667), (2, 1, 0.00390625, True, True)), ((32, 300, 0.10666666666666667), (2, 1, 0.015625, True, True)), ((32, 300, 0.10666666666666667), (2, 1, 0.25, True, True)), ((33, 300, 0.11), (2, 1, 0.0078125, True, True)), ((40, 300, 0.13333333333333333), (1, 1, 0.015625, True, True)), ((40, 300, 0.13333333333333333), (1, 2, 0.015625, True, True)), ((41, 300, 0.13666666666666666), (1, 1, 0.0078125, True, True)), ((41, 300, 0.13666666666666666), (1, 2, 0.0078125, True, True)), ((43, 300, 0.14333333333333334), (1, 1, 0.00390625, True, True)), ((43, 300, 0.14333333333333334), (1, 2, 0.00390625, True, True)), ((45, 300, 0.15), (1, 1, 0, True, True)), ((45, 300, 0.15), (1, 2, 0, True, True)), ((47, 300, 0.15666666666666668), (1, 1, 0.03125, True, True)), ((47, 300, 0.15666666666666668), (1, 2, 0.03125, True, True)), ((51, 300, 0.17), (2, 1, 0.5, True, True)), ((58, 300, 0.19333333333333333), (2, 2, 0.5, True, True)), ((64, 300, 0.21333333333333335), (1, 1, 0.0625, True, True)), ((64, 300, 0.21333333333333335), (1, 2, 0.0625, True, True)), ((67, 300, 0.22333333333333333), (1, 1, 0.125, True, True)), ((67, 300, 0.22333333333333333), (1, 2, 0.125, True, True)), ((86, 300, 0.2866666666666667), (1, 1, 0.25, True, True)), ((86, 300, 0.2866666666666667), (1, 2, 0.25, True, True)), ((156, 300, 0.52), (1, 1, 0.5, True, True)), ((156, 300, 0.52), (1, 2, 0.5, True, True))]


# error rates for different distance measures
# (error, size, error/size) and binary mask
BESTLP=(29, 300, 0.09666666666666666)
LISTLP=[0, 0, 0, 0, 0, 0, 0, 0, 0, 0, 0, 0, 0, 0, 0, 1, 1, 0, 0, 0, 0, 0, 0, 0, 0, 0, 0, 0, 0, 0, 0, 0, 0, 0, 0, 0, 0, 0, 0, 0, 0, 0, 0, 0, 0, 0, 0, 0, 0, 1, 0, 0, 0, 0, 0, 0, 0, 0, 0, 0, 0, 0, 0, 0, 1, 0, 0, 0, 0, 0, 0, 0, 0, 0, 1, 0, 0, 0, 0, 0, 0, 1, 1, 0, 0, 0, 1, 0, 0, 0, 0, 0, 1, 1, 0, 0, 1, 0, 0, 0, 1, 0, 1, 1, 0, 0, 0, 0, 1, 0, 0, 0, 0, 0, 0, 0, 0, 0, 1, 0, 1, 0, 0, 0, 0, 1, 0, 0, 0, 1, 0, 0, 0, 0, 0, 0, 0, 0, 0, 0, 0, 0, 0, 0, 0, 0, 0, 0, 0, 0, 0, 0, 0, 0, 0, 0, 0, 0, 1, 0, 0, 0, 0, 0, 0, 0, 0, 0, 0, 0, 0, 0, 0, 0, 1, 0, 0, 0, 0, 1, 0, 0, 1, 0, 0, 0, 1, 0, 0, 0, 0, 1, 0, 0, 0, 0, 0, 0, 0, 0, 0, 0, 0, 0, 0, 0, 1, 0, 0, 0, 0, 0, 0, 0, 0, 0, 0, 0, 0, 0, 0, 0, 0, 0, 0, 0, 0, 0, 0, 0, 0, 0, 0, 0, 0, 0, 0, 0, 0, 0, 0, 0, 0, 0, 0, 0, 0, 0, 0, 0, 0, 0, 0, 1, 0, 0, 0, 0, 0, 1, 0, 0, 0, 0, 0, 0, 0, 0, 0, 0, 0, 0, 0, 0, 0, 0, 0, 0, 0, 0, 0, 0, 0, 0, 0, 0, 0, 0, 0, 0, 0, 0, 1, 0, 0, 0, 0, 0, 0, 0]

BESTFULLDTW=(4, 300, 0.013333333333333334)
LISTFULLDTW=[0, 0, 0, 0, 0, 0, 0, 0, 0, 0, 0, 0, 0, 0, 0, 1, 0, 0, 0, 0, 0, 0, 0, 0, 0, 0, 0, 0, 0, 0, 0, 0, 0, 0, 0, 0, 0, 0, 0, 0, 0, 0, 0, 0, 0, 0, 0, 0, 0, 0, 0, 0, 0, 0, 0, 0, 0, 0, 0, 0, 0, 0, 0, 0, 0, 0, 0, 0, 0, 0, 0, 0, 0, 0, 0, 0, 0, 0, 0, 0, 0, 0, 0, 0, 0, 0, 0, 0, 0, 0, 0, 0, 0, 0, 0, 0, 0, 0, 0, 0, 0, 0, 0, 0, 0, 0, 0, 0, 0, 0, 0, 0, 0, 0, 0, 0, 0, 0, 0, 0, 0, 0, 0, 0, 0, 0, 0, 1, 0, 0, 0, 0, 0, 0, 0, 0, 0, 0, 0, 0, 0, 0, 0, 0, 0, 0, 0, 0, 0, 0, 0, 0, 0, 0, 0, 0, 0, 0, 0, 0, 0, 0, 0, 0, 0, 0, 0, 0, 0, 0, 0, 0, 0, 0, 1, 0, 0, 0, 0, 0, 0, 0, 1, 0, 0, 0, 0, 0, 0, 0, 0, 0, 0, 0, 0, 0, 0, 0, 0, 0, 0, 0, 0, 0, 0, 0, 0, 0, 0, 0, 0, 0, 0, 0, 0, 0, 0, 0, 0, 0, 0, 0, 0, 0, 0, 0, 0, 0, 0, 0, 0, 0, 0, 0, 0, 0, 0, 0, 0, 0, 0, 0, 0, 0, 0, 0, 0, 0, 0, 0, 0, 0, 0, 0, 0, 0, 0, 0, 0, 0, 0, 0, 0, 0, 0, 0, 0, 0, 0, 0, 0, 0, 0, 0, 0, 0, 0, 0, 0, 0, 0, 0, 0, 0, 0, 0, 0, 0, 0, 0, 0, 0, 0, 0, 0, 0, 0, 0, 0, 0]

BESTCONSDTW=(7, 300, 0.023333333333333334)
LISTCONSDTW=[0, 0, 0, 0, 0, 0, 0, 0, 0, 0, 0, 0, 0, 0, 0, 0, 0, 0, 0, 0, 0, 0, 0, 0, 0, 0, 0, 0, 0, 0, 0, 0, 0, 0, 0, 0, 0, 0, 0, 0, 0, 0, 0, 0, 0, 0, 0, 0, 0, 1, 0, 0, 0, 0, 0, 0, 0, 0, 0, 0, 0, 0, 0, 0, 1, 0, 0, 0, 0, 0, 0, 0, 0, 0, 0, 0, 0, 0, 0, 0, 0, 0, 0, 0, 0, 0, 0, 0, 0, 0, 0, 0, 0, 0, 0, 0, 0, 0, 0, 0, 0, 0, 0, 0, 0, 0, 0, 0, 0, 0, 0, 0, 0, 0, 0, 0, 0, 0, 0, 0, 0, 0, 0, 0, 0, 0, 0, 1, 0, 0, 0, 0, 0, 0, 0, 0, 0, 0, 0, 0, 0, 0, 0, 0, 0, 0, 0, 0, 0, 0, 0, 0, 0, 0, 0, 0, 0, 0, 0, 0, 0, 0, 0, 0, 0, 0, 0, 0, 0, 0, 0, 0, 0, 0, 1, 0, 0, 0, 0, 0, 0, 0, 1, 0, 0, 0, 0, 0, 0, 0, 0, 0, 0, 0, 0, 0, 0, 0, 0, 0, 0, 0, 0, 0, 0, 0, 0, 0, 0, 0, 0, 0, 0, 0, 0, 0, 0, 0, 0, 0, 0, 0, 0, 0, 0, 0, 0, 0, 0, 0, 0, 0, 0, 0, 1, 0, 0, 0, 0, 0, 0, 0, 0, 0, 0, 0, 0, 0, 0, 0, 0, 0, 0, 0, 0, 0, 0, 0, 0, 0, 0, 0, 0, 0, 0, 0, 0, 0, 0, 0, 0, 0, 0, 0, 0, 0, 0, 0, 0, 0, 0, 0, 0, 0, 0, 0, 0, 0, 0, 0, 0, 0, 1, 0, 0, 0, 0, 0, 0, 0]

BESTGEM=(9, 300, 0.03)
LISTGEM=[1, 0, 0, 0, 0, 0, 0, 0, 0, 0, 0, 0, 0, 0, 0, 0, 0, 0, 0, 0, 0, 0, 0, 0, 0, 0, 0, 0, 0, 0, 0, 0, 0, 0, 0, 0, 0, 0, 0, 0, 0, 0, 0, 0, 0, 0, 0, 0, 0, 0, 0, 0, 0, 0, 0, 0, 0, 0, 0, 0, 0, 0, 0, 0, 0, 0, 0, 0, 0, 0, 0, 0, 0, 0, 0, 0, 0, 0, 0, 0, 0, 0, 0, 0, 0, 0, 1, 0, 0, 0, 0, 0, 0, 0, 0, 0, 0, 0, 0, 0, 0, 0, 0, 0, 0, 0, 0, 0, 0, 0, 0, 0, 0, 0, 0, 0, 0, 0, 0, 0, 0, 0, 0, 0, 0, 0, 0, 0, 0, 0, 0, 0, 0, 0, 0, 0, 0, 0, 0, 0, 0, 1, 0, 0, 0, 0, 0, 0, 0, 0, 1, 0, 0, 0, 0, 0, 0, 1, 0, 0, 0, 0, 0, 0, 0, 0, 0, 0, 1, 0, 0, 0, 0, 0, 0, 0, 0, 0, 0, 1, 0, 0, 0, 0, 0, 0, 0, 0, 0, 0, 0, 0, 0, 0, 0, 0, 0, 0, 0, 0, 0, 0, 0, 0, 0, 0, 0, 0, 0, 0, 0, 0, 0, 0, 0, 0, 0, 0, 0, 0, 0, 0, 0, 0, 0, 0, 0, 0, 0, 0, 0, 0, 0, 0, 0, 0, 0, 0, 0, 0, 0, 0, 0, 0, 0, 0, 0, 0, 0, 0, 0, 0, 0, 0, 0, 0, 0, 0, 0, 0, 0, 0, 0, 0, 0, 0, 0, 0, 0, 0, 0, 0, 1, 0, 0, 0, 0, 0, 0, 0, 0, 0, 0, 0, 1, 0, 0, 0, 0, 0, 0, 0, 0, 0, 0, 0, 0, 0, 0, 0]

