# shuffled stratified split (indices referring to UCR database)
TESTINDEX=[  9 389 259 471 496 526 356 427 328 379 349 151   2  60 279 452 341 425
 251 292  75 177 168 590 183 444 368 344 599 568 461 454 371   8  76 102
  32 447 412  70 178 331  69 210 119 551 152 353 532 287 535  61 527 384
  83 360  66 211   6  30 161 299 313 285 549 223 107 555 529 257 494 554
 225 365 199 411 582 164 264 437 386 342 561 221 422 215 154 266 304 519
  17 332  24 559  50 445 101 343 503 192 136 473 469  51  52 483 265 207
 498 187 512 109 186  10 147  84 451 202 173 538 253  55 105 329 283 404
  39 111  21 432  22 126 588 497 163 337 234 457 222 533  79 369 391  94
 443 303 490 268 246 121 231  73 142 567 138 374 317 458 174 520 274 375
  78 504  80 587 290 510  57 455 327 334 311 230 563 308 517 418 249 339
 576 208 541 295 413 273 485 181 347 464 204 583 593 449  64 156  35 364
 228  19 428 557 392 289 575 124  65 218 301 362 302  27 330 548  96 135
 263 405 118 196 453 415  87 256 468  58 414 408 435 281 149 596  41 245
 224  45 388 247 153 233 227 572 402 502 300 298 586 361 113 396 398 213
 531 129  37 560 486 495 127 115  28 487  26 403 479 237 146 381 597  25
 189 589 114 359 397 108 269 240 157 393 472 238 325 248  98 409 170 312
 577 460 336  36 286 524 104 484 429 534  15 544]
TRAININDEX=[243  31 383 421 513 387 376 232 540  13  40  43 320 579 348  88 324 378
 103 463 171 357 480 137 122 322 200 456 158 297 148 277 493 134 271 481
  71  33 133 395  53 530 420 276  82   3 160 401 448 355 446 219 140 191
 573 236 550 439 585 291 406 132  44 235 130 511 323 592 528 591 366 442
 373 416  95 424  20 516 260 489 254 351 194 441 385 522 515  89 553 209
 426 525 523 261 180 543  77  42  68 123 155 477 508 345 556 188 537 165
 195 206 594 475 110  46  59 546 465 275 430 518 193 242 501  23 500  48
 176 440   7 431 278 459 466  81 216 288 352 581  86 220 423 580 482   1
 578 419  38  14 116 175 159 284 144 358  16 436 305 267 100 145 131 241
 310 282 184 367 598 198 407  47 478  85 252 474 214 380 562 505 417 293
 595 488 296 491 434 506 492  67 112 390  97 125 318  29 306  99 438 509
 190  62 270  63 377 571 521   5 346  34  18 536 185 382 326 507 203 410
 552 139  93 117 363  90 558 309 316 338 239 150 545  72   4 372 319 143
 166 542 162 566 514 400  11 314 294 470 499 258  74 354 433 584 462 307
 272 315 565 217 205 167 172  92 197   0 255  56 350 370 569  91 141 128
 394 333 106 467 476 280 120 340 570 250 335 399 212  54 201 182 262 539
 179 321 229 564  12 574 226  49 169 244 450 547]

# learned parameters for cdtw and gem
# dtw ((error, size, error/size), (window, sqr))
# gem ((error, size, error/size), (St0, St1, E, sym, sqr))
BESTLEARNCONSDTW=((3, 300, 0.01), (0.089999999999999997, True))
LISTLEARNCONSDTW=[((3, 300, 0.01), (0.080000000000000002, True)), ((3, 300, 0.01), (0.089999999999999997, True)), ((3, 300, 0.01), (0.10000000000000001, True)), ((4, 300, 0.013333333333333334), (0.029999999999999999, True)), ((4, 300, 0.013333333333333334), (0.040000000000000001, True)), ((4, 300, 0.013333333333333334), (0.050000000000000003, True)), ((4, 300, 0.013333333333333334), (0.16, True)), ((4, 300, 0.013333333333333334), (0.17000000000000001, True)), ((4, 300, 0.013333333333333334), (0.17999999999999999, True)), ((4, 300, 0.013333333333333334), (0.19, True)), ((4, 300, 0.013333333333333334), (0.20000000000000001, True)), ((5, 300, 0.016666666666666666), (0.11, True)), ((5, 300, 0.016666666666666666), (0.12, True)), ((5, 300, 0.016666666666666666), (0.13, True)), ((5, 300, 0.016666666666666666), (0.14000000000000001, True)), ((5, 300, 0.016666666666666666), (0.14999999999999999, True)), ((6, 300, 0.02), (0.01, True)), ((6, 300, 0.02), (0.02, True)), ((6, 300, 0.02), (0.059999999999999998, True)), ((6, 300, 0.02), (0.070000000000000007, True)), ((25, 300, 0.08333333333333333), (0.0, True))]

BESTLEARNGEM=((8, 300, 0.02666666666666667), (2, 2, 0.0625, True, True))
LISTLEARNGEM=[((8, 300, 0.02666666666666667), (2, 2, 0, True, True)), ((8, 300, 0.02666666666666667), (2, 2, 0.0625, True, True)), ((9, 300, 0.03), (2, 2, 0.00390625, True, True)), ((9, 300, 0.03), (2, 2, 0.0078125, True, True)), ((10, 300, 0.03333333333333333), (2, 2, 0.015625, True, True)), ((10, 300, 0.03333333333333333), (2, 2, 0.03125, True, True)), ((10, 300, 0.03333333333333333), (2, 2, 0.125, True, True)), ((13, 300, 0.043333333333333335), (2, 2, 0.25, True, True)), ((21, 300, 0.07), (2, 1, 0.0625, True, True)), ((21, 300, 0.07), (2, 1, 0.125, True, True)), ((23, 300, 0.07666666666666666), (2, 1, 0.03125, True, True)), ((28, 300, 0.09333333333333334), (2, 1, 0, True, True)), ((28, 300, 0.09333333333333334), (2, 1, 0.015625, True, True)), ((29, 300, 0.09666666666666666), (2, 1, 0.00390625, True, True)), ((29, 300, 0.09666666666666666), (2, 1, 0.0078125, True, True)), ((29, 300, 0.09666666666666666), (2, 1, 0.25, True, True)), ((41, 300, 0.13666666666666666), (1, 1, 0.0078125, True, True)), ((41, 300, 0.13666666666666666), (1, 2, 0.0078125, True, True)), ((42, 300, 0.14), (1, 1, 0.00390625, True, True)), ((42, 300, 0.14), (1, 1, 0.015625, True, True)), ((42, 300, 0.14), (1, 2, 0.00390625, True, True)), ((42, 300, 0.14), (1, 2, 0.015625, True, True)), ((42, 300, 0.14), (2, 1, 0.5, True, True)), ((43, 300, 0.14333333333333334), (1, 1, 0, True, True)), ((43, 300, 0.14333333333333334), (1, 2, 0, True, True)), ((50, 300, 0.16666666666666666), (1, 1, 0.03125, True, True)), ((50, 300, 0.16666666666666666), (1, 2, 0.03125, True, True)), ((56, 300, 0.18666666666666668), (2, 2, 0.5, True, True)), ((65, 300, 0.21666666666666667), (1, 1, 0.0625, True, True)), ((65, 300, 0.21666666666666667), (1, 2, 0.0625, True, True)), ((69, 300, 0.23), (1, 1, 0.125, True, True)), ((69, 300, 0.23), (1, 2, 0.125, True, True)), ((89, 300, 0.2966666666666667), (1, 1, 0.25, True, True)), ((89, 300, 0.2966666666666667), (1, 2, 0.25, True, True)), ((152, 300, 0.5066666666666667), (1, 1, 0.5, True, True)), ((152, 300, 0.5066666666666667), (1, 2, 0.5, True, True))]


# error rates for different distance measures
# (error, size, error/size) and binary mask
BESTLP=(28, 300, 0.09333333333333334)
LISTLP=[1, 0, 0, 0, 0, 0, 0, 0, 0, 0, 1, 0, 1, 0, 0, 0, 0, 0, 0, 0, 0, 0, 0, 0, 0, 0, 0, 0, 0, 0, 0, 0, 0, 1, 0, 0, 1, 0, 0, 0, 0, 1, 0, 0, 0, 0, 0, 0, 0, 1, 0, 0, 0, 0, 0, 0, 0, 0, 0, 0, 0, 0, 1, 0, 0, 0, 0, 0, 0, 0, 0, 0, 0, 0, 0, 0, 0, 0, 0, 0, 0, 1, 0, 0, 0, 0, 0, 0, 1, 0, 0, 1, 1, 0, 0, 0, 0, 0, 0, 0, 0, 0, 0, 0, 0, 0, 0, 0, 0, 0, 0, 0, 0, 1, 0, 0, 0, 0, 0, 0, 0, 0, 0, 0, 0, 0, 1, 0, 1, 0, 0, 0, 0, 0, 0, 0, 0, 0, 0, 0, 0, 0, 0, 0, 0, 0, 0, 0, 0, 0, 0, 0, 0, 0, 0, 0, 0, 0, 0, 0, 0, 0, 0, 0, 0, 0, 0, 0, 0, 0, 1, 0, 0, 0, 0, 1, 0, 0, 0, 0, 0, 0, 0, 0, 0, 0, 0, 0, 0, 0, 0, 0, 0, 0, 0, 0, 0, 0, 0, 1, 1, 0, 0, 0, 0, 0, 0, 0, 0, 0, 0, 1, 0, 0, 0, 0, 0, 0, 0, 0, 0, 0, 0, 0, 0, 0, 0, 0, 0, 0, 0, 0, 0, 0, 0, 1, 0, 0, 0, 0, 0, 0, 0, 0, 0, 1, 0, 0, 0, 0, 0, 0, 0, 0, 1, 0, 0, 0, 0, 0, 0, 0, 0, 0, 0, 0, 0, 0, 0, 0, 0, 0, 0, 0, 0, 0, 0, 1, 0, 0, 0, 0, 1, 0, 0, 0, 0, 1, 0, 0, 1, 1, 0, 0, 0, 0, 0, 0, 0, 0]

BESTFULLDTW=(2, 300, 0.006666666666666667)
LISTFULLDTW=[0, 0, 0, 0, 0, 0, 0, 0, 0, 0, 0, 0, 0, 0, 0, 0, 0, 0, 0, 0, 0, 0, 0, 0, 0, 0, 0, 0, 0, 0, 0, 0, 0, 0, 0, 0, 0, 0, 0, 0, 0, 0, 0, 0, 0, 0, 0, 0, 0, 0, 0, 0, 0, 0, 0, 0, 0, 0, 1, 0, 0, 0, 0, 0, 0, 0, 0, 0, 0, 0, 0, 0, 0, 0, 0, 0, 0, 0, 0, 0, 0, 0, 0, 0, 0, 0, 0, 0, 0, 0, 0, 0, 0, 0, 0, 0, 0, 0, 0, 0, 0, 0, 0, 0, 0, 0, 0, 0, 0, 0, 0, 0, 0, 0, 0, 0, 0, 0, 0, 0, 0, 0, 0, 0, 0, 0, 0, 0, 0, 0, 0, 0, 0, 0, 0, 0, 0, 0, 0, 0, 0, 0, 0, 0, 0, 0, 0, 0, 0, 0, 0, 0, 0, 0, 0, 0, 0, 0, 0, 0, 0, 0, 0, 0, 0, 0, 0, 0, 0, 0, 0, 0, 0, 0, 0, 0, 0, 0, 0, 0, 0, 0, 0, 0, 0, 0, 0, 0, 0, 0, 0, 0, 0, 0, 0, 0, 0, 0, 0, 0, 0, 0, 0, 0, 0, 0, 0, 0, 0, 0, 0, 0, 0, 0, 0, 0, 0, 0, 0, 0, 0, 0, 0, 0, 0, 0, 0, 0, 0, 0, 0, 0, 0, 0, 0, 0, 0, 0, 0, 0, 0, 0, 0, 0, 0, 0, 0, 0, 0, 0, 0, 0, 0, 0, 0, 0, 0, 0, 1, 0, 0, 0, 0, 0, 0, 0, 0, 0, 0, 0, 0, 0, 0, 0, 0, 0, 0, 0, 0, 0, 0, 0, 0, 0, 0, 0, 0, 0, 0, 0, 0, 0, 0, 0, 0, 0, 0, 0, 0, 0]

BESTCONSDTW=(3, 300, 0.01)
LISTCONSDTW=[0, 0, 0, 0, 0, 0, 0, 0, 0, 0, 0, 0, 0, 0, 0, 0, 0, 0, 0, 0, 0, 0, 0, 0, 0, 0, 0, 0, 0, 1, 0, 0, 0, 0, 0, 0, 0, 0, 0, 0, 0, 0, 0, 0, 0, 0, 0, 0, 0, 0, 0, 0, 0, 0, 0, 0, 0, 0, 1, 0, 0, 0, 0, 0, 0, 0, 0, 0, 0, 0, 0, 0, 0, 0, 0, 0, 0, 0, 0, 0, 0, 1, 0, 0, 0, 0, 0, 0, 0, 0, 0, 0, 0, 0, 0, 0, 0, 0, 0, 0, 0, 0, 0, 0, 0, 0, 0, 0, 0, 0, 0, 0, 0, 0, 0, 0, 0, 0, 0, 0, 0, 0, 0, 0, 0, 0, 0, 0, 0, 0, 0, 0, 0, 0, 0, 0, 0, 0, 0, 0, 0, 0, 0, 0, 0, 0, 0, 0, 0, 0, 0, 0, 0, 0, 0, 0, 0, 0, 0, 0, 0, 0, 0, 0, 0, 0, 0, 0, 0, 0, 0, 0, 0, 0, 0, 0, 0, 0, 0, 0, 0, 0, 0, 0, 0, 0, 0, 0, 0, 0, 0, 0, 0, 0, 0, 0, 0, 0, 0, 0, 0, 0, 0, 0, 0, 0, 0, 0, 0, 0, 0, 0, 0, 0, 0, 0, 0, 0, 0, 0, 0, 0, 0, 0, 0, 0, 0, 0, 0, 0, 0, 0, 0, 0, 0, 0, 0, 0, 0, 0, 0, 0, 0, 0, 0, 0, 0, 0, 0, 0, 0, 0, 0, 0, 0, 0, 0, 0, 0, 0, 0, 0, 0, 0, 0, 0, 0, 0, 0, 0, 0, 0, 0, 0, 0, 0, 0, 0, 0, 0, 0, 0, 0, 0, 0, 0, 0, 0, 0, 0, 0, 0, 0, 0, 0, 0, 0, 0, 0, 0]

BESTGEM=(12, 300, 0.04)
LISTGEM=[0, 0, 0, 0, 0, 0, 0, 0, 0, 0, 0, 0, 0, 0, 0, 0, 0, 0, 1, 0, 0, 0, 0, 0, 0, 0, 0, 0, 0, 0, 0, 0, 0, 1, 0, 0, 0, 0, 0, 0, 0, 1, 0, 0, 0, 0, 0, 0, 0, 0, 0, 0, 0, 0, 0, 0, 0, 0, 1, 0, 0, 0, 0, 0, 0, 0, 0, 0, 0, 0, 0, 0, 0, 0, 0, 0, 0, 0, 0, 0, 0, 1, 0, 0, 0, 1, 0, 0, 0, 0, 0, 0, 0, 1, 0, 0, 0, 0, 0, 0, 0, 0, 0, 0, 0, 0, 0, 0, 0, 0, 0, 0, 0, 0, 0, 0, 0, 0, 0, 0, 0, 0, 0, 1, 0, 0, 0, 0, 0, 0, 0, 0, 0, 0, 0, 0, 0, 0, 0, 0, 0, 0, 0, 0, 0, 0, 0, 0, 0, 0, 0, 0, 0, 0, 0, 0, 0, 0, 0, 0, 0, 0, 0, 0, 0, 0, 0, 0, 0, 0, 0, 0, 0, 0, 0, 0, 0, 0, 0, 0, 0, 0, 0, 0, 0, 1, 0, 0, 0, 0, 0, 0, 0, 1, 0, 0, 0, 0, 0, 1, 0, 0, 0, 0, 0, 0, 0, 0, 0, 0, 0, 0, 0, 0, 0, 0, 0, 0, 0, 0, 0, 0, 0, 0, 0, 0, 0, 0, 0, 0, 0, 0, 0, 0, 0, 0, 0, 0, 0, 0, 0, 0, 0, 0, 0, 1, 0, 0, 0, 0, 0, 0, 0, 0, 0, 0, 0, 0, 0, 0, 0, 0, 0, 0, 0, 0, 0, 0, 0, 0, 0, 0, 0, 0, 0, 0, 0, 0, 0, 0, 0, 0, 0, 0, 0, 0, 0, 0, 0, 0, 0, 0, 0, 0, 0, 0, 0, 0, 0, 0]

