# shuffled stratified split (indices referring to UCR database)
TESTINDEX=[ 27  79 208 165 144  84  78  42 192  61  97   4 173 188  43  70 175 181
  23  82 109 139  26 209 137  77  57 164 206   3  75 118  45  92  29 186
  28  11 125 107 119  88 113  54 136 187 115  48 143  30 207 145 150 189
  66  81  86 146   8  62 166  98 147  65 159  24 203 132 195 129 117   0
  68 196 122 108  72  51  41  37 138  19 170  46  89   7  25  83 156 105
 128  55 180 114  39 154  36 100  99  10 148  32   2 151 102]
TRAININDEX=[140 185 120 104   6  40  44 168  90  74  14 191 161 160 184 133  17  47
 162 135  63 142  95  18  13  50  35 141   1  60  31 111  64 110 167 182
 172 149 127  71 112  16 193 190  93 101 183 131 202  21 121  53 157  22
 103 155  91  49  80 177  73  76 204 163  59 198  85 171 106  56 200 194
 176 130 201 174 169 134  94 178  67 158  34  58  15 153 197  38 124   9
  52  96 205   5 152  33  87 126 199 123 179 116  12  69  20]

# learned parameters for cdtw and gem
# dtw ((error, size, error/size), (window, sqr))
# gem ((error, size, error/size), (St0, St1, E, sym, sqr))
BESTLEARNCONSDTW=((0, 105, 0.0), (0.13, True))
LISTLEARNCONSDTW=[((0, 105, 0.0), (0.050000000000000003, True)), ((0, 105, 0.0), (0.059999999999999998, True)), ((0, 105, 0.0), (0.070000000000000007, True)), ((0, 105, 0.0), (0.080000000000000002, True)), ((0, 105, 0.0), (0.089999999999999997, True)), ((0, 105, 0.0), (0.10000000000000001, True)), ((0, 105, 0.0), (0.11, True)), ((0, 105, 0.0), (0.12, True)), ((0, 105, 0.0), (0.13, True)), ((0, 105, 0.0), (0.14000000000000001, True)), ((0, 105, 0.0), (0.14999999999999999, True)), ((0, 105, 0.0), (0.16, True)), ((0, 105, 0.0), (0.17000000000000001, True)), ((0, 105, 0.0), (0.17999999999999999, True)), ((0, 105, 0.0), (0.19, True)), ((0, 105, 0.0), (0.20000000000000001, True)), ((1, 105, 0.009523809523809525), (0.029999999999999999, True)), ((1, 105, 0.009523809523809525), (0.040000000000000001, True)), ((2, 105, 0.01904761904761905), (0.02, True)), ((3, 105, 0.02857142857142857), (0.0, True)), ((3, 105, 0.02857142857142857), (0.01, True))]

BESTLEARNGEM=((0, 105, 0.0), (2, 2, 0.03125, True, True))
LISTLEARNGEM=[((0, 105, 0.0), (2, 2, 0, True, True)), ((0, 105, 0.0), (2, 2, 0.00390625, True, True)), ((0, 105, 0.0), (2, 2, 0.0078125, True, True)), ((0, 105, 0.0), (2, 2, 0.015625, True, True)), ((0, 105, 0.0), (2, 2, 0.03125, True, True)), ((0, 105, 0.0), (2, 2, 0.0625, True, True)), ((0, 105, 0.0), (2, 2, 0.125, True, True)), ((0, 105, 0.0), (2, 2, 0.25, True, True)), ((0, 105, 0.0), (2, 2, 0.5, True, True)), ((1, 105, 0.009523809523809525), (1, 1, 0, True, True)), ((1, 105, 0.009523809523809525), (1, 2, 0, True, True)), ((1, 105, 0.009523809523809525), (2, 1, 0, True, True)), ((1, 105, 0.009523809523809525), (2, 1, 0.00390625, True, True)), ((1, 105, 0.009523809523809525), (2, 1, 0.0078125, True, True)), ((1, 105, 0.009523809523809525), (2, 1, 0.015625, True, True)), ((1, 105, 0.009523809523809525), (2, 1, 0.03125, True, True)), ((1, 105, 0.009523809523809525), (2, 1, 0.0625, True, True)), ((1, 105, 0.009523809523809525), (2, 1, 0.125, True, True)), ((1, 105, 0.009523809523809525), (2, 1, 0.25, True, True)), ((1, 105, 0.009523809523809525), (2, 1, 0.5, True, True)), ((2, 105, 0.01904761904761905), (1, 1, 0.00390625, True, True)), ((2, 105, 0.01904761904761905), (1, 1, 0.0078125, True, True)), ((2, 105, 0.01904761904761905), (1, 2, 0.00390625, True, True)), ((2, 105, 0.01904761904761905), (1, 2, 0.0078125, True, True)), ((3, 105, 0.02857142857142857), (1, 1, 0.015625, True, True)), ((3, 105, 0.02857142857142857), (1, 1, 0.03125, True, True)), ((3, 105, 0.02857142857142857), (1, 2, 0.015625, True, True)), ((3, 105, 0.02857142857142857), (1, 2, 0.03125, True, True)), ((4, 105, 0.0380952380952381), (1, 1, 0.0625, True, True)), ((4, 105, 0.0380952380952381), (1, 1, 0.125, True, True)), ((4, 105, 0.0380952380952381), (1, 1, 0.25, True, True)), ((4, 105, 0.0380952380952381), (1, 1, 0.5, True, True)), ((4, 105, 0.0380952380952381), (1, 2, 0.0625, True, True)), ((4, 105, 0.0380952380952381), (1, 2, 0.125, True, True)), ((4, 105, 0.0380952380952381), (1, 2, 0.25, True, True)), ((4, 105, 0.0380952380952381), (1, 2, 0.5, True, True))]


# error rates for different distance measures
# (error, size, error/size) and binary mask
BESTLP=(4, 105, 0.0380952380952381)
LISTLP=[0, 0, 0, 0, 0, 0, 1, 0, 0, 1, 0, 0, 0, 0, 0, 0, 0, 0, 0, 0, 0, 0, 0, 0, 0, 0, 0, 0, 0, 1, 0, 0, 0, 0, 0, 0, 0, 0, 0, 0, 0, 0, 0, 0, 0, 0, 0, 0, 0, 0, 0, 0, 0, 0, 0, 0, 0, 0, 0, 0, 0, 0, 0, 0, 0, 0, 0, 0, 0, 0, 0, 0, 0, 0, 0, 0, 0, 0, 0, 0, 0, 0, 0, 0, 0, 0, 0, 0, 0, 1, 0, 0, 0, 0, 0, 0, 0, 0, 0, 0, 0, 0, 0, 0, 0]

BESTFULLDTW=(0, 105, 0.0)
LISTFULLDTW=[0, 0, 0, 0, 0, 0, 0, 0, 0, 0, 0, 0, 0, 0, 0, 0, 0, 0, 0, 0, 0, 0, 0, 0, 0, 0, 0, 0, 0, 0, 0, 0, 0, 0, 0, 0, 0, 0, 0, 0, 0, 0, 0, 0, 0, 0, 0, 0, 0, 0, 0, 0, 0, 0, 0, 0, 0, 0, 0, 0, 0, 0, 0, 0, 0, 0, 0, 0, 0, 0, 0, 0, 0, 0, 0, 0, 0, 0, 0, 0, 0, 0, 0, 0, 0, 0, 0, 0, 0, 0, 0, 0, 0, 0, 0, 0, 0, 0, 0, 0, 0, 0, 0, 0, 0]

BESTCONSDTW=(0, 105, 0.0)
LISTCONSDTW=[0, 0, 0, 0, 0, 0, 0, 0, 0, 0, 0, 0, 0, 0, 0, 0, 0, 0, 0, 0, 0, 0, 0, 0, 0, 0, 0, 0, 0, 0, 0, 0, 0, 0, 0, 0, 0, 0, 0, 0, 0, 0, 0, 0, 0, 0, 0, 0, 0, 0, 0, 0, 0, 0, 0, 0, 0, 0, 0, 0, 0, 0, 0, 0, 0, 0, 0, 0, 0, 0, 0, 0, 0, 0, 0, 0, 0, 0, 0, 0, 0, 0, 0, 0, 0, 0, 0, 0, 0, 0, 0, 0, 0, 0, 0, 0, 0, 0, 0, 0, 0, 0, 0, 0, 0]

BESTGEM=(0, 105, 0.0)
LISTGEM=[0, 0, 0, 0, 0, 0, 0, 0, 0, 0, 0, 0, 0, 0, 0, 0, 0, 0, 0, 0, 0, 0, 0, 0, 0, 0, 0, 0, 0, 0, 0, 0, 0, 0, 0, 0, 0, 0, 0, 0, 0, 0, 0, 0, 0, 0, 0, 0, 0, 0, 0, 0, 0, 0, 0, 0, 0, 0, 0, 0, 0, 0, 0, 0, 0, 0, 0, 0, 0, 0, 0, 0, 0, 0, 0, 0, 0, 0, 0, 0, 0, 0, 0, 0, 0, 0, 0, 0, 0, 0, 0, 0, 0, 0, 0, 0, 0, 0, 0, 0, 0, 0, 0, 0, 0]

