# shuffled stratified split (indices referring to UCR database)
TESTINDEX=[103 181 145 202 137 186 164 131 108  43  85 174 194 157  86   3  90  26
 148 130 154  20  42 195 125 184 140 183 207  88  74  75 118 175  57   1
  25 180  33 208 135  99  89  13 150  78 117  58  67 178 185 124 100 112
  44 177 104 160 106  39 152  38   8 176  36 134 161   4  51 198 190  92
  83  81 113  48  94   9  69 101 200 201 105 119  95  45   0  41 162 189
  40  23  18 102 120 159 110 141  72  10 173  97   6 144 147]
TRAININDEX=[ 87  77 182  19   5  63  31  27 167  49 171  54 109  93 136 191  71  52
 151  96 142  55 197  62  24 132  32 205 121  68  61  35 203  82 115  34
  84   7 192  60 123 138 111  16  21 153 127  14 193 187 158  50  37 163
 139  91 114  17 196  12   2  47 169 188 168  79 170 156 128  65 172 143
  29  66  53  30  22  46 116 166  80 129  15 209 149 206 107 122  28 146
  11 155 126  76 199 165  70  98 179 133 204  73  64  56  59]

# learned parameters for cdtw and gem
# dtw ((error, size, error/size), (window, sqr))
# gem ((error, size, error/size), (St0, St1, E, sym, sqr))
BESTLEARNCONSDTW=((0, 105, 0.0), (0.12, True))
LISTLEARNCONSDTW=[((0, 105, 0.0), (0.029999999999999999, True)), ((0, 105, 0.0), (0.040000000000000001, True)), ((0, 105, 0.0), (0.050000000000000003, True)), ((0, 105, 0.0), (0.059999999999999998, True)), ((0, 105, 0.0), (0.070000000000000007, True)), ((0, 105, 0.0), (0.080000000000000002, True)), ((0, 105, 0.0), (0.089999999999999997, True)), ((0, 105, 0.0), (0.10000000000000001, True)), ((0, 105, 0.0), (0.11, True)), ((0, 105, 0.0), (0.12, True)), ((0, 105, 0.0), (0.13, True)), ((0, 105, 0.0), (0.14000000000000001, True)), ((0, 105, 0.0), (0.14999999999999999, True)), ((0, 105, 0.0), (0.16, True)), ((0, 105, 0.0), (0.17000000000000001, True)), ((0, 105, 0.0), (0.17999999999999999, True)), ((0, 105, 0.0), (0.19, True)), ((0, 105, 0.0), (0.20000000000000001, True)), ((1, 105, 0.009523809523809525), (0.01, True)), ((1, 105, 0.009523809523809525), (0.02, True)), ((3, 105, 0.02857142857142857), (0.0, True))]

BESTLEARNGEM=((0, 105, 0.0), (2, 1, 0.125, True, True))
LISTLEARNGEM=[((0, 105, 0.0), (2, 1, 0, True, True)), ((0, 105, 0.0), (2, 1, 0.00390625, True, True)), ((0, 105, 0.0), (2, 1, 0.0078125, True, True)), ((0, 105, 0.0), (2, 1, 0.015625, True, True)), ((0, 105, 0.0), (2, 1, 0.03125, True, True)), ((0, 105, 0.0), (2, 1, 0.0625, True, True)), ((0, 105, 0.0), (2, 1, 0.125, True, True)), ((0, 105, 0.0), (2, 1, 0.25, True, True)), ((0, 105, 0.0), (2, 1, 0.5, True, True)), ((0, 105, 0.0), (2, 2, 0.125, True, True)), ((0, 105, 0.0), (2, 2, 0.25, True, True)), ((0, 105, 0.0), (2, 2, 0.5, True, True)), ((1, 105, 0.009523809523809525), (2, 2, 0.00390625, True, True)), ((1, 105, 0.009523809523809525), (2, 2, 0.0078125, True, True)), ((1, 105, 0.009523809523809525), (2, 2, 0.015625, True, True)), ((1, 105, 0.009523809523809525), (2, 2, 0.03125, True, True)), ((1, 105, 0.009523809523809525), (2, 2, 0.0625, True, True)), ((2, 105, 0.01904761904761905), (1, 1, 0, True, True)), ((2, 105, 0.01904761904761905), (1, 2, 0, True, True)), ((2, 105, 0.01904761904761905), (2, 2, 0, True, True)), ((3, 105, 0.02857142857142857), (1, 1, 0.00390625, True, True)), ((3, 105, 0.02857142857142857), (1, 1, 0.0078125, True, True)), ((3, 105, 0.02857142857142857), (1, 1, 0.015625, True, True)), ((3, 105, 0.02857142857142857), (1, 1, 0.03125, True, True)), ((3, 105, 0.02857142857142857), (1, 1, 0.0625, True, True)), ((3, 105, 0.02857142857142857), (1, 1, 0.25, True, True)), ((3, 105, 0.02857142857142857), (1, 1, 0.5, True, True)), ((3, 105, 0.02857142857142857), (1, 2, 0.00390625, True, True)), ((3, 105, 0.02857142857142857), (1, 2, 0.0078125, True, True)), ((3, 105, 0.02857142857142857), (1, 2, 0.015625, True, True)), ((3, 105, 0.02857142857142857), (1, 2, 0.03125, True, True)), ((3, 105, 0.02857142857142857), (1, 2, 0.0625, True, True)), ((3, 105, 0.02857142857142857), (1, 2, 0.25, True, True)), ((3, 105, 0.02857142857142857), (1, 2, 0.5, True, True)), ((4, 105, 0.0380952380952381), (1, 1, 0.125, True, True)), ((4, 105, 0.0380952380952381), (1, 2, 0.125, True, True))]


# error rates for different distance measures
# (error, size, error/size) and binary mask
BESTLP=(3, 105, 0.02857142857142857)
LISTLP=[0, 0, 0, 0, 0, 0, 0, 0, 0, 0, 0, 0, 0, 0, 0, 0, 0, 0, 0, 0, 0, 0, 0, 0, 0, 0, 0, 0, 0, 0, 0, 0, 0, 0, 0, 0, 0, 0, 0, 0, 0, 0, 0, 0, 0, 1, 0, 0, 0, 0, 0, 0, 0, 0, 0, 0, 0, 0, 0, 0, 1, 0, 0, 0, 0, 0, 0, 0, 0, 0, 0, 0, 0, 0, 0, 0, 0, 0, 0, 0, 0, 1, 0, 0, 0, 0, 0, 0, 0, 0, 0, 0, 0, 0, 0, 0, 0, 0, 0, 0, 0, 0, 0, 0, 0]

BESTFULLDTW=(0, 105, 0.0)
LISTFULLDTW=[0, 0, 0, 0, 0, 0, 0, 0, 0, 0, 0, 0, 0, 0, 0, 0, 0, 0, 0, 0, 0, 0, 0, 0, 0, 0, 0, 0, 0, 0, 0, 0, 0, 0, 0, 0, 0, 0, 0, 0, 0, 0, 0, 0, 0, 0, 0, 0, 0, 0, 0, 0, 0, 0, 0, 0, 0, 0, 0, 0, 0, 0, 0, 0, 0, 0, 0, 0, 0, 0, 0, 0, 0, 0, 0, 0, 0, 0, 0, 0, 0, 0, 0, 0, 0, 0, 0, 0, 0, 0, 0, 0, 0, 0, 0, 0, 0, 0, 0, 0, 0, 0, 0, 0, 0]

BESTCONSDTW=(0, 105, 0.0)
LISTCONSDTW=[0, 0, 0, 0, 0, 0, 0, 0, 0, 0, 0, 0, 0, 0, 0, 0, 0, 0, 0, 0, 0, 0, 0, 0, 0, 0, 0, 0, 0, 0, 0, 0, 0, 0, 0, 0, 0, 0, 0, 0, 0, 0, 0, 0, 0, 0, 0, 0, 0, 0, 0, 0, 0, 0, 0, 0, 0, 0, 0, 0, 0, 0, 0, 0, 0, 0, 0, 0, 0, 0, 0, 0, 0, 0, 0, 0, 0, 0, 0, 0, 0, 0, 0, 0, 0, 0, 0, 0, 0, 0, 0, 0, 0, 0, 0, 0, 0, 0, 0, 0, 0, 0, 0, 0, 0]

BESTGEM=(1, 105, 0.009523809523809525)
LISTGEM=[0, 0, 0, 0, 0, 0, 0, 0, 0, 0, 0, 0, 0, 0, 0, 0, 0, 0, 0, 0, 0, 0, 0, 0, 0, 0, 0, 0, 0, 0, 0, 0, 0, 0, 0, 0, 0, 0, 0, 0, 0, 0, 0, 0, 0, 0, 0, 0, 0, 0, 0, 0, 0, 0, 0, 0, 0, 0, 0, 0, 0, 0, 0, 0, 0, 0, 0, 0, 0, 0, 0, 0, 0, 0, 0, 0, 0, 0, 0, 0, 0, 1, 0, 0, 0, 0, 0, 0, 0, 0, 0, 0, 0, 0, 0, 0, 0, 0, 0, 0, 0, 0, 0, 0, 0]

