# shuffled stratified split (indices referring to UCR database)
TESTINDEX=[ 62  98  26  94  44  76  91  64  75 107 108 102 111 114   9  78  31  95
  34  80  42   5  39  11  82  58  89   3 100 105  21  81  97  41  43   0
  93  35  45  66  38  70  20  46  24  79 113  63   7  87  68 106  52  49
  40  22  23  51  48 110]
TRAININDEX=[117  37  73  54  50  18  14   4 104  71   8  83  36  77 116  28  56  96
  27  90 119  74   2  47  19   1  84  32  55  30  16 112 101  85 103   6
  15  13  12  29 115  10  88  25  53  99  72  33  69  57 109 118  92  61
  65  60  67  86  59  17]

# learned parameters for cdtw and gem
# dtw ((error, size, error/size), (window, sqr))
# gem ((error, size, error/size), (St0, St1, E, sym, sqr))
BESTLEARNCONSDTW=((13, 60, 0.21666666666666667), (0.029999999999999999, True))
LISTLEARNCONSDTW=[((13, 60, 0.21666666666666667), (0.029999999999999999, True)), ((14, 60, 0.23333333333333334), (0.0, True)), ((14, 60, 0.23333333333333334), (0.01, True)), ((15, 60, 0.25), (0.02, True)), ((15, 60, 0.25), (0.040000000000000001, True)), ((19, 60, 0.31666666666666665), (0.050000000000000003, True)), ((19, 60, 0.31666666666666665), (0.10000000000000001, True)), ((19, 60, 0.31666666666666665), (0.11, True)), ((19, 60, 0.31666666666666665), (0.12, True)), ((19, 60, 0.31666666666666665), (0.13, True)), ((19, 60, 0.31666666666666665), (0.14000000000000001, True)), ((19, 60, 0.31666666666666665), (0.14999999999999999, True)), ((19, 60, 0.31666666666666665), (0.16, True)), ((19, 60, 0.31666666666666665), (0.17000000000000001, True)), ((19, 60, 0.31666666666666665), (0.17999999999999999, True)), ((19, 60, 0.31666666666666665), (0.19, True)), ((19, 60, 0.31666666666666665), (0.20000000000000001, True)), ((20, 60, 0.33333333333333331), (0.059999999999999998, True)), ((20, 60, 0.33333333333333331), (0.070000000000000007, True)), ((21, 60, 0.34999999999999998), (0.080000000000000002, True)), ((21, 60, 0.34999999999999998), (0.089999999999999997, True))]

BESTLEARNGEM=((10, 60, 0.16666666666666666), (2, 1, 0.0625, True, True))
LISTLEARNGEM=[((10, 60, 0.16666666666666666), (2, 1, 0, True, True)), ((10, 60, 0.16666666666666666), (2, 1, 0.0625, True, True)), ((10, 60, 0.16666666666666666), (2, 1, 0.25, True, True)), ((11, 60, 0.18333333333333332), (2, 1, 0.00390625, True, True)), ((11, 60, 0.18333333333333332), (2, 1, 0.0078125, True, True)), ((11, 60, 0.18333333333333332), (2, 1, 0.03125, True, True)), ((11, 60, 0.18333333333333332), (2, 1, 0.5, True, True)), ((12, 60, 0.20000000000000001), (2, 1, 0.015625, True, True)), ((12, 60, 0.20000000000000001), (2, 1, 0.125, True, True)), ((13, 60, 0.21666666666666667), (1, 1, 0.0625, True, True)), ((13, 60, 0.21666666666666667), (1, 2, 0.0625, True, True)), ((14, 60, 0.23333333333333334), (2, 2, 0.25, True, True)), ((14, 60, 0.23333333333333334), (2, 2, 0.5, True, True)), ((15, 60, 0.25), (1, 1, 0.00390625, True, True)), ((15, 60, 0.25), (1, 1, 0.0078125, True, True)), ((15, 60, 0.25), (1, 1, 0.125, True, True)), ((15, 60, 0.25), (1, 2, 0.00390625, True, True)), ((15, 60, 0.25), (1, 2, 0.0078125, True, True)), ((15, 60, 0.25), (1, 2, 0.125, True, True)), ((16, 60, 0.26666666666666666), (1, 1, 0.25, True, True)), ((16, 60, 0.26666666666666666), (1, 2, 0.25, True, True)), ((17, 60, 0.28333333333333333), (1, 1, 0.03125, True, True)), ((17, 60, 0.28333333333333333), (1, 2, 0.03125, True, True)), ((17, 60, 0.28333333333333333), (2, 2, 0.125, True, True)), ((18, 60, 0.29999999999999999), (1, 1, 0, True, True)), ((18, 60, 0.29999999999999999), (1, 1, 0.015625, True, True)), ((18, 60, 0.29999999999999999), (1, 2, 0, True, True)), ((18, 60, 0.29999999999999999), (1, 2, 0.015625, True, True)), ((18, 60, 0.29999999999999999), (2, 2, 0, True, True)), ((18, 60, 0.29999999999999999), (2, 2, 0.03125, True, True)), ((18, 60, 0.29999999999999999), (2, 2, 0.0625, True, True)), ((19, 60, 0.31666666666666665), (2, 2, 0.015625, True, True)), ((20, 60, 0.33333333333333331), (2, 2, 0.00390625, True, True)), ((22, 60, 0.36666666666666664), (1, 1, 0.5, True, True)), ((22, 60, 0.36666666666666664), (1, 2, 0.5, True, True)), ((22, 60, 0.36666666666666664), (2, 2, 0.0078125, True, True))]


# error rates for different distance measures
# (error, size, error/size) and binary mask
BESTLP=(19, 60, 0.31666666666666665)
LISTLP=[0, 0, 1, 0, 0, 1, 0, 0, 0, 0, 0, 1, 0, 0, 1, 1, 0, 0, 0, 0, 0, 0, 1, 1, 1, 0, 0, 0, 0, 0, 0, 1, 0, 0, 0, 0, 0, 1, 0, 0, 1, 0, 0, 0, 1, 1, 1, 0, 1, 0, 1, 1, 0, 0, 0, 1, 0, 1, 0, 0]

BESTFULLDTW=(16, 60, 0.26666666666666666)
LISTFULLDTW=[0, 0, 1, 0, 0, 0, 0, 0, 0, 0, 1, 1, 0, 0, 0, 1, 1, 1, 0, 0, 0, 1, 0, 0, 1, 0, 0, 0, 0, 0, 0, 0, 0, 0, 0, 0, 1, 0, 1, 0, 1, 0, 0, 0, 0, 0, 1, 0, 0, 0, 0, 1, 0, 1, 0, 1, 0, 0, 1, 0]

BESTCONSDTW=(18, 60, 0.29999999999999999)
LISTCONSDTW=[0, 0, 1, 0, 0, 0, 0, 0, 0, 0, 0, 0, 0, 0, 1, 1, 0, 0, 0, 0, 0, 0, 0, 1, 0, 0, 1, 0, 0, 0, 0, 0, 0, 1, 0, 0, 1, 1, 1, 0, 1, 0, 0, 0, 1, 0, 1, 0, 1, 0, 1, 1, 0, 1, 0, 1, 0, 1, 0, 0]

BESTGEM=(10, 60, 0.16666666666666666)
LISTGEM=[0, 0, 1, 0, 0, 0, 0, 0, 0, 0, 0, 0, 0, 0, 1, 1, 0, 0, 0, 0, 0, 0, 0, 0, 1, 0, 1, 0, 1, 0, 0, 0, 0, 0, 0, 1, 1, 0, 0, 0, 0, 0, 0, 0, 0, 0, 1, 0, 0, 0, 0, 1, 0, 0, 0, 0, 0, 0, 0, 0]

