# shuffled stratified split (indices referring to UCR database)
TESTINDEX=[136 156  62 508 152 255  33 257 361 406 590 528 364  79 121 102 354 392
 212 485 369  99 550 248 397 238  89  74 549 208 196 579 117 573 186  66
  54  57 472 249  46 440 463 570  50 193  96  37 144 231 334 282 376 287
  26   2 182 114 105 567 501 323 547 327 318 568 594 269   4 232 100 222
 242 507 145 400 308 340 314 455  34 470 411 380 562 418 162 205 413 226
 580 370 350 382 142 234 395 403 125 320 587 362 504 109 266 134 166 509
   6 530 184 414  73 522 523 265 276 360 250 482 534 539  90 304 574 475
 331 598 415 103 422 198  11 111  45 441  35 353 143 262 560 566 493 513
 305 399  87 492   5 524 511 307  12 120 294 449 591 187 589 324 542 169
  95 432 321 407 200 211 532 243 163 278 140  25  63 206 459 150 253 296
  23 218 135 195 563 336 561   9 264 280 588 571  82  70 557 429 371 154
 203 245  65  75 468 465  72 496 416  53 139  15 480 393 230 453 303 147
 275 454 452 551 178 342  38 461  94 279 374 291 167  44 366 229 173 283
 491 394 209 533 581 404 450 306 536 428  19 347 431   7  69 133  27 236
 583 438 456 471 537 586 386 387  28  42 483 213 329 155 259 439 486 577
 379 137 444 317 462 338 477 183 160 531 239 526 355 420 315 349 516  78
 122 256 335 180 246 300 596 108 352 488 124 426]
TRAININDEX=[127 367 261 171  22 541 210 116 525 301 424 316  71 174 592 474 451 430
 233  86 110 260 423  39 272  30 442 409  81   3 479 192 372 113  83 277
  84 177 510 398 274 529 517 457 263  31 194 390 298  10 190 244 337 322
  77 402 464 271 228 559 302 487 207 410 168 126 554 544 388 240 343 575
 241 289 297 299 434 521 191 115 199  24 597 495 467  93 281 373 425   0
 519 443 506 106 141 545 235 339 381 408 569 460 476 217  97 520 247  88
 435 270 458 312 417 164 558 584 582 267  85 326 176 157 377 500 273 363
 351  16 365 295 325  48 505 348 546 328 214 223  13 427  43  14 357 237
 151  47 448  18 258 104 268 565 473 181 254 341 378 514 201  20 556 599
 498 128 197 165 310 346 359 593 503 290 129 288 313 148 219 494  52 101
 286 490  80 368 497  21 179 384 188 385 543  29  58 527 466 131 221 446
 481 552 311  91  41  56 330 548 225 518 175 389  98 319 332 251 118 170
 344 123 132 216 499 284 375 489 538 146 159 502  67  51 578 292 138 130
  36 421 540 595 293 383 433 158 445  32 149 396 447 220 405 189 412 555
 112  92 436 419 107 285  40 204  60 172   1 356  59 585 161  55 576 202
 227 185 515  76  68  49 469 553 484 153  17   8 215 119 333 224 358 309
  61 252  64 345 437 572 512 564 391 535 478 401]

# learned parameters for cdtw and gem
# dtw ((error, size, error/size), (window, sqr))
# gem ((error, size, error/size), (St0, St1, E, sym, sqr))
BESTLEARNCONSDTW=((1, 300, 0.0033333333333333335), (0.050000000000000003, True))
LISTLEARNCONSDTW=[((1, 300, 0.0033333333333333335), (0.050000000000000003, True)), ((2, 300, 0.006666666666666667), (0.10000000000000001, True)), ((3, 300, 0.01), (0.080000000000000002, True)), ((3, 300, 0.01), (0.089999999999999997, True)), ((3, 300, 0.01), (0.11, True)), ((3, 300, 0.01), (0.12, True)), ((3, 300, 0.01), (0.13, True)), ((3, 300, 0.01), (0.14000000000000001, True)), ((3, 300, 0.01), (0.14999999999999999, True)), ((3, 300, 0.01), (0.16, True)), ((3, 300, 0.01), (0.17000000000000001, True)), ((3, 300, 0.01), (0.17999999999999999, True)), ((3, 300, 0.01), (0.19, True)), ((3, 300, 0.01), (0.20000000000000001, True)), ((4, 300, 0.013333333333333334), (0.029999999999999999, True)), ((4, 300, 0.013333333333333334), (0.040000000000000001, True)), ((4, 300, 0.013333333333333334), (0.059999999999999998, True)), ((4, 300, 0.013333333333333334), (0.070000000000000007, True)), ((8, 300, 0.02666666666666667), (0.01, True)), ((8, 300, 0.02666666666666667), (0.02, True)), ((23, 300, 0.07666666666666666), (0.0, True))]

BESTLEARNGEM=((9, 300, 0.03), (2, 2, 0, True, True))
LISTLEARNGEM=[((9, 300, 0.03), (2, 2, 0, True, True)), ((10, 300, 0.03333333333333333), (2, 2, 0.0078125, True, True)), ((10, 300, 0.03333333333333333), (2, 2, 0.0625, True, True)), ((11, 300, 0.03666666666666667), (2, 2, 0.00390625, True, True)), ((11, 300, 0.03666666666666667), (2, 2, 0.015625, True, True)), ((11, 300, 0.03666666666666667), (2, 2, 0.03125, True, True)), ((14, 300, 0.04666666666666667), (2, 2, 0.125, True, True)), ((22, 300, 0.07333333333333333), (2, 2, 0.25, True, True)), ((23, 300, 0.07666666666666666), (2, 1, 0.125, True, True)), ((25, 300, 0.08333333333333333), (2, 1, 0.0078125, True, True)), ((26, 300, 0.08666666666666667), (2, 1, 0.00390625, True, True)), ((26, 300, 0.08666666666666667), (2, 1, 0.015625, True, True)), ((26, 300, 0.08666666666666667), (2, 1, 0.03125, True, True)), ((26, 300, 0.08666666666666667), (2, 1, 0.0625, True, True)), ((27, 300, 0.09), (2, 1, 0, True, True)), ((32, 300, 0.10666666666666667), (2, 1, 0.25, True, True)), ((35, 300, 0.11666666666666667), (1, 1, 0.015625, True, True)), ((35, 300, 0.11666666666666667), (1, 2, 0.015625, True, True)), ((36, 300, 0.12), (1, 1, 0.0078125, True, True)), ((36, 300, 0.12), (1, 2, 0.0078125, True, True)), ((38, 300, 0.12666666666666668), (1, 1, 0, True, True)), ((38, 300, 0.12666666666666668), (1, 2, 0, True, True)), ((39, 300, 0.13), (1, 1, 0.00390625, True, True)), ((39, 300, 0.13), (1, 2, 0.00390625, True, True)), ((42, 300, 0.14), (2, 1, 0.5, True, True)), ((45, 300, 0.15), (1, 1, 0.03125, True, True)), ((45, 300, 0.15), (1, 2, 0.03125, True, True)), ((56, 300, 0.18666666666666668), (1, 1, 0.0625, True, True)), ((56, 300, 0.18666666666666668), (1, 2, 0.0625, True, True)), ((64, 300, 0.21333333333333335), (2, 2, 0.5, True, True)), ((66, 300, 0.22), (1, 1, 0.125, True, True)), ((66, 300, 0.22), (1, 2, 0.125, True, True)), ((86, 300, 0.2866666666666667), (1, 1, 0.25, True, True)), ((86, 300, 0.2866666666666667), (1, 2, 0.25, True, True)), ((147, 300, 0.49), (1, 1, 0.5, True, True)), ((147, 300, 0.49), (1, 2, 0.5, True, True))]


# error rates for different distance measures
# (error, size, error/size) and binary mask
BESTLP=(34, 300, 0.11333333333333333)
LISTLP=[0, 0, 0, 0, 0, 0, 0, 0, 0, 0, 0, 0, 0, 0, 0, 0, 0, 0, 0, 0, 0, 0, 0, 0, 0, 0, 0, 0, 0, 0, 0, 0, 0, 0, 0, 0, 0, 0, 0, 0, 1, 0, 0, 0, 0, 0, 0, 1, 0, 0, 1, 0, 0, 0, 0, 1, 0, 0, 0, 0, 0, 0, 0, 1, 0, 0, 1, 0, 0, 0, 0, 0, 0, 0, 0, 0, 1, 0, 0, 0, 0, 0, 0, 0, 0, 0, 0, 0, 0, 0, 0, 0, 0, 0, 0, 0, 0, 0, 0, 0, 0, 0, 0, 0, 0, 0, 0, 0, 1, 0, 0, 0, 0, 0, 0, 0, 0, 0, 0, 0, 0, 0, 0, 1, 0, 0, 1, 0, 0, 0, 0, 0, 0, 0, 1, 0, 0, 0, 0, 0, 0, 0, 0, 0, 1, 0, 0, 0, 1, 0, 0, 1, 0, 0, 0, 0, 0, 0, 0, 0, 0, 0, 0, 0, 1, 0, 0, 0, 0, 0, 0, 1, 0, 0, 0, 0, 0, 0, 0, 0, 1, 0, 0, 0, 0, 1, 0, 1, 0, 0, 0, 0, 0, 0, 0, 0, 0, 0, 0, 0, 0, 0, 0, 0, 0, 0, 0, 0, 1, 1, 0, 0, 0, 0, 0, 0, 0, 0, 0, 0, 0, 1, 1, 0, 0, 1, 0, 0, 0, 0, 0, 0, 0, 0, 0, 0, 0, 0, 0, 0, 0, 1, 0, 0, 1, 0, 0, 0, 0, 0, 0, 0, 0, 0, 0, 0, 0, 0, 0, 0, 0, 1, 0, 1, 0, 0, 0, 0, 0, 0, 0, 0, 0, 1, 0, 0, 0, 0, 0, 0, 1, 0, 0, 0, 1, 1, 0, 0, 0, 0, 1, 0, 0, 1, 0, 0, 0, 0, 0, 0]

BESTFULLDTW=(2, 300, 0.006666666666666667)
LISTFULLDTW=[0, 0, 0, 0, 0, 0, 0, 0, 0, 0, 0, 0, 0, 0, 0, 0, 0, 0, 0, 0, 0, 0, 0, 0, 0, 0, 0, 0, 0, 0, 0, 0, 0, 0, 0, 0, 0, 0, 0, 0, 0, 0, 0, 0, 0, 0, 0, 0, 0, 0, 0, 0, 0, 0, 0, 0, 0, 0, 0, 0, 0, 0, 0, 0, 0, 0, 0, 0, 0, 0, 0, 0, 0, 0, 0, 0, 0, 0, 0, 0, 0, 0, 0, 0, 0, 0, 0, 0, 0, 0, 0, 0, 0, 0, 0, 0, 0, 0, 0, 0, 0, 0, 0, 0, 0, 0, 0, 0, 0, 0, 0, 0, 0, 0, 0, 0, 0, 0, 0, 0, 0, 0, 0, 0, 0, 0, 0, 0, 0, 0, 0, 0, 0, 0, 0, 0, 0, 0, 0, 0, 0, 0, 0, 0, 0, 0, 0, 0, 0, 0, 0, 0, 0, 0, 0, 0, 0, 0, 0, 0, 0, 0, 0, 0, 0, 0, 0, 0, 0, 0, 0, 0, 0, 0, 0, 0, 0, 1, 0, 0, 0, 0, 0, 0, 0, 0, 0, 0, 0, 0, 0, 0, 0, 0, 0, 0, 0, 0, 0, 0, 0, 0, 0, 0, 0, 0, 0, 0, 0, 0, 0, 0, 0, 0, 0, 0, 0, 0, 0, 0, 0, 0, 0, 0, 0, 0, 0, 0, 0, 0, 0, 0, 0, 0, 0, 0, 0, 0, 0, 0, 0, 0, 0, 0, 0, 0, 0, 0, 0, 0, 0, 0, 0, 0, 0, 0, 0, 0, 0, 0, 0, 0, 0, 0, 0, 0, 0, 0, 0, 0, 0, 0, 0, 0, 0, 0, 0, 0, 0, 0, 1, 0, 0, 0, 0, 0, 0, 0, 0, 0, 0, 0, 0, 0, 0, 0, 0, 0, 0, 0]

BESTCONSDTW=(4, 300, 0.013333333333333334)
LISTCONSDTW=[0, 0, 0, 0, 0, 0, 0, 0, 0, 0, 0, 0, 0, 0, 0, 0, 0, 0, 0, 0, 0, 0, 0, 0, 0, 0, 0, 0, 0, 0, 0, 0, 0, 0, 0, 0, 0, 0, 0, 0, 0, 0, 0, 0, 0, 0, 0, 0, 0, 0, 0, 0, 0, 0, 0, 0, 1, 0, 0, 0, 0, 0, 0, 0, 0, 0, 0, 0, 0, 0, 0, 0, 0, 0, 0, 0, 0, 0, 0, 0, 0, 0, 0, 0, 0, 0, 0, 0, 0, 0, 0, 0, 0, 0, 0, 0, 0, 0, 0, 0, 0, 0, 0, 0, 0, 0, 0, 0, 1, 0, 0, 0, 0, 0, 0, 0, 0, 0, 0, 0, 0, 0, 0, 0, 0, 0, 0, 0, 0, 0, 0, 0, 0, 0, 0, 0, 0, 0, 0, 0, 0, 0, 0, 0, 0, 0, 0, 0, 0, 0, 0, 0, 0, 0, 0, 0, 0, 0, 0, 0, 0, 0, 0, 0, 0, 0, 0, 0, 0, 0, 0, 1, 0, 0, 0, 0, 0, 0, 0, 0, 0, 0, 0, 0, 0, 0, 0, 0, 0, 0, 0, 0, 0, 0, 0, 0, 0, 0, 0, 0, 0, 0, 0, 0, 0, 0, 0, 0, 0, 0, 0, 0, 0, 0, 0, 0, 0, 0, 0, 0, 0, 0, 0, 0, 0, 0, 0, 0, 0, 0, 0, 0, 0, 0, 0, 0, 0, 0, 0, 0, 0, 0, 0, 0, 0, 0, 0, 0, 0, 0, 0, 0, 0, 0, 0, 0, 0, 0, 0, 0, 0, 1, 0, 0, 0, 0, 0, 0, 0, 0, 0, 0, 0, 0, 0, 0, 0, 0, 0, 0, 0, 0, 0, 0, 0, 0, 0, 0, 0, 0, 0, 0, 0, 0, 0, 0, 0, 0, 0, 0]

BESTGEM=(10, 300, 0.03333333333333333)
LISTGEM=[0, 0, 0, 0, 0, 0, 0, 0, 0, 0, 0, 0, 0, 0, 1, 0, 0, 0, 0, 0, 0, 0, 0, 0, 0, 0, 0, 0, 1, 0, 0, 0, 0, 0, 0, 0, 0, 0, 0, 0, 0, 0, 0, 0, 0, 0, 0, 0, 0, 0, 0, 0, 0, 0, 0, 0, 1, 0, 0, 0, 0, 0, 0, 1, 0, 0, 1, 0, 0, 0, 0, 0, 0, 0, 0, 0, 0, 0, 0, 0, 0, 0, 0, 0, 0, 0, 0, 0, 0, 0, 0, 0, 0, 0, 0, 0, 0, 0, 0, 0, 0, 0, 0, 0, 0, 0, 0, 0, 0, 0, 0, 0, 0, 0, 0, 0, 0, 0, 0, 0, 0, 0, 0, 0, 0, 0, 0, 0, 0, 0, 0, 0, 0, 0, 0, 0, 0, 0, 0, 0, 0, 0, 0, 0, 0, 0, 0, 0, 0, 0, 0, 0, 0, 0, 0, 0, 0, 0, 1, 0, 0, 0, 0, 0, 0, 0, 0, 0, 0, 0, 0, 1, 0, 0, 0, 0, 0, 0, 0, 0, 0, 0, 0, 0, 0, 0, 0, 0, 0, 0, 0, 0, 0, 0, 0, 0, 0, 0, 0, 0, 0, 0, 0, 0, 0, 0, 0, 0, 0, 0, 0, 0, 0, 0, 0, 0, 0, 0, 0, 0, 0, 0, 0, 0, 0, 0, 0, 0, 0, 0, 0, 0, 0, 0, 0, 0, 0, 0, 0, 0, 0, 0, 0, 0, 1, 0, 0, 0, 0, 0, 0, 0, 0, 0, 0, 0, 0, 0, 0, 0, 0, 0, 0, 0, 0, 0, 0, 0, 1, 0, 0, 0, 0, 0, 0, 0, 0, 0, 0, 0, 1, 0, 0, 0, 0, 0, 0, 0, 0, 0, 0, 0, 0, 0, 0, 0, 0, 0, 0, 0]

