# shuffled stratified split (indices referring to UCR database)
TESTINDEX=[113  44 104 105  67  45  65 107   7  64  66  81   2 116  96 110  12  88
  78  11  47  98 118 111  52  19  61 117 100  36  43  38  84  16  74  46
  31  91 108  70  87  79  62  57  51  76 112  35  25  63 115  18  73  80
  50  22   1  85   3  89]
TRAININDEX=[ 24 119  56  42  13  41   9  37 103  69  40  29  28   4  39  68  20 106
  93  15 101  23  17  27   0  92  71  72 102  55  94  33  60   5   8  82
  30  54  97   6  59  49  58  34  95  32  10  99 114  21  14  26  86  83
  75  77  90 109  53  48]

# learned parameters for cdtw and gem
# dtw ((error, size, error/size), (window, sqr))
# gem ((error, size, error/size), (St0, St1, E, sym, sqr))
BESTLEARNCONSDTW=((14, 60, 0.23333333333333334), (0.02, True))
LISTLEARNCONSDTW=[((14, 60, 0.23333333333333334), (0.02, True)), ((16, 60, 0.26666666666666666), (0.01, True)), ((17, 60, 0.28333333333333333), (0.0, True)), ((18, 60, 0.29999999999999999), (0.029999999999999999, True)), ((20, 60, 0.33333333333333331), (0.040000000000000001, True)), ((20, 60, 0.33333333333333331), (0.050000000000000003, True)), ((20, 60, 0.33333333333333331), (0.059999999999999998, True)), ((20, 60, 0.33333333333333331), (0.070000000000000007, True)), ((20, 60, 0.33333333333333331), (0.080000000000000002, True)), ((20, 60, 0.33333333333333331), (0.089999999999999997, True)), ((21, 60, 0.34999999999999998), (0.10000000000000001, True)), ((21, 60, 0.34999999999999998), (0.11, True)), ((21, 60, 0.34999999999999998), (0.12, True)), ((21, 60, 0.34999999999999998), (0.13, True)), ((21, 60, 0.34999999999999998), (0.14000000000000001, True)), ((21, 60, 0.34999999999999998), (0.14999999999999999, True)), ((21, 60, 0.34999999999999998), (0.16, True)), ((21, 60, 0.34999999999999998), (0.17000000000000001, True)), ((21, 60, 0.34999999999999998), (0.17999999999999999, True)), ((21, 60, 0.34999999999999998), (0.19, True)), ((21, 60, 0.34999999999999998), (0.20000000000000001, True))]

BESTLEARNGEM=((8, 60, 0.13333333333333333), (2, 1, 0.0625, True, True))
LISTLEARNGEM=[((8, 60, 0.13333333333333333), (2, 1, 0.0625, True, True)), ((9, 60, 0.14999999999999999), (2, 1, 0.03125, True, True)), ((10, 60, 0.16666666666666666), (2, 1, 0.015625, True, True)), ((10, 60, 0.16666666666666666), (2, 1, 0.125, True, True)), ((11, 60, 0.18333333333333332), (2, 1, 0.0078125, True, True)), ((12, 60, 0.20000000000000001), (2, 1, 0, True, True)), ((12, 60, 0.20000000000000001), (2, 2, 0.25, True, True)), ((14, 60, 0.23333333333333334), (2, 1, 0.00390625, True, True)), ((14, 60, 0.23333333333333334), (2, 1, 0.25, True, True)), ((15, 60, 0.25), (1, 1, 0.0625, True, True)), ((15, 60, 0.25), (1, 2, 0.0625, True, True)), ((15, 60, 0.25), (2, 2, 0.5, True, True)), ((16, 60, 0.26666666666666666), (2, 1, 0.5, True, True)), ((17, 60, 0.28333333333333333), (1, 1, 0.0078125, True, True)), ((17, 60, 0.28333333333333333), (1, 1, 0.03125, True, True)), ((17, 60, 0.28333333333333333), (1, 2, 0.0078125, True, True)), ((17, 60, 0.28333333333333333), (1, 2, 0.03125, True, True)), ((17, 60, 0.28333333333333333), (2, 2, 0.0078125, True, True)), ((17, 60, 0.28333333333333333), (2, 2, 0.03125, True, True)), ((17, 60, 0.28333333333333333), (2, 2, 0.125, True, True)), ((18, 60, 0.29999999999999999), (1, 1, 0.00390625, True, True)), ((18, 60, 0.29999999999999999), (1, 1, 0.015625, True, True)), ((18, 60, 0.29999999999999999), (1, 2, 0.00390625, True, True)), ((18, 60, 0.29999999999999999), (1, 2, 0.015625, True, True)), ((18, 60, 0.29999999999999999), (2, 2, 0, True, True)), ((18, 60, 0.29999999999999999), (2, 2, 0.00390625, True, True)), ((18, 60, 0.29999999999999999), (2, 2, 0.015625, True, True)), ((18, 60, 0.29999999999999999), (2, 2, 0.0625, True, True)), ((20, 60, 0.33333333333333331), (1, 1, 0.125, True, True)), ((20, 60, 0.33333333333333331), (1, 2, 0.125, True, True)), ((21, 60, 0.34999999999999998), (1, 1, 0.25, True, True)), ((21, 60, 0.34999999999999998), (1, 2, 0.25, True, True)), ((22, 60, 0.36666666666666664), (1, 1, 0, True, True)), ((22, 60, 0.36666666666666664), (1, 2, 0, True, True)), ((23, 60, 0.38333333333333336), (1, 1, 0.5, True, True)), ((23, 60, 0.38333333333333336), (1, 2, 0.5, True, True))]


# error rates for different distance measures
# (error, size, error/size) and binary mask
BESTLP=(15, 60, 0.25)
LISTLP=[1, 0, 0, 0, 0, 0, 1, 1, 0, 0, 0, 0, 0, 0, 0, 0, 0, 0, 1, 0, 0, 0, 1, 0, 0, 0, 1, 1, 1, 0, 0, 1, 1, 0, 0, 0, 0, 0, 0, 0, 0, 0, 0, 1, 0, 0, 0, 1, 0, 0, 0, 0, 0, 0, 1, 1, 0, 0, 0, 1]

BESTFULLDTW=(19, 60, 0.31666666666666665)
LISTFULLDTW=[1, 1, 0, 0, 1, 1, 0, 0, 0, 0, 1, 0, 0, 1, 0, 0, 0, 0, 1, 0, 0, 0, 1, 0, 0, 0, 0, 1, 0, 0, 1, 1, 1, 0, 0, 0, 0, 0, 0, 0, 0, 1, 0, 0, 0, 0, 1, 1, 0, 0, 0, 1, 0, 0, 0, 1, 0, 1, 0, 1]

BESTCONSDTW=(14, 60, 0.23333333333333334)
LISTCONSDTW=[1, 0, 0, 0, 1, 1, 1, 0, 0, 0, 0, 0, 0, 0, 0, 0, 0, 0, 1, 0, 0, 0, 1, 0, 0, 0, 0, 1, 1, 0, 0, 1, 1, 0, 0, 0, 0, 0, 0, 0, 0, 0, 0, 0, 0, 0, 0, 1, 0, 0, 0, 1, 0, 0, 0, 1, 0, 1, 0, 0]

BESTGEM=(12, 60, 0.20000000000000001)
LISTGEM=[0, 0, 0, 0, 1, 0, 1, 0, 1, 0, 0, 1, 0, 0, 0, 0, 0, 0, 1, 0, 1, 0, 0, 0, 0, 0, 0, 1, 1, 0, 0, 0, 1, 0, 0, 0, 0, 0, 0, 0, 0, 0, 0, 0, 1, 0, 0, 1, 0, 0, 0, 0, 0, 0, 1, 0, 0, 0, 0, 0]

