# shuffled stratified split (indices referring to UCR database)
TESTINDEX=[142 193 168 125  25  47  38  16 117 124   0 180 158 190   1  95 176 177
  80  84 139 207  44 116   6 206 141  60 166 174  33  96 100  48  81 128
 195  17  69 108  76 204 114  23 182   5 112   7 146 119  52  88  24 151
  94 133 138  67  71 134 115  35 122 118  51 161 170 103  92 144  61 175
  62 145 173 130  93   3 189 187  90   2  11 113 159 202 153 162  34  13
 132 110 191  43  89 149 192 157   8  54  79 160  72  39 135]
TRAININDEX=[196 169  32 154  15 140  91 148 194 172 123 106  83 199 197  58  18  53
  57 127  82  22 111 184  65  31 121  21 163 107 109  77  46  37  70  30
 105  66  73  41  75  29  87  99 137  56 203 179 143  42 181  98 188 152
 198 136  78 171   4  36   9  40  97 102  50  20 178  49 200 104  26 201
 126  64 185 131 208  12  14 164  27  55 183 120  74  59  85 129 205  45
  86 156 147  28  10 209 167 186 150  68  63 165 155  19 101]

# learned parameters for cdtw and gem
# dtw ((error, size, error/size), (window, sqr))
# gem ((error, size, error/size), (St0, St1, E, sym, sqr))
BESTLEARNCONSDTW=((0, 105, 0.0), (0.13, True))
LISTLEARNCONSDTW=[((0, 105, 0.0), (0.050000000000000003, True)), ((0, 105, 0.0), (0.059999999999999998, True)), ((0, 105, 0.0), (0.070000000000000007, True)), ((0, 105, 0.0), (0.080000000000000002, True)), ((0, 105, 0.0), (0.089999999999999997, True)), ((0, 105, 0.0), (0.10000000000000001, True)), ((0, 105, 0.0), (0.11, True)), ((0, 105, 0.0), (0.12, True)), ((0, 105, 0.0), (0.13, True)), ((0, 105, 0.0), (0.14000000000000001, True)), ((0, 105, 0.0), (0.14999999999999999, True)), ((0, 105, 0.0), (0.16, True)), ((0, 105, 0.0), (0.17000000000000001, True)), ((0, 105, 0.0), (0.17999999999999999, True)), ((0, 105, 0.0), (0.19, True)), ((0, 105, 0.0), (0.20000000000000001, True)), ((1, 105, 0.009523809523809525), (0.040000000000000001, True)), ((3, 105, 0.02857142857142857), (0.02, True)), ((3, 105, 0.02857142857142857), (0.029999999999999999, True)), ((5, 105, 0.047619047619047616), (0.01, True)), ((6, 105, 0.05714285714285714), (0.0, True))]

BESTLEARNGEM=((0, 105, 0.0), (2, 2, 0.25, True, True))
LISTLEARNGEM=[((0, 105, 0.0), (2, 2, 0.125, True, True)), ((0, 105, 0.0), (2, 2, 0.25, True, True)), ((0, 105, 0.0), (2, 2, 0.5, True, True)), ((1, 105, 0.009523809523809525), (2, 1, 0.125, True, True)), ((1, 105, 0.009523809523809525), (2, 1, 0.25, True, True)), ((1, 105, 0.009523809523809525), (2, 1, 0.5, True, True)), ((1, 105, 0.009523809523809525), (2, 2, 0.0625, True, True)), ((2, 105, 0.01904761904761905), (2, 2, 0, True, True)), ((2, 105, 0.01904761904761905), (2, 2, 0.00390625, True, True)), ((2, 105, 0.01904761904761905), (2, 2, 0.0078125, True, True)), ((2, 105, 0.01904761904761905), (2, 2, 0.015625, True, True)), ((2, 105, 0.01904761904761905), (2, 2, 0.03125, True, True)), ((3, 105, 0.02857142857142857), (2, 1, 0.0625, True, True)), ((4, 105, 0.0380952380952381), (2, 1, 0, True, True)), ((5, 105, 0.047619047619047616), (1, 1, 0.03125, True, True)), ((5, 105, 0.047619047619047616), (1, 1, 0.25, True, True)), ((5, 105, 0.047619047619047616), (1, 2, 0.03125, True, True)), ((5, 105, 0.047619047619047616), (1, 2, 0.25, True, True)), ((5, 105, 0.047619047619047616), (2, 1, 0.00390625, True, True)), ((5, 105, 0.047619047619047616), (2, 1, 0.0078125, True, True)), ((5, 105, 0.047619047619047616), (2, 1, 0.015625, True, True)), ((5, 105, 0.047619047619047616), (2, 1, 0.03125, True, True)), ((6, 105, 0.05714285714285714), (1, 1, 0, True, True)), ((6, 105, 0.05714285714285714), (1, 1, 0.00390625, True, True)), ((6, 105, 0.05714285714285714), (1, 1, 0.0078125, True, True)), ((6, 105, 0.05714285714285714), (1, 1, 0.015625, True, True)), ((6, 105, 0.05714285714285714), (1, 1, 0.0625, True, True)), ((6, 105, 0.05714285714285714), (1, 1, 0.125, True, True)), ((6, 105, 0.05714285714285714), (1, 2, 0, True, True)), ((6, 105, 0.05714285714285714), (1, 2, 0.00390625, True, True)), ((6, 105, 0.05714285714285714), (1, 2, 0.0078125, True, True)), ((6, 105, 0.05714285714285714), (1, 2, 0.015625, True, True)), ((6, 105, 0.05714285714285714), (1, 2, 0.0625, True, True)), ((6, 105, 0.05714285714285714), (1, 2, 0.125, True, True)), ((7, 105, 0.06666666666666667), (1, 1, 0.5, True, True)), ((7, 105, 0.06666666666666667), (1, 2, 0.5, True, True))]


# error rates for different distance measures
# (error, size, error/size) and binary mask
BESTLP=(4, 105, 0.0380952380952381)
LISTLP=[0, 0, 0, 0, 0, 0, 0, 0, 0, 0, 0, 0, 0, 0, 0, 0, 0, 0, 0, 0, 0, 0, 0, 0, 0, 0, 0, 0, 0, 0, 0, 0, 0, 0, 0, 0, 0, 0, 0, 1, 0, 0, 0, 0, 0, 0, 0, 0, 0, 0, 0, 0, 0, 0, 0, 0, 0, 0, 0, 0, 0, 0, 0, 0, 0, 0, 0, 0, 0, 0, 1, 0, 1, 0, 0, 0, 0, 1, 0, 0, 0, 0, 0, 0, 0, 0, 0, 0, 0, 0, 0, 0, 0, 0, 0, 0, 0, 0, 0, 0, 0, 0, 0, 0, 0]

BESTFULLDTW=(0, 105, 0.0)
LISTFULLDTW=[0, 0, 0, 0, 0, 0, 0, 0, 0, 0, 0, 0, 0, 0, 0, 0, 0, 0, 0, 0, 0, 0, 0, 0, 0, 0, 0, 0, 0, 0, 0, 0, 0, 0, 0, 0, 0, 0, 0, 0, 0, 0, 0, 0, 0, 0, 0, 0, 0, 0, 0, 0, 0, 0, 0, 0, 0, 0, 0, 0, 0, 0, 0, 0, 0, 0, 0, 0, 0, 0, 0, 0, 0, 0, 0, 0, 0, 0, 0, 0, 0, 0, 0, 0, 0, 0, 0, 0, 0, 0, 0, 0, 0, 0, 0, 0, 0, 0, 0, 0, 0, 0, 0, 0, 0]

BESTCONSDTW=(0, 105, 0.0)
LISTCONSDTW=[0, 0, 0, 0, 0, 0, 0, 0, 0, 0, 0, 0, 0, 0, 0, 0, 0, 0, 0, 0, 0, 0, 0, 0, 0, 0, 0, 0, 0, 0, 0, 0, 0, 0, 0, 0, 0, 0, 0, 0, 0, 0, 0, 0, 0, 0, 0, 0, 0, 0, 0, 0, 0, 0, 0, 0, 0, 0, 0, 0, 0, 0, 0, 0, 0, 0, 0, 0, 0, 0, 0, 0, 0, 0, 0, 0, 0, 0, 0, 0, 0, 0, 0, 0, 0, 0, 0, 0, 0, 0, 0, 0, 0, 0, 0, 0, 0, 0, 0, 0, 0, 0, 0, 0, 0]

BESTGEM=(0, 105, 0.0)
LISTGEM=[0, 0, 0, 0, 0, 0, 0, 0, 0, 0, 0, 0, 0, 0, 0, 0, 0, 0, 0, 0, 0, 0, 0, 0, 0, 0, 0, 0, 0, 0, 0, 0, 0, 0, 0, 0, 0, 0, 0, 0, 0, 0, 0, 0, 0, 0, 0, 0, 0, 0, 0, 0, 0, 0, 0, 0, 0, 0, 0, 0, 0, 0, 0, 0, 0, 0, 0, 0, 0, 0, 0, 0, 0, 0, 0, 0, 0, 0, 0, 0, 0, 0, 0, 0, 0, 0, 0, 0, 0, 0, 0, 0, 0, 0, 0, 0, 0, 0, 0, 0, 0, 0, 0, 0, 0]

