# shuffled stratified split (indices referring to UCR database)
TESTINDEX=[340 566 589 125 257 136 516 470 154 568 534 554 166 421 347 544  64 464
 278 524 477 401  74 299  61 351 327 190 508 266 158 150 546 337  85 576
 549 581 459 487 358 301 326  53 220  91 206  62 135  37  70 234  73  80
 232 191 226 355 283 443 253 152 111  87 465 389 284   3 303 324 349 316
 373 258 370 352 490  43 270 449 483 185 461 138 437 454 368 315   2  21
 167 180 157 223 210 570 218 116 307   4 252 104 115 540 139 592  16 379
  55 375 288 304 551 526 376 140 362 514  81   9 387 162 509 306  50 553
 598 412 547  39 430 148 522 439 228 200 518 456 468 333 433  92 341  99
  33 208 498 137 241 291 402 452 244 364 515 168  36 172 219 204 109 343
 295 492  65 207 476 503 480 510 539 442 272 583 282 493 500 267 571 350
 145 527 311  38 122 579 335 577 415 205 317 155  49 359 505 403 323 393
 179 102 453 392 593 455 398 585 363 254 484  58  14 108 128 171   7 447
 320 407 121 530  31  67 192 236 548 405 441 147 275 175 225 409 394 562
 560 186 475 367 512 285 408 256  95 471 338 532 331 559 153 271  11 329
 342 397  15 141 160 565 123 426 563 176  76 474 100 366  22  97 203  23
 537 260  57 406 580 151 193 506 446 578 328 215 119 569 586 142 309  66
 462 599 400 417  24 110 310 262 372  82 224 202]
TRAININDEX=[177 308 229  75 377 313 321 294 445  60 374 529 436 249 463 472 133 213
 385 240 113 318 199 198 281 235  46 460  18 541 371 314 332 269  45  56
 478  54 564 173 413  25 369  44 511   6 279 458 181 165 469 174  10 233
 391  26 457 248  78 259  27 531 360 189  69 595 106 345 414 422 126  98
 525 497 431 467 239 197 420 588 170 188 124 105 451  20 227 264 144 178
  32  88 261  17 419 432 290 143 507 319 293  63 543 567  89 542 590  59
 302 390 211 217 238  71 479   0 545 339 130 246 336 411 334 502 161 231
 196 348 356 164 438 325  72 556 485   5 591 112 289 552   8 489 286 159
 146  28 216 486 103 230  40 183 482 280 587 495 596  51  86 440 251 156
 184 247 101 517 491 535  47 346 382 558 132 353 504 425 538 322  13 298
 114 404 163 381 237  12 292 273 182 597 501 242 513  52 561 201 434 396
 388 428 365 361 521 330   1  68 250 481 276  96 245 584  29 573 187 473
 444  93 129 499 384 149  42  41 195 435 383 354 265 416 574 575  90 118
  48 555 399 357 194  35 120 448 268 222 466 209 312 274 429 344  79 424
 386 557  77 450 572 117  34 520 134 418 221 519 107 582 410 550  83 528
 423 287 536 427 131 380 296 496 378 255 277 523 305 169 243 127 297  94
 594 488 494 533 212 300 395  84  19 263  30 214]

# learned parameters for cdtw and gem
# dtw ((error, size, error/size), (window, sqr))
# gem ((error, size, error/size), (St0, St1, E, sym, sqr))
BESTLEARNCONSDTW=((3, 300, 0.01), (0.040000000000000001, True))
LISTLEARNCONSDTW=[((3, 300, 0.01), (0.029999999999999999, True)), ((3, 300, 0.01), (0.040000000000000001, True)), ((4, 300, 0.013333333333333334), (0.050000000000000003, True)), ((4, 300, 0.013333333333333334), (0.080000000000000002, True)), ((4, 300, 0.013333333333333334), (0.089999999999999997, True)), ((4, 300, 0.013333333333333334), (0.10000000000000001, True)), ((4, 300, 0.013333333333333334), (0.11, True)), ((4, 300, 0.013333333333333334), (0.12, True)), ((4, 300, 0.013333333333333334), (0.13, True)), ((4, 300, 0.013333333333333334), (0.14000000000000001, True)), ((4, 300, 0.013333333333333334), (0.14999999999999999, True)), ((4, 300, 0.013333333333333334), (0.16, True)), ((4, 300, 0.013333333333333334), (0.17000000000000001, True)), ((4, 300, 0.013333333333333334), (0.17999999999999999, True)), ((4, 300, 0.013333333333333334), (0.19, True)), ((4, 300, 0.013333333333333334), (0.20000000000000001, True)), ((5, 300, 0.016666666666666666), (0.059999999999999998, True)), ((5, 300, 0.016666666666666666), (0.070000000000000007, True)), ((10, 300, 0.03333333333333333), (0.01, True)), ((10, 300, 0.03333333333333333), (0.02, True)), ((35, 300, 0.11666666666666667), (0.0, True))]

BESTLEARNGEM=((9, 300, 0.03), (2, 2, 0.0625, True, True))
LISTLEARNGEM=[((9, 300, 0.03), (2, 2, 0.0625, True, True)), ((12, 300, 0.04), (2, 2, 0.015625, True, True)), ((12, 300, 0.04), (2, 2, 0.03125, True, True)), ((13, 300, 0.043333333333333335), (2, 2, 0, True, True)), ((13, 300, 0.043333333333333335), (2, 2, 0.00390625, True, True)), ((13, 300, 0.043333333333333335), (2, 2, 0.0078125, True, True)), ((14, 300, 0.04666666666666667), (2, 2, 0.125, True, True)), ((22, 300, 0.07333333333333333), (2, 1, 0.0078125, True, True)), ((23, 300, 0.07666666666666666), (2, 1, 0.00390625, True, True)), ((23, 300, 0.07666666666666666), (2, 1, 0.015625, True, True)), ((24, 300, 0.08), (2, 1, 0, True, True)), ((24, 300, 0.08), (2, 1, 0.0625, True, True)), ((24, 300, 0.08), (2, 1, 0.125, True, True)), ((25, 300, 0.08333333333333333), (2, 1, 0.03125, True, True)), ((25, 300, 0.08333333333333333), (2, 1, 0.25, True, True)), ((27, 300, 0.09), (2, 2, 0.25, True, True)), ((39, 300, 0.13), (1, 1, 0.0078125, True, True)), ((39, 300, 0.13), (1, 2, 0.0078125, True, True)), ((40, 300, 0.13333333333333333), (1, 1, 0.015625, True, True)), ((40, 300, 0.13333333333333333), (1, 2, 0.015625, True, True)), ((41, 300, 0.13666666666666666), (1, 1, 0.00390625, True, True)), ((41, 300, 0.13666666666666666), (1, 2, 0.00390625, True, True)), ((47, 300, 0.15666666666666668), (1, 1, 0, True, True)), ((47, 300, 0.15666666666666668), (1, 2, 0, True, True)), ((49, 300, 0.16333333333333333), (2, 1, 0.5, True, True)), ((51, 300, 0.17), (1, 1, 0.03125, True, True)), ((51, 300, 0.17), (1, 2, 0.03125, True, True)), ((61, 300, 0.20333333333333334), (2, 2, 0.5, True, True)), ((62, 300, 0.20666666666666667), (1, 1, 0.0625, True, True)), ((62, 300, 0.20666666666666667), (1, 2, 0.0625, True, True)), ((74, 300, 0.24666666666666667), (1, 1, 0.125, True, True)), ((74, 300, 0.24666666666666667), (1, 2, 0.125, True, True)), ((98, 300, 0.32666666666666666), (1, 1, 0.25, True, True)), ((98, 300, 0.32666666666666666), (1, 2, 0.25, True, True)), ((146, 300, 0.4866666666666667), (1, 1, 0.5, True, True)), ((146, 300, 0.4866666666666667), (1, 2, 0.5, True, True))]


# error rates for different distance measures
# (error, size, error/size) and binary mask
BESTLP=(30, 300, 0.1)
LISTLP=[0, 0, 0, 0, 0, 0, 1, 0, 0, 0, 0, 0, 0, 0, 0, 0, 0, 0, 1, 0, 0, 0, 0, 0, 0, 0, 0, 0, 0, 0, 0, 0, 0, 0, 0, 0, 0, 0, 0, 0, 0, 1, 1, 0, 0, 0, 0, 0, 0, 0, 0, 0, 0, 0, 0, 0, 0, 0, 0, 0, 0, 0, 0, 0, 0, 0, 0, 0, 0, 1, 1, 1, 0, 0, 0, 0, 0, 1, 0, 0, 0, 0, 0, 0, 0, 0, 0, 0, 1, 1, 0, 0, 0, 0, 0, 0, 0, 0, 1, 0, 0, 0, 0, 0, 0, 0, 0, 0, 0, 0, 0, 1, 0, 0, 0, 0, 0, 0, 0, 0, 0, 0, 0, 0, 0, 0, 0, 0, 0, 1, 0, 0, 0, 0, 0, 0, 0, 0, 0, 0, 0, 0, 1, 0, 1, 1, 0, 0, 0, 0, 0, 0, 1, 0, 0, 1, 1, 1, 0, 0, 0, 0, 0, 0, 0, 0, 0, 0, 0, 0, 0, 0, 0, 0, 0, 0, 0, 0, 0, 0, 0, 0, 0, 1, 0, 0, 1, 0, 0, 1, 0, 0, 0, 0, 0, 0, 0, 0, 0, 0, 0, 0, 0, 0, 0, 0, 0, 0, 0, 0, 0, 0, 0, 0, 0, 0, 0, 0, 0, 0, 0, 0, 0, 0, 0, 0, 0, 0, 0, 0, 0, 0, 0, 0, 0, 0, 0, 0, 0, 0, 0, 0, 0, 0, 0, 0, 1, 1, 0, 0, 0, 0, 1, 0, 0, 0, 0, 0, 0, 0, 0, 0, 0, 0, 0, 0, 1, 0, 0, 1, 0, 0, 0, 0, 0, 0, 0, 0, 0, 0, 0, 0, 0, 0, 0, 0, 0, 0, 0, 0, 0, 0, 1, 0, 1, 0, 0, 0, 0, 0]

BESTFULLDTW=(2, 300, 0.006666666666666667)
LISTFULLDTW=[0, 0, 0, 0, 0, 0, 0, 0, 0, 0, 0, 0, 0, 0, 0, 0, 0, 0, 1, 0, 0, 0, 0, 0, 0, 0, 0, 0, 0, 0, 0, 0, 0, 0, 0, 0, 0, 0, 0, 0, 0, 0, 0, 0, 0, 0, 0, 0, 0, 0, 0, 0, 0, 0, 0, 0, 0, 0, 0, 0, 0, 0, 0, 0, 0, 0, 0, 0, 0, 0, 0, 0, 0, 0, 0, 0, 0, 0, 0, 0, 0, 0, 0, 0, 0, 0, 0, 0, 0, 0, 0, 0, 0, 0, 0, 0, 0, 0, 0, 0, 0, 0, 0, 0, 0, 0, 0, 0, 0, 0, 0, 0, 0, 0, 0, 0, 0, 0, 0, 0, 0, 0, 0, 0, 0, 0, 0, 0, 0, 0, 0, 0, 0, 0, 0, 0, 0, 0, 0, 0, 0, 0, 0, 0, 0, 0, 0, 0, 0, 0, 0, 0, 0, 0, 0, 0, 1, 0, 0, 0, 0, 0, 0, 0, 0, 0, 0, 0, 0, 0, 0, 0, 0, 0, 0, 0, 0, 0, 0, 0, 0, 0, 0, 0, 0, 0, 0, 0, 0, 0, 0, 0, 0, 0, 0, 0, 0, 0, 0, 0, 0, 0, 0, 0, 0, 0, 0, 0, 0, 0, 0, 0, 0, 0, 0, 0, 0, 0, 0, 0, 0, 0, 0, 0, 0, 0, 0, 0, 0, 0, 0, 0, 0, 0, 0, 0, 0, 0, 0, 0, 0, 0, 0, 0, 0, 0, 0, 0, 0, 0, 0, 0, 0, 0, 0, 0, 0, 0, 0, 0, 0, 0, 0, 0, 0, 0, 0, 0, 0, 0, 0, 0, 0, 0, 0, 0, 0, 0, 0, 0, 0, 0, 0, 0, 0, 0, 0, 0, 0, 0, 0, 0, 0, 0, 0, 0, 0, 0, 0, 0]

BESTCONSDTW=(2, 300, 0.006666666666666667)
LISTCONSDTW=[0, 0, 0, 0, 0, 0, 0, 0, 0, 0, 0, 0, 0, 0, 0, 0, 0, 0, 0, 0, 0, 0, 0, 0, 0, 0, 0, 0, 0, 0, 0, 0, 0, 0, 0, 0, 0, 0, 0, 0, 0, 0, 0, 0, 0, 0, 0, 0, 0, 0, 0, 0, 0, 0, 0, 0, 0, 0, 0, 0, 0, 0, 0, 0, 0, 0, 0, 0, 0, 0, 0, 0, 0, 0, 0, 0, 0, 0, 0, 0, 0, 0, 0, 0, 0, 0, 0, 0, 0, 0, 0, 0, 0, 0, 0, 0, 0, 0, 0, 0, 0, 0, 0, 0, 0, 0, 0, 0, 0, 0, 0, 0, 0, 0, 0, 0, 0, 0, 0, 0, 0, 0, 0, 0, 0, 0, 0, 0, 0, 0, 0, 0, 0, 0, 0, 0, 0, 0, 0, 0, 0, 0, 0, 0, 0, 0, 0, 0, 0, 0, 0, 0, 0, 0, 0, 0, 0, 0, 0, 0, 0, 0, 0, 0, 0, 0, 0, 0, 0, 0, 0, 0, 0, 0, 0, 0, 0, 0, 0, 0, 0, 0, 0, 0, 0, 0, 0, 0, 0, 0, 0, 0, 0, 0, 0, 0, 0, 0, 0, 0, 0, 0, 0, 0, 0, 0, 0, 0, 0, 0, 0, 0, 0, 0, 0, 0, 0, 0, 0, 0, 0, 0, 0, 0, 0, 0, 0, 0, 0, 0, 0, 0, 0, 0, 0, 0, 0, 0, 0, 0, 0, 0, 0, 0, 0, 1, 0, 0, 0, 0, 0, 0, 0, 0, 0, 0, 0, 0, 0, 0, 0, 0, 0, 0, 0, 0, 0, 0, 0, 0, 0, 0, 0, 0, 0, 0, 0, 0, 0, 0, 0, 0, 0, 0, 0, 0, 0, 0, 0, 0, 0, 0, 0, 0, 1, 0, 0, 0, 0, 0]

BESTGEM=(9, 300, 0.03)
LISTGEM=[0, 0, 0, 0, 0, 0, 0, 0, 0, 0, 0, 0, 0, 0, 0, 0, 0, 0, 0, 0, 0, 0, 0, 0, 0, 0, 0, 0, 0, 0, 0, 0, 0, 0, 0, 0, 1, 0, 0, 1, 0, 0, 0, 0, 0, 0, 0, 0, 0, 0, 0, 0, 0, 0, 0, 0, 0, 0, 0, 0, 0, 0, 0, 0, 0, 0, 0, 0, 0, 0, 0, 1, 0, 0, 0, 0, 0, 0, 0, 0, 0, 0, 0, 0, 0, 0, 0, 0, 0, 0, 0, 0, 0, 0, 0, 0, 0, 0, 0, 0, 0, 0, 0, 0, 0, 0, 0, 0, 0, 0, 0, 0, 0, 0, 0, 0, 0, 0, 0, 0, 0, 0, 0, 0, 0, 0, 0, 0, 0, 0, 0, 0, 0, 0, 0, 0, 0, 0, 0, 0, 0, 0, 0, 0, 0, 0, 0, 0, 0, 0, 0, 0, 0, 0, 0, 0, 1, 1, 0, 0, 0, 0, 0, 0, 0, 0, 0, 0, 0, 0, 0, 0, 0, 0, 0, 0, 0, 0, 0, 0, 0, 0, 0, 0, 0, 0, 0, 0, 0, 0, 0, 0, 0, 0, 0, 0, 0, 0, 0, 0, 0, 0, 0, 0, 0, 0, 0, 0, 0, 0, 0, 0, 0, 0, 0, 0, 0, 0, 0, 0, 0, 0, 0, 0, 0, 0, 0, 0, 0, 0, 0, 0, 0, 0, 0, 0, 0, 0, 0, 0, 0, 0, 0, 0, 0, 1, 0, 1, 0, 0, 0, 0, 1, 0, 0, 0, 0, 0, 0, 0, 0, 0, 0, 0, 0, 0, 0, 0, 0, 0, 0, 0, 0, 0, 0, 0, 0, 0, 0, 0, 0, 1, 0, 0, 0, 0, 0, 0, 0, 0, 0, 0, 0, 0, 0, 0, 0, 0, 0, 0]

