# shuffled stratified split (indices referring to UCR database)
TESTINDEX=[ 91  16  54   9  69  51  56  58 109  83  29  80  48 105  75  28   0  71
  34 113  93  19  26  13  74  25  60   3  61  45  42  27  84  30 119  32
 118  15  55  33 107  92 101  49  14  44  99  88 104  59  94  53  81   2
  66  79  38 102 115  89]
TRAININDEX=[ 78 106  36  87   8  65 100  31  23  39  70 108  63  96  20   1  24  57
  22 103  64  40  41  95  77   6  62   4  12  68  67  18  47  46   7  73
   5  43 110 114  85  72  90  35  17  76  82 117  11  52  86  98 112  50
  97 116 111  37  10  21]

# learned parameters for cdtw and gem
# dtw ((error, size, error/size), (window, sqr))
# gem ((error, size, error/size), (St0, St1, E, sym, sqr))
BESTLEARNCONSDTW=((15, 60, 0.25), (0.050000000000000003, True))
LISTLEARNCONSDTW=[((15, 60, 0.25), (0.029999999999999999, True)), ((15, 60, 0.25), (0.040000000000000001, True)), ((15, 60, 0.25), (0.050000000000000003, True)), ((15, 60, 0.25), (0.059999999999999998, True)), ((16, 60, 0.26666666666666666), (0.070000000000000007, True)), ((17, 60, 0.28333333333333333), (0.0, True)), ((18, 60, 0.29999999999999999), (0.01, True)), ((18, 60, 0.29999999999999999), (0.02, True)), ((18, 60, 0.29999999999999999), (0.080000000000000002, True)), ((18, 60, 0.29999999999999999), (0.10000000000000001, True)), ((18, 60, 0.29999999999999999), (0.11, True)), ((18, 60, 0.29999999999999999), (0.12, True)), ((18, 60, 0.29999999999999999), (0.13, True)), ((18, 60, 0.29999999999999999), (0.14000000000000001, True)), ((18, 60, 0.29999999999999999), (0.14999999999999999, True)), ((18, 60, 0.29999999999999999), (0.16, True)), ((18, 60, 0.29999999999999999), (0.17000000000000001, True)), ((18, 60, 0.29999999999999999), (0.17999999999999999, True)), ((18, 60, 0.29999999999999999), (0.19, True)), ((18, 60, 0.29999999999999999), (0.20000000000000001, True)), ((19, 60, 0.31666666666666665), (0.089999999999999997, True))]

BESTLEARNGEM=((10, 60, 0.16666666666666666), (2, 1, 0.03125, True, True))
LISTLEARNGEM=[((10, 60, 0.16666666666666666), (2, 1, 0.015625, True, True)), ((10, 60, 0.16666666666666666), (2, 1, 0.03125, True, True)), ((12, 60, 0.20000000000000001), (2, 1, 0.0078125, True, True)), ((12, 60, 0.20000000000000001), (2, 1, 0.0625, True, True)), ((13, 60, 0.21666666666666667), (2, 1, 0.00390625, True, True)), ((14, 60, 0.23333333333333334), (2, 1, 0, True, True)), ((14, 60, 0.23333333333333334), (2, 1, 0.125, True, True)), ((15, 60, 0.25), (2, 1, 0.25, True, True)), ((16, 60, 0.26666666666666666), (1, 1, 0.00390625, True, True)), ((16, 60, 0.26666666666666666), (1, 1, 0.03125, True, True)), ((16, 60, 0.26666666666666666), (1, 2, 0.00390625, True, True)), ((16, 60, 0.26666666666666666), (1, 2, 0.03125, True, True)), ((16, 60, 0.26666666666666666), (2, 1, 0.5, True, True)), ((16, 60, 0.26666666666666666), (2, 2, 0.125, True, True)), ((17, 60, 0.28333333333333333), (2, 2, 0.015625, True, True)), ((17, 60, 0.28333333333333333), (2, 2, 0.03125, True, True)), ((17, 60, 0.28333333333333333), (2, 2, 0.0625, True, True)), ((17, 60, 0.28333333333333333), (2, 2, 0.25, True, True)), ((18, 60, 0.29999999999999999), (1, 1, 0, True, True)), ((18, 60, 0.29999999999999999), (1, 1, 0.0625, True, True)), ((18, 60, 0.29999999999999999), (1, 2, 0, True, True)), ((18, 60, 0.29999999999999999), (1, 2, 0.0625, True, True)), ((18, 60, 0.29999999999999999), (2, 2, 0.00390625, True, True)), ((18, 60, 0.29999999999999999), (2, 2, 0.5, True, True)), ((19, 60, 0.31666666666666665), (1, 1, 0.0078125, True, True)), ((19, 60, 0.31666666666666665), (1, 1, 0.015625, True, True)), ((19, 60, 0.31666666666666665), (1, 1, 0.25, True, True)), ((19, 60, 0.31666666666666665), (1, 2, 0.0078125, True, True)), ((19, 60, 0.31666666666666665), (1, 2, 0.015625, True, True)), ((19, 60, 0.31666666666666665), (1, 2, 0.25, True, True)), ((19, 60, 0.31666666666666665), (2, 2, 0, True, True)), ((19, 60, 0.31666666666666665), (2, 2, 0.0078125, True, True)), ((20, 60, 0.33333333333333331), (1, 1, 0.125, True, True)), ((20, 60, 0.33333333333333331), (1, 2, 0.125, True, True)), ((25, 60, 0.41666666666666669), (1, 1, 0.5, True, True)), ((25, 60, 0.41666666666666669), (1, 2, 0.5, True, True))]


# error rates for different distance measures
# (error, size, error/size) and binary mask
BESTLP=(12, 60, 0.20000000000000001)
LISTLP=[0, 0, 0, 1, 0, 0, 0, 1, 0, 0, 0, 0, 0, 0, 0, 0, 0, 0, 0, 1, 0, 0, 0, 0, 0, 0, 0, 0, 0, 0, 0, 0, 1, 1, 0, 0, 1, 0, 0, 0, 1, 0, 1, 0, 0, 0, 0, 0, 1, 1, 0, 0, 1, 0, 0, 0, 0, 1, 0, 0]

BESTFULLDTW=(15, 60, 0.25)
LISTFULLDTW=[0, 0, 0, 1, 1, 0, 0, 0, 0, 1, 0, 0, 1, 0, 0, 0, 0, 0, 0, 1, 1, 0, 0, 1, 0, 0, 0, 0, 0, 1, 0, 0, 0, 1, 1, 0, 1, 0, 0, 0, 1, 0, 0, 0, 0, 1, 0, 0, 0, 0, 0, 0, 0, 0, 0, 0, 1, 1, 0, 0]

BESTCONSDTW=(13, 60, 0.21666666666666667)
LISTCONSDTW=[0, 0, 0, 1, 1, 0, 0, 0, 0, 1, 0, 0, 0, 0, 0, 0, 0, 0, 0, 1, 1, 0, 0, 1, 0, 0, 0, 0, 0, 1, 0, 0, 0, 1, 1, 0, 1, 0, 0, 1, 0, 0, 0, 0, 0, 1, 0, 0, 0, 0, 0, 0, 0, 0, 0, 0, 0, 0, 0, 1]

BESTGEM=(10, 60, 0.16666666666666666)
LISTGEM=[0, 0, 0, 1, 1, 0, 0, 0, 0, 0, 0, 0, 0, 0, 0, 0, 1, 0, 1, 1, 1, 0, 0, 0, 0, 0, 0, 0, 0, 0, 0, 0, 0, 1, 0, 0, 0, 0, 0, 0, 0, 0, 0, 0, 1, 0, 0, 0, 0, 1, 0, 0, 0, 0, 0, 0, 0, 0, 0, 1]

