# shuffled stratified split (indices referring to UCR database)
TESTINDEX=[ 63  56 117  19 101  76  29  26  85 104  75  12  40  80  27  55  32  52
  90 118  54  66  37   0  30 119 112  65  83   9  61  64  51  79  73  20
   7  35  95  16  87  28  71  34  53  38  84  78 111  88  33 113  47  62
   5  45  21  25  46  58]
TRAININDEX=[116 106  94  92  82  49  36  97  23  13  59  91 114  70  14   1 107  31
  57  50   8  98  93  77 102 103  42  17 109  60  48 108 100  24 110  89
  39  41  44  22  86  43  11  67   2 115  72   6  96   3  99  18  74  15
  68  81  69  10   4 105]

# learned parameters for cdtw and gem
# dtw ((error, size, error/size), (window, sqr))
# gem ((error, size, error/size), (St0, St1, E, sym, sqr))
BESTLEARNCONSDTW=((14, 60, 0.23333333333333334), (0.029999999999999999, True))
LISTLEARNCONSDTW=[((14, 60, 0.23333333333333334), (0.029999999999999999, True)), ((16, 60, 0.26666666666666666), (0.01, True)), ((16, 60, 0.26666666666666666), (0.02, True)), ((16, 60, 0.26666666666666666), (0.040000000000000001, True)), ((17, 60, 0.28333333333333333), (0.0, True)), ((19, 60, 0.31666666666666665), (0.050000000000000003, True)), ((20, 60, 0.33333333333333331), (0.059999999999999998, True)), ((21, 60, 0.34999999999999998), (0.070000000000000007, True)), ((23, 60, 0.38333333333333336), (0.080000000000000002, True)), ((23, 60, 0.38333333333333336), (0.089999999999999997, True)), ((23, 60, 0.38333333333333336), (0.10000000000000001, True)), ((24, 60, 0.40000000000000002), (0.11, True)), ((24, 60, 0.40000000000000002), (0.12, True)), ((24, 60, 0.40000000000000002), (0.13, True)), ((24, 60, 0.40000000000000002), (0.14000000000000001, True)), ((24, 60, 0.40000000000000002), (0.14999999999999999, True)), ((24, 60, 0.40000000000000002), (0.16, True)), ((24, 60, 0.40000000000000002), (0.17000000000000001, True)), ((24, 60, 0.40000000000000002), (0.17999999999999999, True)), ((24, 60, 0.40000000000000002), (0.19, True)), ((24, 60, 0.40000000000000002), (0.20000000000000001, True))]

BESTLEARNGEM=((8, 60, 0.13333333333333333), (2, 1, 0.25, True, True))
LISTLEARNGEM=[((8, 60, 0.13333333333333333), (2, 1, 0.25, True, True)), ((11, 60, 0.18333333333333332), (2, 1, 0.125, True, True)), ((12, 60, 0.20000000000000001), (2, 1, 0.03125, True, True)), ((12, 60, 0.20000000000000001), (2, 1, 0.0625, True, True)), ((13, 60, 0.21666666666666667), (2, 1, 0, True, True)), ((13, 60, 0.21666666666666667), (2, 1, 0.015625, True, True)), ((13, 60, 0.21666666666666667), (2, 2, 0.0078125, True, True)), ((13, 60, 0.21666666666666667), (2, 2, 0.25, True, True)), ((14, 60, 0.23333333333333334), (2, 1, 0.00390625, True, True)), ((14, 60, 0.23333333333333334), (2, 1, 0.0078125, True, True)), ((14, 60, 0.23333333333333334), (2, 1, 0.5, True, True)), ((15, 60, 0.25), (2, 2, 0, True, True)), ((15, 60, 0.25), (2, 2, 0.00390625, True, True)), ((15, 60, 0.25), (2, 2, 0.015625, True, True)), ((16, 60, 0.26666666666666666), (2, 2, 0.03125, True, True)), ((16, 60, 0.26666666666666666), (2, 2, 0.0625, True, True)), ((17, 60, 0.28333333333333333), (1, 1, 0.0078125, True, True)), ((17, 60, 0.28333333333333333), (1, 1, 0.0625, True, True)), ((17, 60, 0.28333333333333333), (1, 1, 0.125, True, True)), ((17, 60, 0.28333333333333333), (1, 2, 0.0078125, True, True)), ((17, 60, 0.28333333333333333), (1, 2, 0.0625, True, True)), ((17, 60, 0.28333333333333333), (1, 2, 0.125, True, True)), ((17, 60, 0.28333333333333333), (2, 2, 0.125, True, True)), ((17, 60, 0.28333333333333333), (2, 2, 0.5, True, True)), ((18, 60, 0.29999999999999999), (1, 1, 0.00390625, True, True)), ((18, 60, 0.29999999999999999), (1, 1, 0.015625, True, True)), ((18, 60, 0.29999999999999999), (1, 1, 0.03125, True, True)), ((18, 60, 0.29999999999999999), (1, 2, 0.00390625, True, True)), ((18, 60, 0.29999999999999999), (1, 2, 0.015625, True, True)), ((18, 60, 0.29999999999999999), (1, 2, 0.03125, True, True)), ((19, 60, 0.31666666666666665), (1, 1, 0, True, True)), ((19, 60, 0.31666666666666665), (1, 2, 0, True, True)), ((21, 60, 0.34999999999999998), (1, 1, 0.25, True, True)), ((21, 60, 0.34999999999999998), (1, 2, 0.25, True, True)), ((24, 60, 0.40000000000000002), (1, 1, 0.5, True, True)), ((24, 60, 0.40000000000000002), (1, 2, 0.5, True, True))]


# error rates for different distance measures
# (error, size, error/size) and binary mask
BESTLP=(15, 60, 0.25)
LISTLP=[0, 0, 0, 0, 0, 0, 0, 0, 1, 1, 0, 1, 0, 0, 0, 0, 0, 0, 0, 1, 0, 0, 0, 0, 1, 0, 0, 1, 0, 1, 0, 0, 0, 1, 1, 0, 0, 1, 0, 0, 0, 0, 0, 0, 0, 1, 1, 1, 0, 0, 0, 1, 0, 0, 0, 0, 0, 0, 0, 1]

BESTFULLDTW=(16, 60, 0.26666666666666666)
LISTFULLDTW=[0, 0, 0, 0, 0, 0, 0, 0, 1, 0, 0, 0, 0, 0, 1, 0, 0, 0, 1, 1, 0, 1, 0, 0, 1, 1, 0, 0, 0, 1, 0, 0, 0, 0, 0, 0, 0, 1, 1, 0, 0, 0, 0, 0, 0, 1, 1, 1, 0, 0, 0, 1, 0, 0, 0, 1, 0, 0, 1, 0]

BESTCONSDTW=(13, 60, 0.21666666666666667)
LISTCONSDTW=[1, 0, 1, 0, 0, 0, 0, 0, 1, 0, 0, 0, 0, 0, 0, 0, 0, 0, 0, 1, 0, 1, 0, 0, 1, 1, 0, 0, 0, 1, 0, 0, 0, 0, 0, 0, 0, 1, 0, 0, 0, 0, 0, 0, 0, 1, 1, 0, 0, 0, 0, 1, 0, 0, 0, 1, 0, 0, 0, 0]

BESTGEM=(12, 60, 0.20000000000000001)
LISTGEM=[0, 0, 1, 0, 0, 0, 0, 0, 0, 0, 0, 1, 0, 0, 0, 0, 0, 0, 0, 1, 0, 0, 0, 1, 1, 0, 0, 1, 0, 1, 0, 0, 0, 0, 0, 0, 1, 1, 0, 0, 0, 0, 0, 1, 0, 0, 0, 1, 0, 0, 0, 1, 0, 0, 0, 0, 0, 0, 0, 0]

