# shuffled stratified split (indices referring to UCR database)
TESTINDEX=[ 67   7 181 203  41   1  39 103 199  98 126  38  78 127  40 209 178  86
 196  68 157  10 112 159 185  26  20 189  89 119  28 120 106 192 170 131
 111 100 182  77  53 110 180 153 147  95  58 130  24 125   5  87 167  54
  91   4 201  34  33 164  16 135 168 136 174 101 141  94  63 116  73  69
   0  57 146 198  97 175  18   2  84 150 144  46  42 183  44 124 187 152
 151 166 172 143 205 179 156  12 121  51 171  25 123  65 158]
TRAININDEX=[186 160 109 173 138  19 145  85 108 115 117 132 195 162  43 207  62 129
 194  74  55  96  80 105 134 176 197 161  71 200  50   8  81 165 122 208
  14 193  52  64  23  99  60 188  13 107  93  27  88 137   9  31  21 139
  29 206  49  45  82 102 140  75  48 118  90  22 190  83 128  72  92 202
 163  66 104 191   3 148 177  56  15  61  17  11  32  30 133 113 184 114
  70  35 204 149 154  79  59  76 155   6  36  37 142 169  47]

# learned parameters for cdtw and gem
# dtw ((error, size, error/size), (window, sqr))
# gem ((error, size, error/size), (St0, St1, E, sym, sqr))
BESTLEARNCONSDTW=((0, 105, 0.0), (0.12, True))
LISTLEARNCONSDTW=[((0, 105, 0.0), (0.040000000000000001, True)), ((0, 105, 0.0), (0.050000000000000003, True)), ((0, 105, 0.0), (0.059999999999999998, True)), ((0, 105, 0.0), (0.070000000000000007, True)), ((0, 105, 0.0), (0.080000000000000002, True)), ((0, 105, 0.0), (0.089999999999999997, True)), ((0, 105, 0.0), (0.10000000000000001, True)), ((0, 105, 0.0), (0.11, True)), ((0, 105, 0.0), (0.12, True)), ((0, 105, 0.0), (0.13, True)), ((0, 105, 0.0), (0.14000000000000001, True)), ((0, 105, 0.0), (0.14999999999999999, True)), ((0, 105, 0.0), (0.16, True)), ((0, 105, 0.0), (0.17000000000000001, True)), ((0, 105, 0.0), (0.17999999999999999, True)), ((0, 105, 0.0), (0.19, True)), ((0, 105, 0.0), (0.20000000000000001, True)), ((1, 105, 0.009523809523809525), (0.02, True)), ((1, 105, 0.009523809523809525), (0.029999999999999999, True)), ((2, 105, 0.01904761904761905), (0.01, True)), ((4, 105, 0.0380952380952381), (0.0, True))]

BESTLEARNGEM=((0, 105, 0.0), (2, 2, 0.25, True, True))
LISTLEARNGEM=[((0, 105, 0.0), (2, 1, 0.125, True, True)), ((0, 105, 0.0), (2, 1, 0.25, True, True)), ((0, 105, 0.0), (2, 1, 0.5, True, True)), ((0, 105, 0.0), (2, 2, 0.25, True, True)), ((0, 105, 0.0), (2, 2, 0.5, True, True)), ((1, 105, 0.009523809523809525), (2, 1, 0.0078125, True, True)), ((1, 105, 0.009523809523809525), (2, 1, 0.015625, True, True)), ((1, 105, 0.009523809523809525), (2, 1, 0.03125, True, True)), ((1, 105, 0.009523809523809525), (2, 1, 0.0625, True, True)), ((1, 105, 0.009523809523809525), (2, 2, 0.00390625, True, True)), ((1, 105, 0.009523809523809525), (2, 2, 0.0078125, True, True)), ((1, 105, 0.009523809523809525), (2, 2, 0.015625, True, True)), ((1, 105, 0.009523809523809525), (2, 2, 0.03125, True, True)), ((1, 105, 0.009523809523809525), (2, 2, 0.0625, True, True)), ((1, 105, 0.009523809523809525), (2, 2, 0.125, True, True)), ((2, 105, 0.01904761904761905), (2, 1, 0, True, True)), ((2, 105, 0.01904761904761905), (2, 1, 0.00390625, True, True)), ((2, 105, 0.01904761904761905), (2, 2, 0, True, True)), ((3, 105, 0.02857142857142857), (1, 1, 0, True, True)), ((3, 105, 0.02857142857142857), (1, 2, 0, True, True)), ((4, 105, 0.0380952380952381), (1, 1, 0.00390625, True, True)), ((4, 105, 0.0380952380952381), (1, 1, 0.0078125, True, True)), ((4, 105, 0.0380952380952381), (1, 1, 0.015625, True, True)), ((4, 105, 0.0380952380952381), (1, 1, 0.03125, True, True)), ((4, 105, 0.0380952380952381), (1, 1, 0.25, True, True)), ((4, 105, 0.0380952380952381), (1, 1, 0.5, True, True)), ((4, 105, 0.0380952380952381), (1, 2, 0.00390625, True, True)), ((4, 105, 0.0380952380952381), (1, 2, 0.0078125, True, True)), ((4, 105, 0.0380952380952381), (1, 2, 0.015625, True, True)), ((4, 105, 0.0380952380952381), (1, 2, 0.03125, True, True)), ((4, 105, 0.0380952380952381), (1, 2, 0.25, True, True)), ((4, 105, 0.0380952380952381), (1, 2, 0.5, True, True)), ((5, 105, 0.047619047619047616), (1, 1, 0.0625, True, True)), ((5, 105, 0.047619047619047616), (1, 1, 0.125, True, True)), ((5, 105, 0.047619047619047616), (1, 2, 0.0625, True, True)), ((5, 105, 0.047619047619047616), (1, 2, 0.125, True, True))]


# error rates for different distance measures
# (error, size, error/size) and binary mask
BESTLP=(2, 105, 0.01904761904761905)
LISTLP=[0, 0, 0, 0, 0, 0, 0, 0, 0, 0, 0, 0, 0, 0, 0, 0, 0, 0, 0, 0, 0, 0, 0, 0, 0, 0, 0, 0, 0, 0, 0, 0, 0, 0, 0, 0, 0, 0, 0, 0, 0, 0, 0, 0, 0, 0, 0, 0, 0, 0, 0, 0, 0, 0, 0, 0, 1, 0, 0, 0, 0, 0, 0, 0, 0, 0, 0, 1, 0, 0, 0, 0, 0, 0, 0, 0, 0, 0, 0, 0, 0, 0, 0, 0, 0, 0, 0, 0, 0, 0, 0, 0, 0, 0, 0, 0, 0, 0, 0, 0, 0, 0, 0, 0, 0]

BESTFULLDTW=(0, 105, 0.0)
LISTFULLDTW=[0, 0, 0, 0, 0, 0, 0, 0, 0, 0, 0, 0, 0, 0, 0, 0, 0, 0, 0, 0, 0, 0, 0, 0, 0, 0, 0, 0, 0, 0, 0, 0, 0, 0, 0, 0, 0, 0, 0, 0, 0, 0, 0, 0, 0, 0, 0, 0, 0, 0, 0, 0, 0, 0, 0, 0, 0, 0, 0, 0, 0, 0, 0, 0, 0, 0, 0, 0, 0, 0, 0, 0, 0, 0, 0, 0, 0, 0, 0, 0, 0, 0, 0, 0, 0, 0, 0, 0, 0, 0, 0, 0, 0, 0, 0, 0, 0, 0, 0, 0, 0, 0, 0, 0, 0]

BESTCONSDTW=(0, 105, 0.0)
LISTCONSDTW=[0, 0, 0, 0, 0, 0, 0, 0, 0, 0, 0, 0, 0, 0, 0, 0, 0, 0, 0, 0, 0, 0, 0, 0, 0, 0, 0, 0, 0, 0, 0, 0, 0, 0, 0, 0, 0, 0, 0, 0, 0, 0, 0, 0, 0, 0, 0, 0, 0, 0, 0, 0, 0, 0, 0, 0, 0, 0, 0, 0, 0, 0, 0, 0, 0, 0, 0, 0, 0, 0, 0, 0, 0, 0, 0, 0, 0, 0, 0, 0, 0, 0, 0, 0, 0, 0, 0, 0, 0, 0, 0, 0, 0, 0, 0, 0, 0, 0, 0, 0, 0, 0, 0, 0, 0]

BESTGEM=(0, 105, 0.0)
LISTGEM=[0, 0, 0, 0, 0, 0, 0, 0, 0, 0, 0, 0, 0, 0, 0, 0, 0, 0, 0, 0, 0, 0, 0, 0, 0, 0, 0, 0, 0, 0, 0, 0, 0, 0, 0, 0, 0, 0, 0, 0, 0, 0, 0, 0, 0, 0, 0, 0, 0, 0, 0, 0, 0, 0, 0, 0, 0, 0, 0, 0, 0, 0, 0, 0, 0, 0, 0, 0, 0, 0, 0, 0, 0, 0, 0, 0, 0, 0, 0, 0, 0, 0, 0, 0, 0, 0, 0, 0, 0, 0, 0, 0, 0, 0, 0, 0, 0, 0, 0, 0, 0, 0, 0, 0, 0]

