# shuffled stratified split (indices referring to UCR database)
TESTINDEX=[53 52  3  8 38 25 23 11 36 18 27 55 20  6 41 45 14 49 34 43  5  9 39 51 12
 47 28 26 33]
TRAININDEX=[ 0  7 32  4  1 13 37 48 44 54 40 17 19 24 21 42 30  2 50 31 46 16 10 35 15
 22 29]

# learned parameters for cdtw and gem
# dtw ((error, size, error/size), (window, sqr))
# gem ((error, size, error/size), (St0, St1, E, sym, sqr))
BESTLEARNCONSDTW=((4, 27, 0.14814814814814814), (0.029999999999999999, True))
LISTLEARNCONSDTW=[((4, 27, 0.14814814814814814), (0.029999999999999999, True)), ((5, 27, 0.18518518518518517), (0.02, True)), ((5, 27, 0.18518518518518517), (0.040000000000000001, True)), ((6, 27, 0.2222222222222222), (0.0, True)), ((6, 27, 0.2222222222222222), (0.01, True)), ((6, 27, 0.2222222222222222), (0.050000000000000003, True)), ((6, 27, 0.2222222222222222), (0.059999999999999998, True)), ((6, 27, 0.2222222222222222), (0.070000000000000007, True)), ((6, 27, 0.2222222222222222), (0.080000000000000002, True)), ((6, 27, 0.2222222222222222), (0.089999999999999997, True)), ((6, 27, 0.2222222222222222), (0.10000000000000001, True)), ((6, 27, 0.2222222222222222), (0.11, True)), ((6, 27, 0.2222222222222222), (0.12, True)), ((6, 27, 0.2222222222222222), (0.13, True)), ((6, 27, 0.2222222222222222), (0.14000000000000001, True)), ((6, 27, 0.2222222222222222), (0.14999999999999999, True)), ((6, 27, 0.2222222222222222), (0.16, True)), ((6, 27, 0.2222222222222222), (0.17000000000000001, True)), ((6, 27, 0.2222222222222222), (0.17999999999999999, True)), ((6, 27, 0.2222222222222222), (0.19, True)), ((6, 27, 0.2222222222222222), (0.20000000000000001, True))]

BESTLEARNGEM=((0, 27, 0.0), (1, 1, 0.125, True, True))
LISTLEARNGEM=[((0, 27, 0.0), (1, 1, 0.125, True, True)), ((0, 27, 0.0), (1, 2, 0.125, True, True)), ((0, 27, 0.0), (2, 1, 0.03125, True, True)), ((0, 27, 0.0), (2, 1, 0.0625, True, True)), ((1, 27, 0.037037037037037035), (1, 1, 0.0625, True, True)), ((1, 27, 0.037037037037037035), (1, 1, 0.25, True, True)), ((1, 27, 0.037037037037037035), (1, 1, 0.5, True, True)), ((1, 27, 0.037037037037037035), (1, 2, 0.0625, True, True)), ((1, 27, 0.037037037037037035), (1, 2, 0.25, True, True)), ((1, 27, 0.037037037037037035), (1, 2, 0.5, True, True)), ((1, 27, 0.037037037037037035), (2, 1, 0.015625, True, True)), ((1, 27, 0.037037037037037035), (2, 1, 0.125, True, True)), ((1, 27, 0.037037037037037035), (2, 1, 0.25, True, True)), ((1, 27, 0.037037037037037035), (2, 1, 0.5, True, True)), ((2, 27, 0.07407407407407407), (1, 1, 0.03125, True, True)), ((2, 27, 0.07407407407407407), (1, 2, 0.03125, True, True)), ((2, 27, 0.07407407407407407), (2, 2, 0.25, True, True)), ((2, 27, 0.07407407407407407), (2, 2, 0.5, True, True)), ((3, 27, 0.1111111111111111), (2, 1, 0.0078125, True, True)), ((3, 27, 0.1111111111111111), (2, 2, 0.125, True, True)), ((4, 27, 0.14814814814814814), (1, 1, 0.0078125, True, True)), ((4, 27, 0.14814814814814814), (1, 1, 0.015625, True, True)), ((4, 27, 0.14814814814814814), (1, 2, 0.0078125, True, True)), ((4, 27, 0.14814814814814814), (1, 2, 0.015625, True, True)), ((4, 27, 0.14814814814814814), (2, 1, 0, True, True)), ((4, 27, 0.14814814814814814), (2, 1, 0.00390625, True, True)), ((4, 27, 0.14814814814814814), (2, 2, 0.0625, True, True)), ((5, 27, 0.18518518518518517), (2, 2, 0.015625, True, True)), ((6, 27, 0.2222222222222222), (1, 1, 0, True, True)), ((6, 27, 0.2222222222222222), (1, 1, 0.00390625, True, True)), ((6, 27, 0.2222222222222222), (1, 2, 0, True, True)), ((6, 27, 0.2222222222222222), (1, 2, 0.00390625, True, True)), ((6, 27, 0.2222222222222222), (2, 2, 0, True, True)), ((6, 27, 0.2222222222222222), (2, 2, 0.03125, True, True)), ((7, 27, 0.25925925925925924), (2, 2, 0.00390625, True, True)), ((7, 27, 0.25925925925925924), (2, 2, 0.0078125, True, True))]


# error rates for different distance measures
# (error, size, error/size) and binary mask
BESTLP=(2, 29, 0.06896551724137931)
LISTLP=[0, 0, 0, 0, 0, 0, 0, 0, 1, 0, 0, 0, 0, 0, 0, 0, 0, 0, 0, 0, 0, 0, 0, 0, 0, 0, 1, 0, 0]

BESTFULLDTW=(0, 29, 0.0)
LISTFULLDTW=[0, 0, 0, 0, 0, 0, 0, 0, 0, 0, 0, 0, 0, 0, 0, 0, 0, 0, 0, 0, 0, 0, 0, 0, 0, 0, 0, 0, 0]

BESTCONSDTW=(0, 29, 0.0)
LISTCONSDTW=[0, 0, 0, 0, 0, 0, 0, 0, 0, 0, 0, 0, 0, 0, 0, 0, 0, 0, 0, 0, 0, 0, 0, 0, 0, 0, 0, 0, 0]

BESTGEM=(1, 29, 0.034482758620689655)
LISTGEM=[0, 0, 0, 0, 0, 0, 0, 0, 0, 0, 0, 0, 0, 0, 0, 0, 0, 0, 0, 0, 0, 0, 0, 0, 0, 0, 0, 0, 1]

