# shuffled stratified split (indices referring to UCR database)
TESTINDEX=[ 8 54  3 26 32 39 46 35 52 27 20 13 22 55 14  5 29  9 12 42 48 21 40 15  7
 11 45 38 23]
TRAININDEX=[17 18 25  2 36 49 41 33  0 53 19  4 31 10 30  1 43 24 47 34 50 16 51  6 44
 37 28]

# learned parameters for cdtw and gem
# dtw ((error, size, error/size), (window, sqr))
# gem ((error, size, error/size), (St0, St1, E, sym, sqr))
BESTLEARNCONSDTW=((4, 27, 0.14814814814814814), (0.040000000000000001, True))
LISTLEARNCONSDTW=[((4, 27, 0.14814814814814814), (0.040000000000000001, True)), ((5, 27, 0.18518518518518517), (0.01, True)), ((5, 27, 0.18518518518518517), (0.029999999999999999, True)), ((5, 27, 0.18518518518518517), (0.050000000000000003, True)), ((5, 27, 0.18518518518518517), (0.059999999999999998, True)), ((6, 27, 0.2222222222222222), (0.02, True)), ((6, 27, 0.2222222222222222), (0.070000000000000007, True)), ((6, 27, 0.2222222222222222), (0.080000000000000002, True)), ((6, 27, 0.2222222222222222), (0.089999999999999997, True)), ((6, 27, 0.2222222222222222), (0.10000000000000001, True)), ((6, 27, 0.2222222222222222), (0.11, True)), ((6, 27, 0.2222222222222222), (0.12, True)), ((6, 27, 0.2222222222222222), (0.13, True)), ((6, 27, 0.2222222222222222), (0.14000000000000001, True)), ((6, 27, 0.2222222222222222), (0.14999999999999999, True)), ((6, 27, 0.2222222222222222), (0.16, True)), ((6, 27, 0.2222222222222222), (0.17000000000000001, True)), ((6, 27, 0.2222222222222222), (0.17999999999999999, True)), ((6, 27, 0.2222222222222222), (0.19, True)), ((6, 27, 0.2222222222222222), (0.20000000000000001, True)), ((7, 27, 0.25925925925925924), (0.0, True))]

BESTLEARNGEM=((0, 27, 0.0), (1, 1, 0.5, True, True))
LISTLEARNGEM=[((0, 27, 0.0), (1, 1, 0.25, True, True)), ((0, 27, 0.0), (1, 1, 0.5, True, True)), ((0, 27, 0.0), (1, 2, 0.25, True, True)), ((0, 27, 0.0), (1, 2, 0.5, True, True)), ((0, 27, 0.0), (2, 1, 0.25, True, True)), ((0, 27, 0.0), (2, 1, 0.5, True, True)), ((1, 27, 0.037037037037037035), (1, 1, 0.125, True, True)), ((1, 27, 0.037037037037037035), (1, 2, 0.125, True, True)), ((2, 27, 0.07407407407407407), (2, 1, 0.0625, True, True)), ((2, 27, 0.07407407407407407), (2, 1, 0.125, True, True)), ((3, 27, 0.1111111111111111), (1, 1, 0.03125, True, True)), ((3, 27, 0.1111111111111111), (1, 1, 0.0625, True, True)), ((3, 27, 0.1111111111111111), (1, 2, 0.03125, True, True)), ((3, 27, 0.1111111111111111), (1, 2, 0.0625, True, True)), ((3, 27, 0.1111111111111111), (2, 1, 0.03125, True, True)), ((3, 27, 0.1111111111111111), (2, 2, 0.0625, True, True)), ((3, 27, 0.1111111111111111), (2, 2, 0.125, True, True)), ((3, 27, 0.1111111111111111), (2, 2, 0.25, True, True)), ((3, 27, 0.1111111111111111), (2, 2, 0.5, True, True)), ((4, 27, 0.14814814814814814), (1, 1, 0.00390625, True, True)), ((4, 27, 0.14814814814814814), (1, 1, 0.015625, True, True)), ((4, 27, 0.14814814814814814), (1, 2, 0.00390625, True, True)), ((4, 27, 0.14814814814814814), (1, 2, 0.015625, True, True)), ((4, 27, 0.14814814814814814), (2, 1, 0.015625, True, True)), ((4, 27, 0.14814814814814814), (2, 2, 0.015625, True, True)), ((4, 27, 0.14814814814814814), (2, 2, 0.03125, True, True)), ((5, 27, 0.18518518518518517), (1, 1, 0.0078125, True, True)), ((5, 27, 0.18518518518518517), (1, 2, 0.0078125, True, True)), ((5, 27, 0.18518518518518517), (2, 1, 0.00390625, True, True)), ((5, 27, 0.18518518518518517), (2, 1, 0.0078125, True, True)), ((7, 27, 0.25925925925925924), (2, 1, 0, True, True)), ((8, 27, 0.2962962962962963), (1, 1, 0, True, True)), ((8, 27, 0.2962962962962963), (1, 2, 0, True, True)), ((8, 27, 0.2962962962962963), (2, 2, 0.00390625, True, True)), ((8, 27, 0.2962962962962963), (2, 2, 0.0078125, True, True)), ((9, 27, 0.3333333333333333), (2, 2, 0, True, True))]


# error rates for different distance measures
# (error, size, error/size) and binary mask
BESTLP=(5, 29, 0.1724137931034483)
LISTLP=[0, 0, 0, 0, 0, 0, 0, 0, 0, 0, 0, 0, 1, 0, 0, 0, 0, 0, 0, 1, 1, 1, 0, 0, 0, 0, 0, 0, 1]

BESTFULLDTW=(3, 29, 0.10344827586206896)
LISTFULLDTW=[0, 0, 0, 0, 0, 0, 0, 0, 0, 0, 0, 0, 1, 0, 0, 0, 0, 0, 0, 0, 0, 1, 0, 0, 0, 0, 0, 0, 1]

BESTCONSDTW=(3, 29, 0.10344827586206896)
LISTCONSDTW=[0, 0, 0, 0, 0, 0, 0, 0, 0, 0, 0, 0, 1, 0, 0, 0, 0, 0, 0, 0, 0, 1, 0, 0, 0, 0, 0, 0, 1]

BESTGEM=(0, 29, 0.0)
LISTGEM=[0, 0, 0, 0, 0, 0, 0, 0, 0, 0, 0, 0, 0, 0, 0, 0, 0, 0, 0, 0, 0, 0, 0, 0, 0, 0, 0, 0, 0]

