# shuffled stratified split (indices referring to UCR database)
TESTINDEX=[37 36 26 54  4 24 21 53  0 44 10 19 17  6 33 25 38 29 55  1  8 31 22  3 47
 45 34 16 13]
TRAININDEX=[14 51  9 11 32 20 15 42 28 23 43 46 30 40 27  2 41 52 48 18 50 35 49  7 12
 39  5]

# learned parameters for cdtw and gem
# dtw ((error, size, error/size), (window, sqr))
# gem ((error, size, error/size), (St0, St1, E, sym, sqr))
BESTLEARNCONSDTW=((2, 27, 0.07407407407407407), (0.02, True))
LISTLEARNCONSDTW=[((2, 27, 0.07407407407407407), (0.0, True)), ((2, 27, 0.07407407407407407), (0.02, True)), ((2, 27, 0.07407407407407407), (0.029999999999999999, True)), ((3, 27, 0.1111111111111111), (0.01, True)), ((4, 27, 0.14814814814814814), (0.040000000000000001, True)), ((5, 27, 0.18518518518518517), (0.050000000000000003, True)), ((5, 27, 0.18518518518518517), (0.059999999999999998, True)), ((5, 27, 0.18518518518518517), (0.070000000000000007, True)), ((5, 27, 0.18518518518518517), (0.080000000000000002, True)), ((5, 27, 0.18518518518518517), (0.089999999999999997, True)), ((5, 27, 0.18518518518518517), (0.10000000000000001, True)), ((5, 27, 0.18518518518518517), (0.11, True)), ((5, 27, 0.18518518518518517), (0.12, True)), ((5, 27, 0.18518518518518517), (0.13, True)), ((5, 27, 0.18518518518518517), (0.14000000000000001, True)), ((5, 27, 0.18518518518518517), (0.14999999999999999, True)), ((5, 27, 0.18518518518518517), (0.16, True)), ((5, 27, 0.18518518518518517), (0.17000000000000001, True)), ((5, 27, 0.18518518518518517), (0.17999999999999999, True)), ((5, 27, 0.18518518518518517), (0.19, True)), ((5, 27, 0.18518518518518517), (0.20000000000000001, True))]

BESTLEARNGEM=((0, 27, 0.0), (2, 1, 0.25, True, True))
LISTLEARNGEM=[((0, 27, 0.0), (1, 1, 0.125, True, True)), ((0, 27, 0.0), (1, 1, 0.25, True, True)), ((0, 27, 0.0), (1, 1, 0.5, True, True)), ((0, 27, 0.0), (1, 2, 0.125, True, True)), ((0, 27, 0.0), (1, 2, 0.25, True, True)), ((0, 27, 0.0), (1, 2, 0.5, True, True)), ((0, 27, 0.0), (2, 1, 0.125, True, True)), ((0, 27, 0.0), (2, 1, 0.25, True, True)), ((0, 27, 0.0), (2, 1, 0.5, True, True)), ((0, 27, 0.0), (2, 2, 0.25, True, True)), ((1, 27, 0.037037037037037035), (2, 1, 0.03125, True, True)), ((1, 27, 0.037037037037037035), (2, 1, 0.0625, True, True)), ((1, 27, 0.037037037037037035), (2, 2, 0.125, True, True)), ((2, 27, 0.07407407407407407), (2, 1, 0, True, True)), ((2, 27, 0.07407407407407407), (2, 1, 0.00390625, True, True)), ((2, 27, 0.07407407407407407), (2, 1, 0.0078125, True, True)), ((2, 27, 0.07407407407407407), (2, 1, 0.015625, True, True)), ((2, 27, 0.07407407407407407), (2, 2, 0.0625, True, True)), ((2, 27, 0.07407407407407407), (2, 2, 0.5, True, True)), ((3, 27, 0.1111111111111111), (1, 1, 0, True, True)), ((3, 27, 0.1111111111111111), (1, 1, 0.00390625, True, True)), ((3, 27, 0.1111111111111111), (1, 1, 0.0078125, True, True)), ((3, 27, 0.1111111111111111), (1, 1, 0.015625, True, True)), ((3, 27, 0.1111111111111111), (1, 1, 0.03125, True, True)), ((3, 27, 0.1111111111111111), (1, 1, 0.0625, True, True)), ((3, 27, 0.1111111111111111), (1, 2, 0, True, True)), ((3, 27, 0.1111111111111111), (1, 2, 0.00390625, True, True)), ((3, 27, 0.1111111111111111), (1, 2, 0.0078125, True, True)), ((3, 27, 0.1111111111111111), (1, 2, 0.015625, True, True)), ((3, 27, 0.1111111111111111), (1, 2, 0.03125, True, True)), ((3, 27, 0.1111111111111111), (1, 2, 0.0625, True, True)), ((3, 27, 0.1111111111111111), (2, 2, 0, True, True)), ((3, 27, 0.1111111111111111), (2, 2, 0.00390625, True, True)), ((3, 27, 0.1111111111111111), (2, 2, 0.0078125, True, True)), ((3, 27, 0.1111111111111111), (2, 2, 0.015625, True, True)), ((3, 27, 0.1111111111111111), (2, 2, 0.03125, True, True))]


# error rates for different distance measures
# (error, size, error/size) and binary mask
BESTLP=(3, 29, 0.10344827586206896)
LISTLP=[0, 0, 0, 0, 0, 1, 0, 1, 0, 0, 0, 0, 0, 0, 0, 0, 0, 0, 0, 0, 0, 0, 0, 0, 1, 0, 0, 0, 0]

BESTFULLDTW=(5, 29, 0.1724137931034483)
LISTFULLDTW=[0, 0, 0, 0, 0, 1, 0, 1, 1, 0, 0, 0, 0, 0, 0, 0, 0, 0, 0, 0, 0, 1, 0, 0, 1, 0, 0, 0, 0]

BESTCONSDTW=(4, 29, 0.13793103448275862)
LISTCONSDTW=[0, 0, 0, 0, 0, 1, 0, 1, 0, 0, 0, 0, 0, 0, 0, 0, 0, 1, 0, 0, 0, 0, 0, 0, 1, 0, 0, 0, 0]

BESTGEM=(1, 29, 0.034482758620689655)
LISTGEM=[0, 0, 0, 0, 0, 0, 0, 0, 1, 0, 0, 0, 0, 0, 0, 0, 0, 0, 0, 0, 0, 0, 0, 0, 0, 0, 0, 0, 0]

