# shuffled stratified split (indices referring to UCR database)
TESTINDEX=[50 37  2  3 45 21 33 47 54  0  7 29  1 14 35 27 26 20 32 31 44 42 16  4 18
 36 55 25  8]
TRAININDEX=[48  5 30 10 51 49 46 23 40 17  9 52 13 11  6 15 22 28 24 43 12 34 53 19 38
 39 41]

# learned parameters for cdtw and gem
# dtw ((error, size, error/size), (window, sqr))
# gem ((error, size, error/size), (St0, St1, E, sym, sqr))
BESTLEARNCONSDTW=((2, 27, 0.07407407407407407), (0.029999999999999999, True))
LISTLEARNCONSDTW=[((2, 27, 0.07407407407407407), (0.029999999999999999, True)), ((3, 27, 0.1111111111111111), (0.0, True)), ((3, 27, 0.1111111111111111), (0.02, True)), ((3, 27, 0.1111111111111111), (0.040000000000000001, True)), ((3, 27, 0.1111111111111111), (0.050000000000000003, True)), ((3, 27, 0.1111111111111111), (0.059999999999999998, True)), ((3, 27, 0.1111111111111111), (0.070000000000000007, True)), ((3, 27, 0.1111111111111111), (0.080000000000000002, True)), ((3, 27, 0.1111111111111111), (0.089999999999999997, True)), ((3, 27, 0.1111111111111111), (0.10000000000000001, True)), ((3, 27, 0.1111111111111111), (0.11, True)), ((3, 27, 0.1111111111111111), (0.12, True)), ((3, 27, 0.1111111111111111), (0.13, True)), ((3, 27, 0.1111111111111111), (0.14000000000000001, True)), ((3, 27, 0.1111111111111111), (0.14999999999999999, True)), ((3, 27, 0.1111111111111111), (0.16, True)), ((3, 27, 0.1111111111111111), (0.17000000000000001, True)), ((3, 27, 0.1111111111111111), (0.17999999999999999, True)), ((3, 27, 0.1111111111111111), (0.19, True)), ((3, 27, 0.1111111111111111), (0.20000000000000001, True)), ((4, 27, 0.14814814814814814), (0.01, True))]

BESTLEARNGEM=((0, 27, 0.0), (2, 1, 0.25, True, True))
LISTLEARNGEM=[((0, 27, 0.0), (1, 1, 0.25, True, True)), ((0, 27, 0.0), (1, 1, 0.5, True, True)), ((0, 27, 0.0), (1, 2, 0.25, True, True)), ((0, 27, 0.0), (1, 2, 0.5, True, True)), ((0, 27, 0.0), (2, 1, 0.125, True, True)), ((0, 27, 0.0), (2, 1, 0.25, True, True)), ((0, 27, 0.0), (2, 1, 0.5, True, True)), ((1, 27, 0.037037037037037035), (1, 1, 0.03125, True, True)), ((1, 27, 0.037037037037037035), (1, 1, 0.0625, True, True)), ((1, 27, 0.037037037037037035), (1, 1, 0.125, True, True)), ((1, 27, 0.037037037037037035), (1, 2, 0.03125, True, True)), ((1, 27, 0.037037037037037035), (1, 2, 0.0625, True, True)), ((1, 27, 0.037037037037037035), (1, 2, 0.125, True, True)), ((1, 27, 0.037037037037037035), (2, 1, 0.015625, True, True)), ((1, 27, 0.037037037037037035), (2, 1, 0.03125, True, True)), ((1, 27, 0.037037037037037035), (2, 1, 0.0625, True, True)), ((1, 27, 0.037037037037037035), (2, 2, 0.25, True, True)), ((2, 27, 0.07407407407407407), (1, 1, 0.0078125, True, True)), ((2, 27, 0.07407407407407407), (1, 1, 0.015625, True, True)), ((2, 27, 0.07407407407407407), (1, 2, 0.0078125, True, True)), ((2, 27, 0.07407407407407407), (1, 2, 0.015625, True, True)), ((2, 27, 0.07407407407407407), (2, 1, 0.00390625, True, True)), ((2, 27, 0.07407407407407407), (2, 1, 0.0078125, True, True)), ((2, 27, 0.07407407407407407), (2, 2, 0.0625, True, True)), ((2, 27, 0.07407407407407407), (2, 2, 0.125, True, True)), ((2, 27, 0.07407407407407407), (2, 2, 0.5, True, True)), ((3, 27, 0.1111111111111111), (1, 1, 0.00390625, True, True)), ((3, 27, 0.1111111111111111), (1, 2, 0.00390625, True, True)), ((3, 27, 0.1111111111111111), (2, 1, 0, True, True)), ((3, 27, 0.1111111111111111), (2, 2, 0.015625, True, True)), ((3, 27, 0.1111111111111111), (2, 2, 0.03125, True, True)), ((4, 27, 0.14814814814814814), (1, 1, 0, True, True)), ((4, 27, 0.14814814814814814), (1, 2, 0, True, True)), ((4, 27, 0.14814814814814814), (2, 2, 0.00390625, True, True)), ((4, 27, 0.14814814814814814), (2, 2, 0.0078125, True, True)), ((5, 27, 0.18518518518518517), (2, 2, 0, True, True))]


# error rates for different distance measures
# (error, size, error/size) and binary mask
BESTLP=(2, 29, 0.06896551724137931)
LISTLP=[0, 0, 0, 0, 0, 0, 0, 1, 0, 0, 0, 0, 0, 0, 0, 1, 0, 0, 0, 0, 0, 0, 0, 0, 0, 0, 0, 0, 0]

BESTFULLDTW=(2, 29, 0.06896551724137931)
LISTFULLDTW=[0, 0, 0, 0, 0, 0, 0, 1, 0, 0, 0, 0, 0, 0, 0, 0, 0, 0, 0, 1, 0, 0, 0, 0, 0, 0, 0, 0, 0]

BESTCONSDTW=(1, 29, 0.034482758620689655)
LISTCONSDTW=[0, 0, 0, 0, 0, 0, 0, 0, 0, 0, 0, 0, 0, 0, 0, 0, 0, 0, 0, 1, 0, 0, 0, 0, 0, 0, 0, 0, 0]

BESTGEM=(1, 29, 0.034482758620689655)
LISTGEM=[0, 0, 0, 0, 0, 0, 0, 0, 0, 1, 0, 0, 0, 0, 0, 0, 0, 0, 0, 0, 0, 0, 0, 0, 0, 0, 0, 0, 0]

