# shuffled stratified split (indices referring to UCR database)
TESTINDEX=[28 34 27 21 39 29 36 16 12 31  2 46 24 45 49  9  6 18 53  5 54 50 52 10 40
  1 17  4 47]
TRAININDEX=[11 51 32 48 19 14 42  3 41 43 44  8 20 23 35 33 15  7 37 22 25 30 26  0 55
 38 13]

# learned parameters for cdtw and gem
# dtw ((error, size, error/size), (window, sqr))
# gem ((error, size, error/size), (St0, St1, E, sym, sqr))
BESTLEARNCONSDTW=((4, 27, 0.14814814814814814), (0.029999999999999999, True))
LISTLEARNCONSDTW=[((4, 27, 0.14814814814814814), (0.029999999999999999, True)), ((5, 27, 0.18518518518518517), (0.02, True)), ((5, 27, 0.18518518518518517), (0.040000000000000001, True)), ((6, 27, 0.2222222222222222), (0.0, True)), ((6, 27, 0.2222222222222222), (0.01, True)), ((6, 27, 0.2222222222222222), (0.050000000000000003, True)), ((6, 27, 0.2222222222222222), (0.059999999999999998, True)), ((6, 27, 0.2222222222222222), (0.070000000000000007, True)), ((6, 27, 0.2222222222222222), (0.080000000000000002, True)), ((6, 27, 0.2222222222222222), (0.089999999999999997, True)), ((6, 27, 0.2222222222222222), (0.10000000000000001, True)), ((6, 27, 0.2222222222222222), (0.11, True)), ((6, 27, 0.2222222222222222), (0.12, True)), ((6, 27, 0.2222222222222222), (0.13, True)), ((6, 27, 0.2222222222222222), (0.14000000000000001, True)), ((6, 27, 0.2222222222222222), (0.14999999999999999, True)), ((6, 27, 0.2222222222222222), (0.16, True)), ((6, 27, 0.2222222222222222), (0.17000000000000001, True)), ((6, 27, 0.2222222222222222), (0.17999999999999999, True)), ((6, 27, 0.2222222222222222), (0.19, True)), ((6, 27, 0.2222222222222222), (0.20000000000000001, True))]

BESTLEARNGEM=((1, 27, 0.037037037037037035), (1, 2, 0.03125, True, True))
LISTLEARNGEM=[((1, 27, 0.037037037037037035), (1, 1, 0, True, True)), ((1, 27, 0.037037037037037035), (1, 1, 0.00390625, True, True)), ((1, 27, 0.037037037037037035), (1, 1, 0.0078125, True, True)), ((1, 27, 0.037037037037037035), (1, 1, 0.015625, True, True)), ((1, 27, 0.037037037037037035), (1, 1, 0.03125, True, True)), ((1, 27, 0.037037037037037035), (1, 1, 0.0625, True, True)), ((1, 27, 0.037037037037037035), (1, 1, 0.125, True, True)), ((1, 27, 0.037037037037037035), (1, 1, 0.25, True, True)), ((1, 27, 0.037037037037037035), (1, 1, 0.5, True, True)), ((1, 27, 0.037037037037037035), (1, 2, 0, True, True)), ((1, 27, 0.037037037037037035), (1, 2, 0.00390625, True, True)), ((1, 27, 0.037037037037037035), (1, 2, 0.0078125, True, True)), ((1, 27, 0.037037037037037035), (1, 2, 0.015625, True, True)), ((1, 27, 0.037037037037037035), (1, 2, 0.03125, True, True)), ((1, 27, 0.037037037037037035), (1, 2, 0.0625, True, True)), ((1, 27, 0.037037037037037035), (1, 2, 0.125, True, True)), ((1, 27, 0.037037037037037035), (1, 2, 0.25, True, True)), ((1, 27, 0.037037037037037035), (1, 2, 0.5, True, True)), ((1, 27, 0.037037037037037035), (2, 1, 0, True, True)), ((1, 27, 0.037037037037037035), (2, 1, 0.25, True, True)), ((1, 27, 0.037037037037037035), (2, 1, 0.5, True, True)), ((1, 27, 0.037037037037037035), (2, 2, 0.0078125, True, True)), ((1, 27, 0.037037037037037035), (2, 2, 0.015625, True, True)), ((1, 27, 0.037037037037037035), (2, 2, 0.0625, True, True)), ((2, 27, 0.07407407407407407), (2, 1, 0.00390625, True, True)), ((2, 27, 0.07407407407407407), (2, 1, 0.0078125, True, True)), ((2, 27, 0.07407407407407407), (2, 1, 0.015625, True, True)), ((2, 27, 0.07407407407407407), (2, 1, 0.03125, True, True)), ((2, 27, 0.07407407407407407), (2, 1, 0.0625, True, True)), ((2, 27, 0.07407407407407407), (2, 1, 0.125, True, True)), ((2, 27, 0.07407407407407407), (2, 2, 0, True, True)), ((2, 27, 0.07407407407407407), (2, 2, 0.00390625, True, True)), ((2, 27, 0.07407407407407407), (2, 2, 0.03125, True, True)), ((2, 27, 0.07407407407407407), (2, 2, 0.125, True, True)), ((2, 27, 0.07407407407407407), (2, 2, 0.25, True, True)), ((2, 27, 0.07407407407407407), (2, 2, 0.5, True, True))]


# error rates for different distance measures
# (error, size, error/size) and binary mask
BESTLP=(9, 29, 0.3103448275862069)
LISTLP=[1, 0, 0, 1, 0, 1, 1, 0, 0, 1, 1, 0, 1, 0, 0, 0, 1, 0, 1, 0, 0, 0, 0, 0, 0, 0, 0, 0, 0]

BESTFULLDTW=(8, 29, 0.27586206896551724)
LISTFULLDTW=[1, 0, 0, 1, 0, 0, 0, 0, 0, 1, 1, 0, 1, 0, 0, 0, 1, 0, 1, 0, 0, 0, 0, 0, 0, 0, 0, 0, 1]

BESTCONSDTW=(7, 29, 0.2413793103448276)
LISTCONSDTW=[1, 0, 0, 1, 0, 0, 0, 0, 0, 1, 1, 0, 1, 0, 0, 0, 1, 0, 1, 0, 0, 0, 0, 0, 0, 0, 0, 0, 0]

BESTGEM=(3, 29, 0.10344827586206896)
LISTGEM=[0, 0, 0, 1, 0, 0, 0, 0, 0, 0, 1, 0, 0, 0, 0, 0, 1, 0, 0, 0, 0, 0, 0, 0, 0, 0, 0, 0, 0]

