# shuffled stratified split (indices referring to UCR database)
TESTINDEX=[40 16 34 11 50 46 49 37  4 42  7 45 23 38 19 31  2  0  5 55  6 28 24 36 18
 22 10 47 27]
TRAININDEX=[13 33 12  1 43 32 39  9 17 14  8 29 52 51  3 26 48 53 25 30 20 15 44 21 54
 41 35]

# learned parameters for cdtw and gem
# dtw ((error, size, error/size), (window, sqr))
# gem ((error, size, error/size), (St0, St1, E, sym, sqr))
BESTLEARNCONSDTW=((4, 27, 0.14814814814814814), (0.02, True))
LISTLEARNCONSDTW=[((4, 27, 0.14814814814814814), (0.01, True)), ((4, 27, 0.14814814814814814), (0.02, True)), ((5, 27, 0.18518518518518517), (0.0, True)), ((5, 27, 0.18518518518518517), (0.029999999999999999, True)), ((5, 27, 0.18518518518518517), (0.040000000000000001, True)), ((5, 27, 0.18518518518518517), (0.050000000000000003, True)), ((5, 27, 0.18518518518518517), (0.059999999999999998, True)), ((5, 27, 0.18518518518518517), (0.070000000000000007, True)), ((5, 27, 0.18518518518518517), (0.080000000000000002, True)), ((5, 27, 0.18518518518518517), (0.089999999999999997, True)), ((5, 27, 0.18518518518518517), (0.10000000000000001, True)), ((5, 27, 0.18518518518518517), (0.11, True)), ((5, 27, 0.18518518518518517), (0.12, True)), ((5, 27, 0.18518518518518517), (0.13, True)), ((5, 27, 0.18518518518518517), (0.14000000000000001, True)), ((5, 27, 0.18518518518518517), (0.14999999999999999, True)), ((5, 27, 0.18518518518518517), (0.16, True)), ((5, 27, 0.18518518518518517), (0.17000000000000001, True)), ((5, 27, 0.18518518518518517), (0.17999999999999999, True)), ((5, 27, 0.18518518518518517), (0.19, True)), ((5, 27, 0.18518518518518517), (0.20000000000000001, True))]

BESTLEARNGEM=((0, 27, 0.0), (1, 2, 0.25, True, True))
LISTLEARNGEM=[((0, 27, 0.0), (1, 1, 0.25, True, True)), ((0, 27, 0.0), (1, 2, 0.25, True, True)), ((0, 27, 0.0), (2, 1, 0.25, True, True)), ((1, 27, 0.037037037037037035), (1, 1, 0.5, True, True)), ((1, 27, 0.037037037037037035), (1, 2, 0.5, True, True)), ((1, 27, 0.037037037037037035), (2, 1, 0.5, True, True)), ((2, 27, 0.07407407407407407), (1, 1, 0.125, True, True)), ((2, 27, 0.07407407407407407), (1, 2, 0.125, True, True)), ((2, 27, 0.07407407407407407), (2, 1, 0.03125, True, True)), ((2, 27, 0.07407407407407407), (2, 1, 0.125, True, True)), ((2, 27, 0.07407407407407407), (2, 2, 0.25, True, True)), ((3, 27, 0.1111111111111111), (1, 1, 0.03125, True, True)), ((3, 27, 0.1111111111111111), (1, 1, 0.0625, True, True)), ((3, 27, 0.1111111111111111), (1, 2, 0.03125, True, True)), ((3, 27, 0.1111111111111111), (1, 2, 0.0625, True, True)), ((3, 27, 0.1111111111111111), (2, 1, 0.015625, True, True)), ((3, 27, 0.1111111111111111), (2, 1, 0.0625, True, True)), ((3, 27, 0.1111111111111111), (2, 2, 0.5, True, True)), ((4, 27, 0.14814814814814814), (1, 1, 0.015625, True, True)), ((4, 27, 0.14814814814814814), (1, 2, 0.015625, True, True)), ((4, 27, 0.14814814814814814), (2, 1, 0.00390625, True, True)), ((4, 27, 0.14814814814814814), (2, 1, 0.0078125, True, True)), ((4, 27, 0.14814814814814814), (2, 2, 0.125, True, True)), ((5, 27, 0.18518518518518517), (1, 1, 0.0078125, True, True)), ((5, 27, 0.18518518518518517), (1, 2, 0.0078125, True, True)), ((5, 27, 0.18518518518518517), (2, 2, 0, True, True)), ((5, 27, 0.18518518518518517), (2, 2, 0.00390625, True, True)), ((5, 27, 0.18518518518518517), (2, 2, 0.0078125, True, True)), ((5, 27, 0.18518518518518517), (2, 2, 0.03125, True, True)), ((6, 27, 0.2222222222222222), (1, 1, 0.00390625, True, True)), ((6, 27, 0.2222222222222222), (1, 2, 0.00390625, True, True)), ((6, 27, 0.2222222222222222), (2, 1, 0, True, True)), ((6, 27, 0.2222222222222222), (2, 2, 0.015625, True, True)), ((6, 27, 0.2222222222222222), (2, 2, 0.0625, True, True)), ((7, 27, 0.25925925925925924), (1, 1, 0, True, True)), ((7, 27, 0.25925925925925924), (1, 2, 0, True, True))]


# error rates for different distance measures
# (error, size, error/size) and binary mask
BESTLP=(7, 29, 0.2413793103448276)
LISTLP=[0, 0, 0, 0, 0, 0, 0, 0, 0, 1, 0, 0, 0, 0, 0, 0, 1, 1, 0, 0, 1, 1, 0, 1, 0, 1, 0, 0, 0]

BESTFULLDTW=(7, 29, 0.2413793103448276)
LISTFULLDTW=[0, 0, 0, 0, 0, 0, 0, 0, 0, 1, 0, 0, 1, 0, 0, 0, 1, 1, 0, 0, 1, 1, 0, 0, 0, 1, 0, 0, 0]

BESTCONSDTW=(5, 29, 0.1724137931034483)
LISTCONSDTW=[0, 0, 0, 0, 0, 0, 0, 0, 0, 0, 0, 0, 0, 0, 0, 0, 1, 1, 0, 0, 1, 1, 0, 0, 0, 1, 0, 0, 0]

BESTGEM=(0, 29, 0.0)
LISTGEM=[0, 0, 0, 0, 0, 0, 0, 0, 0, 0, 0, 0, 0, 0, 0, 0, 0, 0, 0, 0, 0, 0, 0, 0, 0, 0, 0, 0, 0]

