# shuffled stratified split (indices referring to UCR database)
TESTINDEX=[162 236 143 135 734 432 625 611 680 121 669  34 171 224 666 398 725 765
 375 463 739 476 166 540 268 299 142 336 118 262   5 597  57  23  29 196
 509 519  60 708 184  38 293 573 284 369  33  63 716  93 259 133  54 637
  77   2 261 370 521 687 243  17 273 572 308 300  31 586 352 426 502 250
  67 660 314 189 172 649 697 695 360 161 203 632  86 501 738 457 148 681
 285 215 517 467 179  11 349 638 674 446   4 500 623 537 244 752 442 465
 363 205 759 711 608 677 201 574 382 581  37 654 541 753 665 267 682 335
 295 423 381  59 565 529   0 507 694 443 717 445 642 292 498 120 670 505
 328 627 128 280 552  27 538 122 106 180 447 718 266 490 773  24 657 353
  98 101 199 229 163 470  47 620 373 319 394 770  15 217 689 740 429 706
 767 247 220 164 531 549 520 305 503 534  82  94 134 496 497 204 480 626
  78 570 410 643  28 104 103 366 393 587 439 146 714 742 433 435 158 723
 219 350 761 673 559 444  73 137 756 458 487 629 686 156 591 610 289 153
 136 416 232 621 762 589 129 264 633 494 558 563 376 655 619 489 178 252
 343 387 644 748 430  48 640 323 105 374  89  39 368 278 362 409 182 397
 412 138 414 436 227 528 198 275 646 545 185 316 113   9 594 126 124  13
 431 562  58 546 685  79 592 566 413 764 684 486 187 322 460 379 648 130
 575 598 100 165 747 469  19 652 712 206 542 472 150 330 548 659 636  72
   1 386  85 192 177  96 707 288 671 306 567 744 357 454 749 709 577 226
 609 291 553 728 535 145 600 132 304 108 213 616 518  42   6  35 256 283
 425 346 258 456 311 523 615  65 622 333 603 710 588 274 351 441 281 271
 692 662 530 576 464 650]
TRAININDEX=[536 418  71 450 580 579 647  52 760 607 377 127 400 461 191 451  32 434
 630 303 715 245 326 221 389 344 462 310 590 340 160 473 421 683 297 703
 453 385  70 401 604 233 411  95  64 525  14 624 479 249 315 149 396  97
 437 277 354 359  20   7   3  16 735 338 309 583 701 606  41 617 719 618
  12 131 358 569  56 722 195 115 112  91 560 720  25 485 325 140 713 699
 482 254 582 584 407 307 508 364 539 251 186  68 155 512 294 246 698 736
 613 737 452 628 668 116   8 265 367 356 269  22  55 510 388  75 641 741
 347 484  83 168 506  36 111 422 492 125 270 167 667 181 119 225 419 774
 170 516 634 696 679 675 599 238 169 766 334  81 504 248 455 348 466 602
 459 700 117 102  92 726 175 109 223 514 202 656 495 176 139 207 754 228
 279 440 533 420 157 488 154 746 241 211 147 664 478 543 404 298 188 152
 159 110 658 331 757 144 253 755 691 733  88 301 731 417 324  10 290 282
 242 678 390  74 210 555  69 391 614 663 408 327 255 693 399 593 372 312
 239  44 318  45  90 448  40 729  84 141 499 645 214 345 235 704 208 209
 676 491 424 406 427 317 493 568  62 612 428 578  51 449 690 296 313 321
 107 513 384 230 218 751 361 477 342 672 601 524 631 415 595 550 395 257
 585 380 527 260 544 511 705  46 200 438 329 234 743 286 123 721 263 403
 212 483 174 272 287 231 320 732  61 571 302 635 383 197 522 355  99 526
 216 193 183 378 532  76  53 237  50  21 605 392 515 194  30 481 653 190
  87 332 371 564  80 337 240 551 724 561 468  43 276 727 471 114 557 688
 173 365 661 475  26 547 151 554 639 651 758 596  66 339 474  49 556  18
 222 402 405 730 341 702]

# learned parameters for cdtw and gem
# dtw ((error, size, error/size), (window, sqr))
# gem ((error, size, error/size), (St0, St1, E, sym, sqr))
BESTLEARNCONSDTW=((66, 384, 0.171875), (0.17999999999999999, True))
LISTLEARNCONSDTW=[((66, 384, 0.171875), (0.17000000000000001, True)), ((66, 384, 0.171875), (0.17999999999999999, True)), ((68, 384, 0.17708333333333334), (0.16, True)), ((69, 384, 0.1796875), (0.19, True)), ((70, 384, 0.18229166666666666), (0.20000000000000001, True)), ((72, 384, 0.1875), (0.14999999999999999, True)), ((73, 384, 0.19010416666666666), (0.14000000000000001, True)), ((74, 384, 0.19270833333333334), (0.089999999999999997, True)), ((74, 384, 0.19270833333333334), (0.10000000000000001, True)), ((74, 384, 0.19270833333333334), (0.11, True)), ((74, 384, 0.19270833333333334), (0.12, True)), ((76, 384, 0.19791666666666666), (0.13, True)), ((77, 384, 0.20052083333333334), (0.070000000000000007, True)), ((77, 384, 0.20052083333333334), (0.080000000000000002, True)), ((78, 384, 0.203125), (0.059999999999999998, True)), ((84, 384, 0.21875), (0.050000000000000003, True)), ((86, 384, 0.22395833333333334), (0.040000000000000001, True)), ((97, 384, 0.25260416666666669), (0.029999999999999999, True)), ((106, 384, 0.27604166666666669), (0.02, True)), ((132, 384, 0.34375), (0.01, True)), ((174, 384, 0.453125), (0.0, True))]

BESTLEARNGEM=((82, 384, 0.21354166666666666), (2, 2, 0.03125, True, True))
LISTLEARNGEM=[((82, 384, 0.21354166666666666), (2, 2, 0.03125, True, True)), ((85, 384, 0.22135416666666666), (2, 2, 0.015625, True, True)), ((88, 384, 0.22916666666666666), (2, 2, 0.0625, True, True)), ((93, 384, 0.2421875), (2, 2, 0.0078125, True, True)), ((96, 384, 0.25), (2, 2, 0.00390625, True, True)), ((99, 384, 0.2578125), (2, 2, 0, True, True)), ((101, 384, 0.26302083333333331), (2, 2, 0.125, True, True)), ((124, 384, 0.32291666666666669), (2, 2, 0.25, True, True)), ((150, 384, 0.390625), (2, 1, 0.03125, True, True)), ((154, 384, 0.40104166666666669), (2, 1, 0.015625, True, True)), ((154, 384, 0.40104166666666669), (2, 1, 0.0625, True, True)), ((162, 384, 0.421875), (2, 2, 0.5, True, True)), ((166, 384, 0.43229166666666669), (2, 1, 0.0078125, True, True)), ((170, 384, 0.44270833333333331), (2, 1, 0.00390625, True, True)), ((184, 384, 0.47916666666666669), (1, 1, 0.00390625, True, True)), ((184, 384, 0.47916666666666669), (1, 2, 0.00390625, True, True)), ((184, 384, 0.47916666666666669), (2, 1, 0, True, True)), ((186, 384, 0.484375), (1, 1, 0.0078125, True, True)), ((186, 384, 0.484375), (1, 2, 0.0078125, True, True)), ((188, 384, 0.48958333333333331), (2, 1, 0.125, True, True)), ((193, 384, 0.50260416666666663), (1, 1, 0.015625, True, True)), ((193, 384, 0.50260416666666663), (1, 2, 0.015625, True, True)), ((194, 384, 0.50520833333333337), (1, 1, 0.03125, True, True)), ((194, 384, 0.50520833333333337), (1, 2, 0.03125, True, True)), ((196, 384, 0.51041666666666663), (1, 1, 0, True, True)), ((196, 384, 0.51041666666666663), (1, 2, 0, True, True)), ((205, 384, 0.53385416666666663), (1, 1, 0.0625, True, True)), ((205, 384, 0.53385416666666663), (1, 2, 0.0625, True, True)), ((221, 384, 0.57552083333333337), (1, 1, 0.125, True, True)), ((221, 384, 0.57552083333333337), (1, 2, 0.125, True, True)), ((222, 384, 0.578125), (2, 1, 0.25, True, True)), ((248, 384, 0.64583333333333337), (1, 1, 0.25, True, True)), ((248, 384, 0.64583333333333337), (1, 2, 0.25, True, True)), ((265, 384, 0.69010416666666663), (2, 1, 0.5, True, True)), ((272, 384, 0.70833333333333337), (1, 1, 0.5, True, True)), ((272, 384, 0.70833333333333337), (1, 2, 0.5, True, True))]


# error rates for different distance measures
# (error, size, error/size) and binary mask
BESTLP=(147, 384, 0.3828125)
LISTLP=[0, 1, 1, 1, 0, 0, 0, 0, 0, 0, 1, 1, 1, 0, 1, 1, 0, 0, 1, 0, 0, 0, 0, 0, 1, 1, 1, 1, 1, 0, 0, 0, 0, 1, 0, 1, 1, 0, 0, 0, 0, 0, 0, 1, 0, 1, 1, 1, 1, 0, 1, 1, 0, 1, 1, 0, 0, 0, 1, 0, 1, 0, 0, 1, 1, 0, 1, 0, 0, 1, 1, 0, 0, 0, 1, 1, 1, 0, 1, 0, 1, 0, 0, 0, 0, 0, 0, 1, 0, 0, 1, 1, 1, 1, 1, 0, 0, 1, 0, 1, 1, 1, 1, 0, 1, 1, 0, 1, 0, 0, 1, 0, 0, 1, 0, 0, 0, 0, 0, 0, 0, 1, 0, 0, 0, 1, 0, 0, 1, 0, 0, 1, 0, 1, 0, 0, 0, 0, 1, 0, 1, 0, 1, 0, 1, 0, 1, 0, 0, 0, 0, 0, 0, 1, 1, 1, 1, 0, 1, 0, 1, 0, 1, 1, 1, 0, 0, 1, 0, 0, 1, 1, 0, 1, 0, 1, 1, 0, 0, 0, 0, 1, 1, 0, 0, 1, 1, 1, 0, 1, 0, 0, 1, 0, 0, 0, 0, 0, 1, 1, 0, 0, 0, 1, 1, 0, 1, 0, 0, 0, 0, 0, 1, 0, 0, 1, 0, 0, 0, 0, 0, 0, 0, 0, 0, 1, 1, 0, 0, 0, 0, 0, 0, 1, 1, 1, 0, 1, 1, 0, 1, 1, 0, 0, 0, 0, 1, 1, 0, 0, 0, 1, 0, 0, 0, 1, 1, 0, 1, 0, 1, 0, 0, 1, 0, 0, 0, 0, 1, 1, 0, 1, 0, 1, 1, 0, 0, 0, 0, 1, 0, 0, 0, 1, 1, 0, 0, 1, 1, 1, 0, 0, 0, 0, 0, 0, 0, 0, 0, 1, 1, 1, 0, 0, 0, 0, 0, 1, 0, 0, 1, 0, 0, 0, 0, 0, 0, 0, 0, 1, 0, 0, 0, 0, 1, 0, 1, 0, 0, 0, 1, 0, 0, 1, 1, 0, 1, 0, 0, 0, 1, 1, 0, 0, 1, 0, 1, 0, 0, 0, 0, 0, 0, 0, 0, 0, 1, 0, 1, 0, 0, 0, 0, 0, 0, 1, 1, 0, 0, 0, 0, 0, 1, 1, 0, 0, 1, 0, 1, 1, 0, 1, 0, 0]

BESTFULLDTW=(74, 384, 0.19270833333333334)
LISTFULLDTW=[0, 1, 0, 0, 0, 0, 0, 0, 0, 0, 0, 0, 0, 0, 1, 1, 0, 0, 0, 0, 0, 0, 0, 0, 0, 1, 0, 0, 0, 0, 0, 0, 0, 0, 0, 0, 0, 0, 0, 0, 0, 0, 0, 0, 1, 1, 1, 1, 0, 0, 0, 0, 0, 0, 1, 0, 0, 0, 1, 0, 1, 0, 0, 0, 0, 0, 0, 0, 0, 0, 0, 0, 0, 0, 1, 0, 0, 0, 0, 1, 0, 0, 0, 0, 0, 0, 0, 1, 0, 0, 0, 0, 0, 0, 0, 0, 1, 0, 1, 0, 0, 1, 0, 0, 0, 0, 0, 1, 0, 0, 0, 0, 0, 0, 0, 0, 0, 0, 0, 0, 0, 0, 0, 0, 0, 0, 0, 0, 1, 0, 0, 1, 0, 0, 0, 0, 0, 0, 1, 0, 1, 0, 1, 0, 0, 0, 0, 0, 0, 0, 0, 0, 0, 1, 1, 0, 1, 0, 0, 0, 1, 0, 0, 0, 1, 0, 0, 0, 0, 1, 0, 0, 0, 1, 0, 0, 0, 1, 0, 0, 0, 1, 0, 0, 0, 0, 1, 1, 0, 0, 0, 0, 1, 0, 0, 0, 0, 0, 0, 0, 0, 0, 1, 0, 1, 0, 0, 1, 0, 0, 0, 0, 0, 0, 0, 0, 0, 0, 0, 0, 0, 0, 0, 0, 0, 0, 1, 0, 0, 0, 0, 0, 1, 0, 1, 0, 0, 0, 0, 0, 0, 1, 0, 0, 0, 0, 0, 0, 0, 0, 0, 0, 0, 1, 0, 1, 1, 0, 0, 0, 1, 0, 1, 1, 0, 0, 1, 0, 1, 0, 0, 1, 0, 1, 1, 0, 0, 1, 0, 1, 0, 0, 0, 1, 0, 0, 0, 0, 1, 0, 0, 0, 0, 1, 0, 0, 0, 0, 0, 0, 0, 0, 0, 0, 0, 0, 0, 0, 0, 0, 1, 0, 0, 0, 0, 0, 1, 0, 0, 0, 0, 0, 0, 0, 0, 0, 1, 0, 0, 0, 0, 0, 0, 0, 0, 0, 1, 0, 0, 0, 0, 0, 0, 0, 1, 0, 1, 0, 0, 0, 0, 0, 0, 0, 0, 1, 1, 0, 0, 0, 0, 0, 0, 0, 0, 0, 1, 0, 0, 0, 0, 1, 1, 1, 0, 1, 0, 0, 1, 1, 0, 0, 0, 1]

BESTCONSDTW=(71, 384, 0.18489583333333334)
LISTCONSDTW=[0, 1, 0, 0, 0, 0, 0, 0, 0, 0, 0, 0, 0, 0, 1, 1, 0, 0, 0, 0, 0, 0, 0, 0, 0, 1, 0, 0, 0, 0, 0, 0, 0, 0, 0, 0, 0, 0, 0, 0, 0, 0, 0, 0, 1, 1, 1, 1, 0, 0, 0, 0, 0, 0, 1, 0, 0, 0, 1, 0, 1, 0, 0, 0, 0, 0, 0, 0, 0, 0, 0, 0, 0, 0, 1, 0, 0, 0, 0, 0, 0, 0, 0, 0, 0, 0, 0, 1, 0, 0, 0, 0, 0, 0, 0, 0, 1, 0, 1, 0, 0, 1, 0, 0, 0, 0, 0, 1, 0, 0, 0, 0, 0, 0, 0, 0, 0, 0, 0, 1, 0, 0, 0, 0, 0, 1, 0, 0, 1, 0, 0, 1, 0, 0, 0, 0, 0, 0, 1, 0, 1, 0, 1, 0, 0, 0, 0, 0, 0, 0, 0, 0, 0, 1, 1, 0, 1, 0, 0, 0, 1, 0, 0, 0, 1, 0, 0, 0, 0, 1, 1, 0, 0, 1, 0, 0, 0, 1, 0, 0, 0, 1, 0, 0, 0, 0, 1, 1, 0, 0, 0, 0, 1, 0, 0, 0, 0, 0, 0, 0, 0, 0, 1, 0, 1, 0, 0, 0, 0, 0, 0, 0, 0, 0, 0, 0, 0, 0, 0, 0, 0, 0, 0, 0, 0, 1, 0, 0, 0, 0, 0, 0, 1, 0, 1, 0, 0, 0, 0, 0, 0, 1, 0, 0, 0, 0, 0, 0, 0, 0, 0, 0, 0, 1, 0, 1, 0, 0, 0, 0, 1, 0, 1, 0, 0, 0, 1, 0, 1, 0, 0, 1, 0, 0, 1, 0, 0, 1, 0, 0, 0, 0, 0, 1, 0, 0, 0, 0, 1, 0, 0, 0, 0, 1, 0, 0, 0, 0, 0, 1, 0, 0, 0, 0, 0, 0, 0, 0, 0, 0, 1, 0, 0, 0, 0, 0, 0, 0, 0, 0, 0, 0, 0, 0, 0, 0, 1, 0, 0, 0, 0, 0, 0, 0, 0, 0, 1, 0, 0, 0, 0, 0, 0, 0, 1, 0, 1, 0, 0, 0, 0, 0, 0, 0, 0, 1, 1, 0, 0, 0, 0, 0, 0, 0, 0, 0, 1, 0, 0, 0, 0, 1, 0, 1, 0, 1, 0, 0, 1, 1, 0, 1, 0, 1]

BESTGEM=(80, 384, 0.20833333333333334)
LISTGEM=[0, 1, 0, 0, 0, 1, 0, 0, 0, 0, 1, 0, 0, 0, 1, 0, 0, 0, 0, 0, 0, 0, 0, 0, 1, 1, 1, 0, 1, 0, 0, 0, 0, 0, 0, 1, 0, 0, 0, 0, 0, 0, 0, 0, 0, 1, 1, 1, 0, 0, 0, 0, 0, 0, 1, 0, 0, 0, 1, 1, 1, 0, 0, 0, 0, 0, 1, 1, 0, 0, 0, 0, 1, 0, 1, 0, 0, 0, 1, 0, 0, 0, 0, 0, 0, 0, 0, 1, 0, 0, 0, 0, 0, 0, 0, 0, 1, 0, 1, 0, 0, 0, 1, 0, 0, 0, 0, 1, 0, 0, 0, 1, 1, 1, 0, 1, 0, 0, 0, 1, 0, 0, 0, 0, 0, 0, 0, 0, 1, 1, 0, 0, 0, 0, 0, 0, 0, 0, 0, 0, 1, 0, 1, 0, 0, 0, 1, 0, 0, 0, 0, 0, 0, 1, 1, 0, 1, 0, 0, 0, 1, 0, 0, 0, 0, 0, 0, 0, 0, 0, 1, 0, 0, 0, 0, 0, 1, 1, 0, 0, 0, 1, 1, 0, 0, 0, 0, 0, 0, 0, 0, 0, 1, 0, 0, 0, 0, 0, 0, 0, 0, 0, 1, 0, 1, 0, 0, 0, 0, 0, 0, 0, 0, 0, 0, 0, 0, 0, 0, 0, 0, 0, 0, 0, 0, 1, 0, 1, 0, 0, 0, 0, 1, 0, 1, 0, 0, 0, 1, 0, 0, 1, 0, 0, 0, 0, 0, 0, 0, 0, 0, 1, 0, 0, 0, 0, 1, 1, 0, 0, 0, 0, 0, 0, 0, 0, 1, 0, 0, 0, 0, 1, 0, 1, 0, 0, 1, 0, 0, 0, 1, 0, 0, 0, 0, 1, 0, 0, 0, 1, 0, 0, 0, 1, 0, 1, 0, 0, 0, 0, 0, 1, 0, 0, 0, 0, 0, 0, 0, 1, 0, 0, 0, 1, 0, 1, 0, 0, 0, 0, 0, 1, 0, 0, 0, 0, 0, 0, 0, 0, 0, 0, 0, 0, 0, 0, 0, 0, 0, 0, 0, 0, 0, 1, 1, 0, 1, 0, 0, 1, 0, 0, 0, 0, 0, 0, 0, 0, 0, 0, 0, 0, 0, 0, 0, 1, 0, 0, 0, 0, 0, 1, 0, 1, 0, 1, 0, 0, 0, 1, 0, 0, 0, 0]

