# shuffled stratified split (indices referring to UCR database)
TESTINDEX=[285 476 305 693 426 445 473  99 547 641 271 690 190 303 561  69 225 198
 740 295 453 219 215 158 509 326 323 486 474 732 644 556  61 242 423 501
 748   1  67 281 589 605 206  87 643 154 574  49 413 207 268 246 435 328
 103 125 314 274 651 454 325   4 524 488 761 744 576 533 378  15  51 661
 270  60 632 339 380 609 122 256 675 180 230 496 625 146 354  55 294 673
 670 741 210 543 100 110 581 430 205 399 665 401 436 592 695 560 681 306
 602 587 196 123 677 223 694 127 279 421 408 432 727 348 349 584 683 174
 469 309 507 753 449 142 317 521 113 626 604 255 555 635 332 762 492 497
 214 580 344 658 217  24 107 343 692 628 645 392 770 195 478 259 189 723
 204 105 472  18 337 622 564 148 549 685 659 144 752 565 536 743 391 374
 102  48  73 336  19 118 606 598 493 310 731 591 320 465 260 286 747 227
 397 356  11 247 764 240 630  85 640 499  31 444 652 749 599 539 373 379
 647 377 569 224  97  83  80 688 298 145 706 362 617 498 265 406 360  25
 181 636 201  33 297 551 424 523 737 712  79 209 128  27 663 407 208 611
 721 722 458 608 135 213 316 696 218 542 179 372   7 452 335 490 151 558
 400 277 534 178 237 612 508 322 765 773 416 578 254 459 664 304 522 535
  10 593 203 766 703 359  86 383 642 582 139 646 251 321 520  90 124 487
 708 229 422 155 568  95 258 315 388 236 375 603 668 266 437 104 431  47
 287 252  98 480 129 330 718  72 371 231 291 296 550 634 169 504 503  29
  65 211 363 351 666 132 774 746 505 186  75 119 376 403 292 162 575 361
 345 583 267 347 319  68 382 462  46 655  38 728 409 311 353 358 166 141
 468 443 758 613 234  30]
TRAININDEX=[177 109 698  74 164 682 506 193 228  21 484 369 410 570 528 467  35 631
 739 243 221 352 667 300 324 730 669 464 417 455  96 607 386 701 439  94
 757 736 120 222 381 202 494 729 639 441 428 704 273 167 159 463 147 705
 719 235  44  43 293 438  93 412 366 364  82 579 756 176 540 671 662 420
 733 288 170 678 738  84 111  12 289 623 192 415 108  78 620 531  92 411
 672 269 238 329 588  77 284 720 333 586 414 161 173 150 262 725 165  17
 220 241 530 527 140 689 481 680 684 624 566  54 546 516 502 691 559 648
  62  20 573 649  14 199  71 334 283 331 518 318 571 637 183 355 629 451
   5  91 567 239 191 711 134  40 448 514 697 519  22 171 577  57  28 307
 404 216 724   3 341 627 600  52 742 133 707 384 114 272 112 466 290  26
  23  81  76 357 563 517 562 715   2 398 244 656 261  37 485 160  41 257
 429 253 427 650 601 149  88 182 168 595 621 653 278  45 594 537 471 735
 368 197 457 433 450 734 717 185 541 633 482 716 301 709 396 340 299 172
 461 405 532 434 370 226 657  50 233  36  42 500 131 280 126 515  53 136
 686 479 495 385  64 106 529 402 249 338  70 489   6   9   8 759 755 548
 313 654 552 544  59 346 470 282 475  13  58 389 483 121 200  32 616 687
 491 275 163 676 660 308 446 264 679 387 418 713  56 726 554 596 425 117
 512 101 590 232 248  34 153 751 342 618 447   0 440 187 610 115 619 250
 477 157 143 263 276 390 700 557 130  89 545 597 614  39 513 137 184 615
 510 156 767 511 760 116  16 152 395 188 245 194 394 350 456 312 526 442
 585 367 419 674 393 702 460 754 525 710 365 175 714 553 138 212  66 538
 638 699  63 327 302 572]

# learned parameters for cdtw and gem
# dtw ((error, size, error/size), (window, sqr))
# gem ((error, size, error/size), (St0, St1, E, sym, sqr))
BESTLEARNCONSDTW=((83, 384, 0.21614583333333334), (0.14999999999999999, True))
LISTLEARNCONSDTW=[((83, 384, 0.21614583333333334), (0.14000000000000001, True)), ((83, 384, 0.21614583333333334), (0.14999999999999999, True)), ((84, 384, 0.21875), (0.16, True)), ((85, 384, 0.22135416666666666), (0.17000000000000001, True)), ((85, 384, 0.22135416666666666), (0.19, True)), ((86, 384, 0.22395833333333334), (0.17999999999999999, True)), ((86, 384, 0.22395833333333334), (0.20000000000000001, True)), ((87, 384, 0.2265625), (0.13, True)), ((88, 384, 0.22916666666666666), (0.029999999999999999, True)), ((88, 384, 0.22916666666666666), (0.12, True)), ((89, 384, 0.23177083333333334), (0.040000000000000001, True)), ((89, 384, 0.23177083333333334), (0.11, True)), ((90, 384, 0.234375), (0.070000000000000007, True)), ((90, 384, 0.234375), (0.080000000000000002, True)), ((91, 384, 0.23697916666666666), (0.050000000000000003, True)), ((91, 384, 0.23697916666666666), (0.059999999999999998, True)), ((91, 384, 0.23697916666666666), (0.089999999999999997, True)), ((92, 384, 0.23958333333333334), (0.10000000000000001, True)), ((95, 384, 0.24739583333333334), (0.02, True)), ((115, 384, 0.29947916666666669), (0.01, True)), ((158, 384, 0.41145833333333331), (0.0, True))]

BESTLEARNGEM=((85, 384, 0.22135416666666666), (2, 2, 0.0625, True, True))
LISTLEARNGEM=[((85, 384, 0.22135416666666666), (2, 2, 0.0625, True, True)), ((86, 384, 0.22395833333333334), (2, 2, 0.03125, True, True)), ((93, 384, 0.2421875), (2, 2, 0.015625, True, True)), ((100, 384, 0.26041666666666669), (2, 2, 0.125, True, True)), ((104, 384, 0.27083333333333331), (2, 2, 0, True, True)), ((106, 384, 0.27604166666666669), (2, 2, 0.00390625, True, True)), ((106, 384, 0.27604166666666669), (2, 2, 0.0078125, True, True)), ((129, 384, 0.3359375), (2, 2, 0.25, True, True)), ((165, 384, 0.4296875), (2, 1, 0.03125, True, True)), ((165, 384, 0.4296875), (2, 1, 0.0625, True, True)), ((166, 384, 0.43229166666666669), (2, 2, 0.5, True, True)), ((170, 384, 0.44270833333333331), (2, 1, 0.015625, True, True)), ((172, 384, 0.44791666666666669), (2, 1, 0.0078125, True, True)), ((180, 384, 0.46875), (2, 1, 0.00390625, True, True)), ((182, 384, 0.47395833333333331), (1, 1, 0.0078125, True, True)), ((182, 384, 0.47395833333333331), (1, 2, 0.0078125, True, True)), ((185, 384, 0.48177083333333331), (1, 1, 0.00390625, True, True)), ((185, 384, 0.48177083333333331), (1, 1, 0.015625, True, True)), ((185, 384, 0.48177083333333331), (1, 2, 0.00390625, True, True)), ((185, 384, 0.48177083333333331), (1, 2, 0.015625, True, True)), ((186, 384, 0.484375), (1, 1, 0.03125, True, True)), ((186, 384, 0.484375), (1, 2, 0.03125, True, True)), ((189, 384, 0.4921875), (2, 1, 0, True, True)), ((193, 384, 0.50260416666666663), (1, 1, 0, True, True)), ((193, 384, 0.50260416666666663), (1, 2, 0, True, True)), ((195, 384, 0.5078125), (2, 1, 0.125, True, True)), ((196, 384, 0.51041666666666663), (1, 1, 0.0625, True, True)), ((196, 384, 0.51041666666666663), (1, 2, 0.0625, True, True)), ((206, 384, 0.53645833333333337), (1, 1, 0.125, True, True)), ((206, 384, 0.53645833333333337), (1, 2, 0.125, True, True)), ((230, 384, 0.59895833333333337), (2, 1, 0.25, True, True)), ((234, 384, 0.609375), (1, 1, 0.25, True, True)), ((234, 384, 0.609375), (1, 2, 0.25, True, True)), ((258, 384, 0.671875), (2, 1, 0.5, True, True)), ((276, 384, 0.71875), (1, 1, 0.5, True, True)), ((276, 384, 0.71875), (1, 2, 0.5, True, True))]


# error rates for different distance measures
# (error, size, error/size) and binary mask
BESTLP=(162, 384, 0.421875)
LISTLP=[0, 0, 1, 1, 1, 0, 1, 0, 0, 0, 0, 0, 0, 1, 0, 0, 1, 0, 1, 0, 1, 0, 1, 0, 1, 0, 0, 1, 0, 0, 0, 1, 0, 1, 0, 0, 1, 1, 0, 0, 0, 0, 0, 1, 0, 0, 1, 1, 0, 1, 0, 0, 0, 1, 1, 0, 1, 1, 0, 0, 1, 0, 0, 1, 0, 0, 1, 1, 1, 0, 0, 0, 1, 0, 0, 0, 1, 1, 0, 0, 0, 1, 0, 0, 0, 0, 0, 0, 1, 0, 1, 0, 1, 1, 0, 1, 0, 1, 0, 1, 0, 0, 1, 0, 0, 1, 0, 1, 0, 1, 0, 1, 1, 0, 0, 1, 1, 0, 0, 0, 0, 0, 1, 1, 1, 0, 0, 0, 1, 0, 1, 1, 1, 1, 0, 0, 0, 1, 0, 0, 0, 0, 1, 0, 0, 1, 0, 0, 1, 0, 0, 0, 1, 1, 0, 0, 0, 1, 1, 1, 1, 0, 0, 1, 0, 1, 0, 1, 1, 0, 0, 0, 0, 0, 0, 0, 1, 0, 1, 1, 0, 0, 0, 0, 1, 1, 1, 1, 1, 0, 0, 0, 0, 1, 0, 0, 1, 0, 0, 0, 0, 1, 0, 0, 1, 1, 1, 1, 1, 0, 1, 0, 1, 1, 1, 0, 1, 0, 0, 0, 1, 0, 1, 1, 0, 0, 0, 1, 0, 1, 1, 0, 0, 0, 1, 0, 0, 1, 0, 0, 0, 0, 0, 1, 0, 1, 1, 0, 1, 0, 1, 1, 0, 0, 0, 0, 0, 1, 0, 0, 0, 0, 1, 1, 1, 0, 1, 0, 0, 1, 0, 1, 0, 1, 1, 1, 0, 0, 0, 1, 1, 1, 0, 1, 1, 0, 0, 0, 1, 1, 0, 1, 0, 1, 0, 1, 1, 0, 1, 0, 1, 0, 1, 0, 0, 1, 0, 0, 0, 1, 0, 0, 0, 0, 1, 1, 1, 0, 0, 1, 1, 0, 1, 0, 1, 1, 0, 0, 1, 1, 1, 0, 1, 1, 0, 0, 0, 0, 1, 1, 1, 0, 0, 1, 0, 1, 1, 0, 0, 0, 0, 1, 1, 1, 1, 1, 1, 0, 0, 0, 0, 0, 0, 1, 1, 1, 0, 0, 0, 1, 0, 0, 0, 0, 1, 0, 0, 0, 0, 0, 1, 0, 0, 1]

BESTFULLDTW=(70, 384, 0.18229166666666666)
LISTFULLDTW=[0, 0, 1, 0, 0, 0, 0, 0, 0, 0, 0, 0, 0, 0, 0, 1, 1, 0, 1, 0, 0, 0, 0, 0, 0, 0, 0, 0, 0, 0, 0, 0, 0, 0, 0, 0, 1, 0, 0, 0, 0, 0, 0, 1, 0, 0, 0, 1, 0, 0, 0, 0, 0, 0, 1, 1, 1, 1, 0, 0, 1, 0, 0, 0, 0, 0, 0, 0, 1, 0, 0, 0, 0, 0, 0, 0, 1, 0, 0, 0, 0, 0, 0, 0, 0, 0, 0, 0, 1, 0, 1, 0, 1, 0, 0, 0, 0, 1, 0, 0, 0, 0, 0, 0, 1, 1, 0, 0, 0, 1, 0, 0, 1, 0, 0, 0, 1, 0, 0, 0, 0, 0, 1, 1, 0, 0, 0, 0, 0, 0, 1, 0, 0, 1, 0, 0, 0, 0, 0, 0, 0, 0, 0, 0, 0, 0, 0, 0, 0, 0, 1, 0, 1, 0, 0, 0, 0, 0, 1, 0, 0, 0, 0, 1, 0, 0, 0, 0, 0, 0, 0, 0, 0, 0, 0, 0, 0, 0, 0, 0, 0, 0, 0, 0, 0, 0, 0, 0, 0, 0, 0, 0, 1, 1, 0, 0, 0, 0, 0, 0, 0, 0, 0, 0, 0, 1, 0, 1, 0, 0, 0, 0, 0, 0, 0, 0, 0, 0, 0, 0, 1, 0, 0, 0, 0, 0, 0, 1, 0, 1, 0, 0, 0, 0, 1, 0, 0, 1, 0, 0, 0, 0, 0, 0, 1, 1, 0, 0, 0, 0, 1, 0, 0, 0, 0, 0, 0, 0, 0, 1, 0, 0, 0, 0, 0, 0, 1, 0, 0, 0, 0, 1, 0, 1, 1, 0, 1, 0, 0, 0, 0, 0, 0, 0, 0, 0, 0, 0, 0, 0, 0, 0, 0, 1, 0, 1, 1, 0, 0, 1, 0, 0, 1, 0, 0, 0, 0, 0, 0, 1, 0, 0, 0, 0, 1, 1, 0, 0, 0, 1, 1, 0, 0, 0, 1, 0, 1, 0, 0, 0, 1, 0, 0, 1, 0, 0, 0, 0, 0, 1, 1, 1, 0, 0, 0, 0, 1, 0, 0, 0, 0, 1, 0, 0, 0, 0, 0, 0, 0, 0, 1, 0, 0, 0, 0, 0, 0, 0, 0, 1, 0, 0, 0, 0, 0, 0, 0, 0, 0, 0, 0, 0, 0, 0]

BESTCONSDTW=(69, 384, 0.1796875)
LISTCONSDTW=[0, 0, 1, 0, 0, 0, 0, 0, 0, 0, 0, 0, 0, 0, 0, 1, 1, 0, 1, 0, 0, 0, 0, 0, 0, 0, 0, 1, 0, 0, 0, 0, 0, 0, 0, 0, 1, 0, 0, 0, 0, 0, 0, 1, 0, 0, 0, 1, 0, 0, 0, 0, 0, 0, 1, 1, 1, 1, 0, 0, 1, 0, 0, 0, 0, 0, 1, 0, 1, 0, 0, 0, 0, 0, 0, 0, 1, 0, 0, 0, 0, 1, 0, 0, 0, 0, 0, 0, 1, 0, 1, 0, 1, 0, 0, 0, 0, 0, 0, 0, 0, 0, 0, 0, 0, 1, 0, 0, 0, 0, 0, 0, 0, 0, 0, 0, 1, 0, 0, 0, 0, 0, 1, 1, 0, 0, 0, 0, 0, 0, 1, 0, 0, 1, 0, 0, 0, 0, 0, 0, 0, 0, 0, 0, 0, 0, 0, 0, 0, 0, 1, 0, 0, 0, 0, 0, 0, 0, 1, 0, 0, 0, 0, 1, 0, 0, 0, 0, 0, 0, 0, 0, 0, 0, 0, 0, 0, 0, 0, 0, 0, 0, 0, 0, 0, 0, 0, 0, 0, 0, 0, 0, 1, 1, 0, 0, 1, 0, 0, 0, 0, 0, 0, 0, 0, 1, 0, 1, 0, 0, 0, 0, 0, 0, 1, 0, 0, 0, 0, 0, 1, 0, 0, 0, 0, 0, 0, 1, 0, 1, 1, 0, 0, 0, 1, 0, 0, 1, 0, 0, 0, 0, 0, 0, 1, 1, 0, 0, 0, 0, 1, 0, 0, 0, 0, 0, 0, 0, 0, 0, 0, 0, 0, 0, 0, 0, 1, 0, 0, 0, 0, 1, 0, 0, 1, 0, 0, 0, 0, 0, 0, 0, 0, 0, 0, 0, 0, 0, 0, 1, 0, 0, 0, 1, 0, 1, 1, 0, 0, 1, 0, 0, 1, 0, 0, 0, 0, 0, 0, 1, 0, 0, 0, 0, 0, 1, 0, 1, 0, 1, 1, 0, 0, 0, 1, 0, 0, 0, 0, 0, 1, 0, 0, 1, 0, 0, 0, 0, 1, 1, 1, 0, 0, 0, 0, 0, 1, 0, 0, 0, 0, 1, 0, 0, 0, 0, 0, 0, 0, 0, 1, 0, 0, 0, 0, 0, 0, 0, 0, 1, 0, 0, 0, 0, 0, 0, 0, 0, 1, 0, 0, 0, 0, 0]

BESTGEM=(76, 384, 0.19791666666666666)
LISTGEM=[0, 0, 0, 0, 0, 0, 0, 0, 0, 0, 0, 0, 0, 0, 0, 1, 0, 1, 0, 0, 0, 0, 0, 0, 0, 0, 1, 0, 0, 0, 0, 0, 0, 1, 0, 0, 0, 0, 1, 0, 0, 0, 0, 0, 0, 0, 0, 0, 0, 0, 1, 0, 0, 0, 1, 0, 1, 1, 0, 0, 0, 0, 0, 1, 0, 0, 0, 0, 1, 0, 0, 0, 0, 0, 0, 0, 0, 0, 0, 1, 0, 1, 0, 0, 0, 0, 0, 0, 1, 0, 1, 0, 1, 0, 0, 0, 0, 1, 0, 0, 0, 0, 1, 0, 1, 0, 0, 0, 0, 1, 0, 0, 1, 0, 0, 0, 1, 0, 0, 0, 0, 0, 1, 1, 0, 0, 0, 1, 0, 0, 0, 1, 1, 1, 0, 0, 0, 0, 0, 0, 0, 1, 0, 0, 0, 0, 1, 0, 0, 0, 0, 0, 0, 0, 0, 0, 0, 0, 0, 0, 0, 0, 0, 1, 0, 0, 0, 0, 0, 0, 0, 0, 1, 0, 0, 0, 0, 0, 0, 0, 0, 0, 0, 0, 0, 0, 0, 0, 0, 0, 0, 0, 1, 1, 0, 1, 1, 0, 0, 0, 0, 0, 0, 0, 0, 0, 0, 1, 1, 0, 0, 0, 0, 0, 1, 0, 0, 0, 1, 0, 1, 0, 0, 1, 0, 0, 0, 1, 0, 1, 1, 0, 0, 1, 0, 0, 0, 0, 0, 0, 0, 1, 0, 0, 1, 1, 1, 0, 0, 1, 0, 0, 0, 0, 1, 1, 0, 0, 0, 1, 0, 0, 0, 0, 1, 0, 0, 1, 0, 0, 0, 0, 0, 1, 0, 0, 0, 1, 0, 0, 0, 0, 0, 0, 1, 0, 0, 0, 0, 0, 0, 0, 0, 1, 0, 1, 0, 0, 0, 0, 0, 0, 0, 0, 0, 0, 0, 0, 0, 1, 0, 0, 0, 0, 0, 0, 0, 0, 0, 1, 1, 0, 0, 0, 1, 1, 0, 0, 0, 0, 1, 0, 0, 0, 0, 0, 0, 0, 1, 1, 1, 0, 0, 1, 0, 1, 1, 1, 0, 0, 0, 0, 0, 0, 0, 0, 0, 0, 0, 0, 1, 0, 0, 0, 0, 0, 0, 1, 0, 0, 0, 0, 0, 0, 0, 0, 0, 0, 0, 0, 0, 0, 0, 0]

