# shuffled stratified split (indices referring to UCR database)
TESTINDEX=[382 256 702 432 633 460 552  16 364 208 472 563 129 132  82 749 613 339
 465 367 560 280 599 401 102 686 241 543 716 283 215 706 248 717 222  15
 104 120 243 134 607 423 718 190 421 513 455 122 580 670 345 140 191 507
 403 338 652 566 350 162 317 546 478 713  34 360 116 689 288 242 691 267
 195 113 646 115 442 249  97  99 406 453  24 261 196 457 363 296 761 163
 424 226 624 641 298 176 619 532 518 628 741 216 192 323 773   6 100 694
 514 743 740  53  48  71 376 522 704  35 719 436 650 595 141 189 537 187
 229 644  55 625 663 517 585  38 656 606 709 630 756 502 725 362 155 212
 488 184 695 591 569 281 358 329 336 389 337 752 227 594 734 540 550 178
 136 603 470 744 621  47 614 491 214 556 139 370 573 314 253  63 240  67
 385 419 204 260 588 257 475 118 130 604   8 232 109 271 431 168 516 584
  17 213 499 307  80 269 369 402 739 263 112 221 712  23 602 571 452 105
 365 586 464 611 332 144 444 536 459 272 425  50 767 160 159 564   7 487
 770 292 479 462 277 483 418 409 147 203 209   9 680 235 503 206  51 157
 703 520 446  83  13 674 755  26 723 394 665 404 495  62 544 456 384 636
 605 707 143 726 762 441 643 454 313 578 188 666 186 179  77 715 231 434
  32 223 274 101 333 218 590 316 433 426 581 412 490 383 171 262 152 627
 700 318 151 167  28 161   1 545  14 335 730  31 374  43 301 661 519 175
 698 617 351 616 748 228 758 287 303  21 572 570 378 395 473 420 106 774
 445 731 322 340 300 305 202 669 450 407 255 732 610 398 131 678 413 538
 294 508  49 304  52 390   5 103 328 356 325 673 451  18 247 481 377 373
 477  85 165 562  60 315]
TRAININDEX=[447 366  44 154 511  29 684 747 458 699 690 682 205 230 246 375 542 753
 347 720 679 561  64 474 310 170 238 371 683 471 527  74 671 354 576 312
 174 319 194 701 135 557 727 183 169 505 302 494  56 443  19 449 559 461
 668  87 467 654 480 620  65  86 509 149 583 468 117 414 660 437 180  59
  88 598 416 512 244 417 486 579 697 742 687 565 612 463 410 568  41 270
 632 714 618 492 399  37 259 548 379 330 334 110  66   2 320 676 388 760
 266 685  46 529 466  12 306 145 681 593  70 597 649 526 387 476 265 575
 342 662 275 534 210  84 710  11 411 285  68 657 524 355 469 237 658 609
 153 608 688 531 667 289 258 639 276 119 239  94 553 391 197 299 126  39
 551 123 121 254  78 321 125 655 343 489 589 386 111 290 574 293 108 225
 640 381  36 185 677 361 615  92 415 541 528 693  22  45 352 549 539 357
  95 708 220 245 368 173  10 193 705 142 177 631 647 150 284 500  89 331
 428 746 735  58 430 592 393 291  79 482 211 219  93 738 493 164 422  72
 622 348 737 349 651  25 635 577 439  20 344 558 341 429 372 523 233 729
 251 308 672 264 692 448 645 114 148  30   4 326  54 435 525  42 408 600
 765 427  91 252 311 751  40 124 629 250  57  81 664 601 396 736 282 711
  90 501 759 498 533 634 506   0 587 353 626 199 207 236 675 438 535 484
 733 286 515 440  33  61 764 567 346 496 309 642 279 757 504 200 405 547
 107 201  75  96 722 521 623 497 696  73 596 637 653 295 554 582 278 327
  69 724 172 297 182 268  98 638 555 530 128 648 728 766 273 158 137 510
 485 359 166 217 392 400 659 234 380  76 721 156 754 224 146 138 181 397
 324  27 198 133   3 127]

# learned parameters for cdtw and gem
# dtw ((error, size, error/size), (window, sqr))
# gem ((error, size, error/size), (St0, St1, E, sym, sqr))
BESTLEARNCONSDTW=((78, 384, 0.203125), (0.11, True))
LISTLEARNCONSDTW=[((78, 384, 0.203125), (0.11, True)), ((79, 384, 0.20572916666666666), (0.059999999999999998, True)), ((79, 384, 0.20572916666666666), (0.070000000000000007, True)), ((79, 384, 0.20572916666666666), (0.10000000000000001, True)), ((80, 384, 0.20833333333333334), (0.089999999999999997, True)), ((80, 384, 0.20833333333333334), (0.12, True)), ((80, 384, 0.20833333333333334), (0.13, True)), ((80, 384, 0.20833333333333334), (0.14000000000000001, True)), ((81, 384, 0.2109375), (0.16, True)), ((82, 384, 0.21354166666666666), (0.050000000000000003, True)), ((82, 384, 0.21354166666666666), (0.080000000000000002, True)), ((83, 384, 0.21614583333333334), (0.040000000000000001, True)), ((83, 384, 0.21614583333333334), (0.14999999999999999, True)), ((84, 384, 0.21875), (0.17000000000000001, True)), ((84, 384, 0.21875), (0.17999999999999999, True)), ((84, 384, 0.21875), (0.19, True)), ((85, 384, 0.22135416666666666), (0.20000000000000001, True)), ((89, 384, 0.23177083333333334), (0.029999999999999999, True)), ((107, 384, 0.27864583333333331), (0.02, True)), ((126, 384, 0.328125), (0.01, True)), ((159, 384, 0.4140625), (0.0, True))]

BESTLEARNGEM=((90, 384, 0.234375), (2, 2, 0.03125, True, True))
LISTLEARNGEM=[((90, 384, 0.234375), (2, 2, 0.03125, True, True)), ((91, 384, 0.23697916666666666), (2, 2, 0.0625, True, True)), ((96, 384, 0.25), (2, 2, 0.015625, True, True)), ((97, 384, 0.25260416666666669), (2, 2, 0.0078125, True, True)), ((101, 384, 0.26302083333333331), (2, 2, 0.125, True, True)), ((102, 384, 0.265625), (2, 2, 0.00390625, True, True)), ((103, 384, 0.26822916666666669), (2, 2, 0, True, True)), ((123, 384, 0.3203125), (2, 2, 0.25, True, True)), ((165, 384, 0.4296875), (2, 1, 0.03125, True, True)), ((166, 384, 0.43229166666666669), (2, 2, 0.5, True, True)), ((167, 384, 0.43489583333333331), (2, 1, 0.015625, True, True)), ((173, 384, 0.45052083333333331), (2, 1, 0.00390625, True, True)), ((173, 384, 0.45052083333333331), (2, 1, 0.0078125, True, True)), ((176, 384, 0.45833333333333331), (2, 1, 0.0625, True, True)), ((180, 384, 0.46875), (2, 1, 0, True, True)), ((183, 384, 0.4765625), (1, 1, 0.0078125, True, True)), ((183, 384, 0.4765625), (1, 2, 0.0078125, True, True)), ((184, 384, 0.47916666666666669), (1, 1, 0.015625, True, True)), ((184, 384, 0.47916666666666669), (1, 1, 0.03125, True, True)), ((184, 384, 0.47916666666666669), (1, 2, 0.015625, True, True)), ((184, 384, 0.47916666666666669), (1, 2, 0.03125, True, True)), ((186, 384, 0.484375), (1, 1, 0.00390625, True, True)), ((186, 384, 0.484375), (1, 2, 0.00390625, True, True)), ((191, 384, 0.49739583333333331), (1, 1, 0.0625, True, True)), ((191, 384, 0.49739583333333331), (1, 2, 0.0625, True, True)), ((192, 384, 0.5), (2, 1, 0.125, True, True)), ((195, 384, 0.5078125), (1, 1, 0, True, True)), ((195, 384, 0.5078125), (1, 2, 0, True, True)), ((212, 384, 0.55208333333333337), (1, 1, 0.125, True, True)), ((212, 384, 0.55208333333333337), (1, 2, 0.125, True, True)), ((237, 384, 0.6171875), (2, 1, 0.25, True, True)), ((244, 384, 0.63541666666666663), (1, 1, 0.25, True, True)), ((244, 384, 0.63541666666666663), (1, 2, 0.25, True, True)), ((273, 384, 0.7109375), (2, 1, 0.5, True, True)), ((279, 384, 0.7265625), (1, 1, 0.5, True, True)), ((279, 384, 0.7265625), (1, 2, 0.5, True, True))]


# error rates for different distance measures
# (error, size, error/size) and binary mask
BESTLP=(148, 384, 0.38541666666666669)
LISTLP=[0, 1, 0, 0, 0, 0, 0, 1, 0, 1, 0, 0, 1, 0, 0, 0, 0, 0, 0, 0, 1, 0, 0, 0, 0, 0, 0, 1, 0, 0, 1, 0, 0, 0, 1, 0, 0, 0, 1, 1, 1, 1, 1, 0, 0, 1, 0, 0, 0, 1, 0, 0, 1, 1, 1, 1, 0, 0, 0, 0, 1, 0, 1, 0, 1, 1, 1, 0, 0, 0, 0, 0, 1, 0, 0, 0, 0, 0, 1, 0, 0, 1, 0, 0, 0, 1, 0, 0, 0, 1, 0, 0, 0, 0, 0, 0, 0, 1, 0, 1, 0, 0, 0, 0, 1, 1, 0, 0, 0, 0, 0, 1, 0, 1, 1, 1, 1, 0, 0, 1, 1, 1, 0, 1, 0, 1, 0, 0, 0, 1, 1, 1, 1, 0, 0, 0, 0, 1, 0, 1, 0, 0, 1, 1, 1, 0, 0, 0, 0, 1, 0, 0, 1, 0, 0, 1, 1, 1, 0, 0, 1, 0, 1, 0, 1, 0, 1, 0, 0, 0, 0, 1, 1, 0, 1, 0, 0, 1, 1, 0, 0, 0, 0, 0, 1, 0, 0, 1, 0, 0, 1, 0, 0, 0, 1, 0, 1, 1, 0, 0, 0, 0, 1, 1, 0, 1, 0, 1, 0, 0, 0, 1, 0, 0, 0, 1, 0, 1, 0, 0, 0, 0, 0, 1, 1, 0, 1, 1, 0, 0, 1, 1, 0, 1, 0, 0, 0, 0, 1, 0, 1, 0, 1, 0, 1, 0, 0, 1, 0, 0, 0, 1, 0, 1, 0, 1, 1, 0, 0, 0, 1, 0, 0, 0, 0, 0, 1, 0, 1, 0, 0, 1, 0, 0, 1, 1, 0, 0, 0, 0, 1, 1, 0, 1, 1, 1, 1, 1, 0, 0, 1, 0, 0, 0, 1, 0, 1, 1, 0, 0, 0, 0, 0, 0, 1, 0, 0, 1, 1, 1, 0, 0, 1, 1, 1, 1, 1, 1, 0, 1, 0, 0, 0, 1, 1, 0, 0, 1, 0, 0, 1, 1, 1, 0, 1, 1, 1, 1, 0, 1, 0, 0, 0, 0, 1, 0, 0, 1, 0, 1, 0, 0, 1, 0, 0, 1, 0, 0, 0, 0, 1, 0, 1, 0, 0, 1, 0, 0, 1, 0, 1, 0, 0, 1, 0, 0, 0, 1, 0, 1, 0, 1, 0, 0]

BESTFULLDTW=(64, 384, 0.16666666666666666)
LISTFULLDTW=[0, 0, 0, 0, 0, 0, 0, 0, 0, 1, 0, 0, 0, 1, 0, 0, 0, 0, 0, 0, 1, 0, 0, 0, 0, 0, 0, 1, 0, 0, 0, 0, 0, 0, 0, 0, 0, 0, 1, 0, 0, 1, 1, 0, 0, 0, 0, 0, 0, 0, 0, 0, 1, 0, 0, 0, 0, 0, 0, 0, 0, 0, 0, 0, 0, 0, 0, 0, 0, 0, 1, 0, 0, 0, 0, 0, 1, 0, 1, 0, 0, 0, 0, 0, 0, 1, 0, 0, 0, 0, 0, 0, 0, 1, 0, 0, 0, 1, 0, 0, 0, 0, 0, 0, 0, 1, 0, 0, 0, 0, 1, 1, 0, 0, 0, 0, 0, 0, 0, 0, 1, 0, 0, 0, 0, 0, 0, 0, 0, 0, 1, 0, 0, 0, 0, 0, 0, 0, 0, 0, 0, 0, 1, 0, 0, 0, 0, 0, 0, 0, 0, 0, 0, 0, 0, 0, 0, 0, 0, 0, 0, 0, 1, 0, 0, 0, 0, 0, 0, 0, 0, 0, 0, 0, 0, 0, 0, 1, 0, 0, 0, 0, 0, 0, 0, 0, 0, 0, 0, 0, 1, 0, 0, 0, 0, 0, 1, 1, 0, 0, 1, 0, 0, 0, 0, 0, 0, 0, 0, 0, 0, 0, 0, 0, 0, 1, 0, 1, 0, 0, 0, 0, 0, 0, 1, 0, 0, 0, 0, 0, 1, 1, 0, 0, 0, 0, 0, 0, 1, 0, 0, 0, 1, 0, 1, 1, 0, 0, 1, 0, 0, 0, 0, 1, 0, 0, 0, 1, 0, 0, 0, 0, 0, 0, 0, 0, 0, 0, 0, 0, 0, 1, 0, 0, 0, 1, 0, 0, 0, 0, 0, 1, 0, 0, 1, 0, 1, 1, 0, 0, 1, 1, 0, 0, 1, 0, 1, 0, 0, 0, 0, 1, 0, 1, 1, 0, 0, 0, 0, 0, 1, 0, 0, 1, 0, 1, 0, 0, 0, 0, 0, 0, 0, 1, 1, 0, 0, 1, 0, 0, 0, 0, 0, 0, 0, 0, 0, 1, 0, 1, 0, 0, 0, 0, 0, 0, 0, 1, 0, 0, 0, 0, 0, 0, 0, 1, 0, 0, 0, 0, 1, 1, 0, 0, 0, 0, 0, 0, 0, 0, 0, 0, 0, 0, 0, 0, 0, 0, 0, 1, 0, 0, 0, 0]

BESTCONSDTW=(69, 384, 0.1796875)
LISTCONSDTW=[0, 1, 0, 0, 0, 0, 0, 0, 0, 1, 0, 0, 0, 1, 0, 0, 0, 0, 0, 0, 0, 0, 0, 0, 0, 0, 0, 0, 0, 0, 0, 0, 0, 0, 0, 0, 0, 0, 1, 1, 0, 1, 1, 0, 0, 0, 0, 0, 0, 1, 0, 0, 1, 0, 0, 0, 0, 0, 0, 0, 0, 0, 0, 0, 0, 0, 0, 0, 0, 0, 1, 0, 0, 0, 0, 0, 0, 0, 1, 0, 0, 0, 0, 0, 0, 1, 0, 0, 0, 0, 0, 0, 0, 0, 0, 0, 0, 1, 0, 0, 0, 0, 0, 0, 0, 1, 0, 0, 0, 0, 1, 1, 0, 0, 0, 0, 0, 0, 0, 0, 1, 0, 0, 0, 0, 0, 0, 0, 0, 0, 1, 0, 0, 0, 0, 0, 0, 0, 0, 0, 0, 0, 1, 0, 0, 0, 0, 0, 0, 0, 0, 0, 0, 0, 0, 0, 0, 0, 0, 0, 0, 0, 1, 0, 1, 0, 0, 0, 0, 0, 0, 0, 0, 0, 0, 0, 0, 1, 0, 0, 0, 0, 0, 0, 0, 0, 0, 0, 0, 0, 1, 0, 0, 0, 0, 0, 1, 1, 0, 0, 1, 0, 0, 0, 1, 0, 0, 0, 0, 0, 0, 0, 0, 1, 0, 1, 0, 1, 0, 0, 1, 0, 0, 0, 1, 0, 0, 0, 0, 0, 1, 1, 0, 0, 0, 0, 0, 0, 1, 0, 0, 0, 0, 0, 1, 1, 0, 1, 1, 0, 0, 0, 0, 1, 0, 0, 0, 1, 0, 0, 0, 1, 0, 0, 0, 0, 0, 0, 0, 0, 0, 1, 0, 0, 0, 1, 0, 0, 0, 0, 0, 1, 0, 0, 1, 0, 0, 1, 0, 0, 1, 1, 0, 0, 1, 0, 1, 0, 0, 0, 0, 1, 0, 1, 1, 0, 0, 0, 0, 0, 1, 0, 0, 1, 1, 1, 0, 1, 0, 0, 0, 0, 0, 1, 1, 0, 0, 1, 1, 0, 0, 0, 0, 0, 0, 0, 0, 1, 0, 0, 0, 0, 0, 0, 0, 0, 0, 1, 0, 0, 0, 0, 0, 0, 0, 1, 0, 0, 0, 0, 1, 0, 0, 0, 0, 0, 0, 0, 0, 0, 0, 0, 0, 0, 0, 0, 0, 1, 0, 1, 0, 0, 0, 0]

BESTGEM=(89, 384, 0.23177083333333334)
LISTGEM=[0, 0, 0, 1, 1, 0, 0, 0, 0, 0, 0, 0, 0, 1, 0, 0, 0, 0, 0, 0, 0, 0, 0, 0, 1, 0, 0, 1, 0, 0, 0, 0, 0, 0, 0, 0, 0, 0, 0, 1, 1, 1, 1, 0, 0, 0, 0, 0, 0, 0, 1, 0, 0, 1, 0, 0, 0, 1, 0, 0, 1, 0, 0, 0, 1, 0, 0, 1, 0, 1, 0, 0, 0, 0, 0, 1, 0, 0, 1, 0, 0, 1, 0, 0, 0, 1, 0, 0, 0, 0, 0, 0, 0, 1, 0, 1, 1, 1, 0, 0, 0, 0, 0, 0, 0, 0, 0, 0, 0, 0, 1, 1, 1, 1, 0, 0, 0, 0, 0, 1, 0, 1, 0, 0, 0, 0, 0, 0, 0, 0, 1, 0, 0, 0, 0, 0, 0, 0, 0, 1, 0, 1, 1, 0, 0, 0, 0, 0, 0, 0, 0, 0, 0, 0, 0, 0, 1, 0, 0, 0, 0, 0, 1, 0, 1, 0, 0, 0, 0, 0, 0, 1, 0, 0, 1, 0, 0, 1, 0, 0, 0, 0, 0, 0, 0, 0, 0, 0, 0, 0, 0, 0, 0, 0, 0, 1, 1, 1, 1, 0, 1, 0, 0, 0, 0, 0, 0, 0, 0, 0, 0, 0, 0, 1, 0, 1, 1, 0, 0, 0, 0, 0, 0, 0, 0, 0, 0, 0, 0, 0, 1, 0, 1, 0, 0, 0, 0, 1, 1, 1, 0, 0, 1, 0, 1, 0, 0, 0, 0, 0, 0, 0, 0, 0, 0, 0, 0, 0, 0, 0, 0, 0, 0, 0, 0, 0, 0, 0, 0, 0, 0, 0, 0, 0, 1, 0, 0, 0, 0, 0, 0, 1, 0, 0, 0, 0, 0, 1, 0, 0, 1, 1, 0, 0, 0, 0, 1, 0, 0, 0, 0, 1, 0, 1, 1, 0, 0, 0, 0, 1, 1, 0, 0, 1, 1, 0, 1, 1, 0, 0, 0, 0, 0, 1, 0, 0, 0, 1, 1, 0, 0, 0, 0, 0, 0, 0, 0, 1, 0, 1, 0, 0, 0, 0, 1, 0, 1, 0, 0, 1, 0, 0, 0, 0, 1, 1, 0, 0, 0, 0, 1, 0, 0, 0, 0, 1, 0, 1, 0, 0, 0, 1, 0, 1, 1, 0, 0, 1, 0, 0, 1, 1, 0, 0]

