# shuffled stratified split (indices referring to UCR database)
TESTINDEX=[524  72 262 230 608 696 233 773 203  89 748 442 296 411 475 561 733 180
 410 502 762  55 253 242   3  58 723 655  19 509 175 202 654  62 365 162
 618 731 219 499 620 718 674 245  69 288 573 547 179 290 716 647 404  39
 381 183 743 468 303 464 401 452 392 412 455 425  99 184 695  81 566 758
 666 622  14 372 759 432 490 525 740  64 437 507 151 190 717  59 357 519
 756 127 625 672 318 529 174 113 350  85 711 713 223 212 391 616   5 766
 128 540 487 293 153 414 607 551 102 460  79 143 436 574 636 195 367 204
 591 569  40  42 419 729 565 498 386 260  22 558 596 451 516 395 266 568
 370 114 275 420 101 738  91 721  52 354 594 428 552 343 342 531 235 188
 747 239 755 521 483 321 681 458 309 424 138 308 441 197 131 312 259 512
 295 626 706 708 667  65  25 690 416 518 482 112 418 122 563 413 724  47
  80 334 206 263 581 171 291 390 472 394 276 284 302  88 726 186 727 774
 388 348 278  46 697   4 213  87 123 668 427 139 333 611 624 720 361 676
 767 297  77 479   0 638 722 732 103  11 426 307 602 289  13 283 281 134
 157 764 105 505 459 562  49  50 592 494  78 220 586 110 269 267 132 159
 247 653 546 382 564 585 679 752 614 376  18 149 693 603  97 715 434 701
 510 406 678  30 463 528 396 698 109 577  94  57 703 108 221 249  24 118
 584 371 217 571 536 176 659 340 378 635 461 657 265 741 226 287 135  35
 400 126 238 106 572 471  86 252 663 429 526 353 470 169 630 704 530 642
 634 405  98 243 497 355 196 251 229 189 387  26 301 323 241 539 205   9
 332 760 322 377 177   8 409 761 328 754 469 279 631 310 489 707 506 399
  36 628  31 141 329 349]
TRAININDEX=[218 523 317 335 237 556  48 670 351 438 337 522 160 136  83 116 140  43
 319  70 746 155 207 559 545 680  21 686 200 496 557 324 606 264 215 294
 224 597 119 683 104 339 694 649 431 533 503 439 500 338 292 257 583 691
 330 719 532 612 637 364 199 484 453 305 286 514 449 757  41 443 228  90
 360 244 590 315  38 173 737 613  84 142 374 145 739 272 477 359  20 456
 728 373 170 383 710  29 589 447 165 673 660 582 181 555 651  66 541 688
 156 306 282 658 111 736  61 236 537 345 341 402 580 652 677 488 692 656
 742 137  76 211 725 250 644 669 194 201 147 258 617 675 133 682 121 240
 130 513 336 587  68 152 415 623 700 270 234 326 702   6 534 421 117  74
   1 501  44   7   2  23 129 435 209 393 222 268 749 273 671 599 385 164
 515 366  34 178 664 462 316 770 446  92 271 474 685 615 314 549 650 380
  37 232 554 225  56 255 403 375 601 744 633 705 398 125 619 639  45 689
 397 645 604  54 485 445 150 504 508 699 299 478 511 543 575 735 277 709
 362 730 542 311 579 646 185 331 285 751 107 210  67 193  16 450 640 440
 384  53 544 495 379 124 641 527 325 158 344 520  96  73  75  60 214 423
 100  33 389 208 166 430 144 661 444  15 198 256 448 665 621 148 300 146
 227 407 734 320  63 491 352 553 476 422 560 358 161 408 595 248  71 192
 598 570 610 246 163 347  82 154 457 473 538 517 593 417 280 466 182  93
 467 274 632 327 298 535 216  17 261  95  27  32 304 191 550  10 172 765
 346  51 369 643 662 167 231 548 567 356 433 168 684 609 578 492 712 115
 493 465 486 454 588 714 254 368 687  12 481 576 605 648  28 627 753 363
 629 313 120 187 600 480]

# learned parameters for cdtw and gem
# dtw ((error, size, error/size), (window, sqr))
# gem ((error, size, error/size), (St0, St1, E, sym, sqr))
BESTLEARNCONSDTW=((67, 384, 0.17447916666666666), (0.12, True))
LISTLEARNCONSDTW=[((67, 384, 0.17447916666666666), (0.12, True)), ((68, 384, 0.17708333333333334), (0.11, True)), ((69, 384, 0.1796875), (0.13, True)), ((71, 384, 0.18489583333333334), (0.14000000000000001, True)), ((72, 384, 0.1875), (0.10000000000000001, True)), ((73, 384, 0.19010416666666666), (0.14999999999999999, True)), ((73, 384, 0.19010416666666666), (0.17000000000000001, True)), ((73, 384, 0.19010416666666666), (0.19, True)), ((74, 384, 0.19270833333333334), (0.089999999999999997, True)), ((74, 384, 0.19270833333333334), (0.16, True)), ((74, 384, 0.19270833333333334), (0.17999999999999999, True)), ((74, 384, 0.19270833333333334), (0.20000000000000001, True)), ((75, 384, 0.1953125), (0.080000000000000002, True)), ((81, 384, 0.2109375), (0.070000000000000007, True)), ((82, 384, 0.21354166666666666), (0.050000000000000003, True)), ((82, 384, 0.21354166666666666), (0.059999999999999998, True)), ((87, 384, 0.2265625), (0.029999999999999999, True)), ((87, 384, 0.2265625), (0.040000000000000001, True)), ((94, 384, 0.24479166666666666), (0.02, True)), ((113, 384, 0.29427083333333331), (0.01, True)), ((147, 384, 0.3828125), (0.0, True))]

BESTLEARNGEM=((91, 384, 0.23697916666666666), (2, 2, 0.03125, True, True))
LISTLEARNGEM=[((91, 384, 0.23697916666666666), (2, 2, 0.03125, True, True)), ((92, 384, 0.23958333333333334), (2, 2, 0.015625, True, True)), ((98, 384, 0.25520833333333331), (2, 2, 0.0078125, True, True)), ((100, 384, 0.26041666666666669), (2, 2, 0.0625, True, True)), ((106, 384, 0.27604166666666669), (2, 2, 0.00390625, True, True)), ((112, 384, 0.29166666666666669), (2, 2, 0, True, True)), ((113, 384, 0.29427083333333331), (2, 2, 0.125, True, True)), ((117, 384, 0.3046875), (2, 2, 0.25, True, True)), ((155, 384, 0.40364583333333331), (1, 1, 0.0078125, True, True)), ((155, 384, 0.40364583333333331), (1, 2, 0.0078125, True, True)), ((156, 384, 0.40625), (1, 1, 0.015625, True, True)), ((156, 384, 0.40625), (1, 2, 0.015625, True, True)), ((158, 384, 0.41145833333333331), (1, 1, 0.00390625, True, True)), ((158, 384, 0.41145833333333331), (1, 2, 0.00390625, True, True)), ((158, 384, 0.41145833333333331), (2, 1, 0.03125, True, True)), ((165, 384, 0.4296875), (1, 1, 0.03125, True, True)), ((165, 384, 0.4296875), (1, 2, 0.03125, True, True)), ((171, 384, 0.4453125), (2, 1, 0.0078125, True, True)), ((171, 384, 0.4453125), (2, 2, 0.5, True, True)), ((172, 384, 0.44791666666666669), (1, 1, 0.0625, True, True)), ((172, 384, 0.44791666666666669), (1, 2, 0.0625, True, True)), ((173, 384, 0.45052083333333331), (1, 1, 0, True, True)), ((173, 384, 0.45052083333333331), (1, 2, 0, True, True)), ((173, 384, 0.45052083333333331), (2, 1, 0.015625, True, True)), ((174, 384, 0.453125), (2, 1, 0.0625, True, True)), ((178, 384, 0.46354166666666669), (2, 1, 0.00390625, True, True)), ((185, 384, 0.48177083333333331), (2, 1, 0, True, True)), ((190, 384, 0.49479166666666669), (1, 1, 0.125, True, True)), ((190, 384, 0.49479166666666669), (1, 2, 0.125, True, True)), ((193, 384, 0.50260416666666663), (2, 1, 0.125, True, True)), ((222, 384, 0.578125), (1, 1, 0.25, True, True)), ((222, 384, 0.578125), (1, 2, 0.25, True, True)), ((234, 384, 0.609375), (2, 1, 0.25, True, True)), ((256, 384, 0.66666666666666663), (1, 1, 0.5, True, True)), ((256, 384, 0.66666666666666663), (1, 2, 0.5, True, True)), ((272, 384, 0.70833333333333337), (2, 1, 0.5, True, True))]


# error rates for different distance measures
# (error, size, error/size) and binary mask
BESTLP=(164, 384, 0.42708333333333331)
LISTLP=[0, 0, 0, 0, 0, 1, 0, 1, 0, 0, 0, 0, 0, 0, 0, 0, 1, 1, 1, 1, 1, 0, 0, 0, 1, 0, 0, 1, 0, 0, 1, 0, 1, 0, 0, 0, 1, 0, 0, 0, 0, 1, 0, 0, 1, 0, 0, 0, 1, 0, 0, 1, 0, 1, 1, 0, 1, 0, 1, 0, 0, 0, 0, 1, 0, 0, 1, 0, 0, 1, 0, 1, 1, 0, 1, 1, 1, 0, 0, 0, 0, 0, 1, 0, 0, 0, 0, 0, 1, 0, 1, 1, 0, 0, 1, 1, 0, 1, 0, 1, 0, 0, 0, 1, 1, 1, 0, 0, 1, 0, 1, 0, 1, 1, 1, 0, 0, 0, 0, 0, 1, 0, 1, 1, 0, 0, 0, 0, 0, 0, 0, 0, 0, 1, 1, 0, 0, 1, 0, 0, 1, 1, 1, 0, 0, 0, 0, 1, 0, 0, 1, 0, 0, 0, 1, 1, 0, 0, 1, 0, 1, 1, 1, 0, 1, 1, 0, 0, 1, 0, 0, 0, 1, 1, 1, 0, 0, 0, 1, 1, 0, 0, 0, 0, 1, 0, 1, 0, 1, 0, 1, 0, 0, 0, 0, 0, 0, 1, 1, 1, 0, 1, 0, 0, 0, 0, 0, 0, 0, 0, 0, 0, 0, 0, 0, 0, 1, 0, 1, 0, 1, 1, 0, 1, 1, 0, 1, 1, 0, 0, 1, 1, 0, 0, 0, 1, 1, 1, 0, 0, 1, 0, 0, 0, 1, 0, 0, 0, 0, 1, 1, 1, 1, 0, 0, 0, 1, 1, 1, 1, 0, 0, 1, 0, 1, 1, 1, 1, 0, 1, 1, 0, 0, 0, 1, 1, 1, 0, 0, 1, 1, 0, 0, 1, 1, 1, 1, 0, 0, 0, 0, 0, 0, 0, 1, 0, 0, 1, 1, 1, 0, 0, 0, 0, 0, 1, 1, 1, 1, 1, 0, 1, 0, 0, 1, 1, 1, 1, 0, 0, 1, 1, 0, 0, 1, 1, 1, 0, 0, 0, 0, 1, 1, 1, 1, 0, 1, 1, 0, 1, 0, 1, 0, 1, 1, 1, 0, 1, 1, 1, 0, 1, 0, 1, 0, 0, 0, 1, 1, 1, 0, 0, 0, 1, 0, 1, 0, 0, 1, 0, 0, 1, 1, 0, 0, 1, 0, 1, 1, 1, 1, 0, 0, 0]

BESTFULLDTW=(81, 384, 0.2109375)
LISTFULLDTW=[0, 0, 0, 0, 0, 0, 1, 0, 0, 1, 0, 0, 0, 0, 0, 0, 0, 1, 0, 0, 1, 0, 0, 0, 0, 0, 0, 1, 0, 0, 1, 0, 0, 0, 1, 0, 0, 0, 0, 0, 1, 1, 0, 0, 0, 0, 0, 0, 0, 0, 0, 0, 0, 1, 1, 0, 0, 1, 1, 0, 0, 0, 0, 0, 0, 0, 0, 0, 0, 0, 0, 0, 1, 0, 0, 0, 0, 0, 0, 0, 1, 0, 1, 0, 0, 0, 0, 0, 0, 0, 1, 0, 0, 0, 0, 0, 0, 1, 0, 1, 1, 0, 0, 0, 0, 0, 1, 0, 1, 0, 0, 0, 0, 0, 0, 0, 0, 0, 1, 0, 1, 0, 0, 0, 0, 0, 0, 0, 1, 1, 0, 1, 0, 1, 0, 0, 0, 1, 0, 0, 0, 1, 1, 1, 0, 0, 0, 1, 1, 0, 1, 0, 0, 0, 0, 0, 0, 0, 1, 0, 0, 0, 1, 0, 1, 1, 0, 1, 1, 0, 0, 0, 0, 0, 1, 1, 0, 0, 0, 0, 0, 0, 0, 0, 0, 0, 0, 0, 0, 0, 0, 0, 0, 0, 0, 0, 0, 0, 0, 1, 0, 0, 0, 0, 0, 0, 0, 0, 0, 1, 0, 0, 0, 1, 0, 0, 1, 0, 0, 0, 0, 0, 0, 0, 0, 0, 0, 0, 1, 0, 1, 1, 0, 0, 0, 0, 1, 0, 0, 0, 0, 0, 0, 0, 0, 0, 0, 0, 0, 0, 0, 0, 0, 0, 0, 0, 1, 1, 1, 0, 0, 0, 0, 0, 0, 0, 0, 0, 1, 1, 1, 1, 0, 0, 1, 0, 1, 0, 0, 0, 1, 0, 0, 1, 1, 0, 1, 1, 0, 0, 0, 0, 0, 0, 0, 0, 0, 0, 0, 1, 0, 1, 0, 0, 0, 0, 0, 0, 0, 1, 0, 0, 0, 0, 1, 0, 0, 1, 1, 0, 0, 0, 0, 0, 1, 0, 1, 0, 0, 1, 0, 0, 0, 0, 0, 0, 0, 0, 0, 0, 0, 0, 0, 0, 1, 1, 0, 0, 0, 0, 0, 0, 0, 0, 0, 0, 0, 0, 0, 1, 0, 0, 0, 0, 0, 1, 0, 0, 0, 0, 0, 0, 0, 0, 0, 0, 0, 1, 1, 0, 0, 0, 0, 1]

BESTCONSDTW=(80, 384, 0.20833333333333334)
LISTCONSDTW=[0, 0, 0, 0, 0, 0, 1, 0, 0, 1, 0, 0, 0, 0, 0, 0, 1, 1, 1, 0, 1, 0, 0, 0, 0, 0, 0, 1, 0, 0, 1, 0, 0, 0, 0, 0, 0, 0, 0, 0, 1, 1, 1, 0, 0, 0, 0, 0, 0, 0, 0, 0, 0, 1, 1, 0, 0, 0, 0, 0, 0, 0, 0, 0, 0, 0, 1, 0, 0, 0, 0, 0, 1, 0, 1, 0, 0, 0, 0, 0, 1, 0, 1, 0, 0, 0, 0, 0, 0, 0, 1, 0, 0, 0, 0, 1, 0, 0, 0, 1, 0, 0, 0, 0, 0, 0, 1, 0, 1, 0, 0, 0, 0, 0, 0, 0, 0, 0, 0, 0, 0, 0, 0, 0, 0, 0, 0, 0, 1, 1, 0, 1, 0, 1, 0, 0, 0, 1, 0, 0, 0, 1, 1, 1, 0, 0, 0, 1, 1, 0, 1, 0, 0, 0, 0, 0, 0, 1, 1, 0, 0, 0, 1, 0, 0, 1, 0, 0, 0, 0, 0, 0, 1, 0, 1, 1, 0, 0, 0, 0, 0, 0, 0, 0, 0, 0, 0, 0, 0, 0, 0, 0, 0, 0, 0, 0, 0, 0, 0, 1, 0, 0, 0, 0, 0, 0, 0, 0, 0, 0, 0, 0, 0, 1, 0, 0, 1, 0, 0, 0, 0, 0, 0, 0, 0, 0, 0, 1, 0, 0, 1, 1, 0, 0, 0, 0, 1, 0, 0, 0, 0, 0, 0, 0, 0, 0, 0, 0, 0, 0, 0, 1, 0, 0, 0, 0, 1, 1, 1, 0, 0, 0, 0, 0, 0, 1, 0, 0, 1, 1, 1, 1, 0, 0, 1, 0, 0, 0, 0, 0, 1, 0, 0, 1, 1, 0, 1, 1, 0, 0, 0, 0, 0, 0, 0, 0, 0, 0, 0, 1, 0, 1, 0, 0, 0, 0, 0, 0, 0, 1, 0, 0, 0, 0, 1, 0, 0, 1, 1, 0, 0, 0, 0, 0, 1, 0, 1, 0, 0, 0, 0, 0, 0, 0, 0, 0, 1, 1, 0, 0, 0, 0, 0, 0, 0, 1, 0, 1, 0, 0, 0, 0, 0, 0, 0, 0, 0, 0, 0, 1, 0, 0, 0, 0, 0, 1, 0, 0, 0, 0, 0, 0, 0, 0, 0, 1, 0, 1, 1, 0, 0, 0, 0, 0]

BESTGEM=(91, 384, 0.23697916666666666)
LISTGEM=[0, 0, 0, 0, 1, 0, 1, 0, 0, 1, 0, 0, 0, 0, 0, 0, 1, 1, 1, 1, 1, 0, 0, 0, 0, 0, 0, 0, 0, 0, 1, 0, 1, 0, 1, 0, 0, 0, 0, 0, 0, 1, 0, 0, 1, 0, 1, 0, 0, 0, 0, 1, 0, 0, 1, 0, 0, 0, 0, 0, 0, 0, 0, 0, 0, 0, 1, 0, 0, 0, 1, 0, 1, 0, 0, 0, 0, 1, 0, 0, 1, 0, 1, 0, 0, 0, 0, 1, 0, 0, 1, 1, 0, 0, 0, 0, 0, 0, 0, 0, 1, 0, 0, 0, 1, 0, 0, 0, 1, 0, 0, 0, 1, 0, 0, 0, 0, 0, 1, 1, 1, 1, 0, 0, 0, 0, 0, 0, 0, 0, 0, 1, 0, 0, 1, 0, 0, 0, 0, 0, 0, 1, 1, 1, 0, 0, 0, 1, 1, 0, 1, 0, 0, 0, 0, 0, 0, 0, 0, 0, 1, 0, 0, 0, 0, 1, 0, 0, 1, 0, 0, 0, 1, 0, 1, 0, 0, 0, 0, 0, 0, 0, 0, 0, 0, 0, 1, 0, 0, 0, 1, 0, 0, 0, 0, 0, 0, 0, 0, 0, 0, 0, 0, 0, 0, 0, 0, 0, 0, 0, 0, 0, 0, 0, 0, 0, 1, 0, 1, 0, 1, 0, 0, 0, 0, 0, 0, 1, 0, 0, 0, 0, 0, 0, 0, 0, 0, 0, 0, 1, 0, 0, 0, 0, 0, 0, 0, 0, 0, 1, 0, 1, 0, 0, 0, 0, 1, 1, 0, 0, 0, 0, 0, 0, 1, 0, 0, 0, 0, 1, 1, 1, 0, 0, 1, 0, 0, 0, 0, 0, 1, 0, 0, 1, 1, 0, 1, 0, 1, 0, 0, 1, 0, 0, 0, 0, 0, 0, 1, 1, 0, 0, 0, 0, 0, 1, 0, 0, 0, 1, 0, 1, 0, 0, 1, 0, 0, 1, 1, 0, 0, 1, 0, 0, 0, 1, 1, 0, 0, 1, 0, 1, 0, 0, 1, 0, 0, 0, 0, 0, 0, 0, 0, 0, 0, 1, 0, 1, 1, 0, 0, 0, 0, 1, 0, 0, 0, 0, 0, 0, 0, 0, 0, 0, 0, 1, 0, 0, 0, 0, 0, 1, 1, 0, 0, 0, 0, 1, 0, 0, 0, 0, 0, 1]

