# shuffled stratified split (indices referring to UCR database)
TESTINDEX=[664 214 564 510 491 723 377 672 724   0  87 742 345 631 767  55  13 447
 228  89 129 518 606 519 319 726 241 270 337 688  73 481 514 708 181 152
  76 119  59 356 251   8 243 226 294 687 434 657 455 471 418 236  95 462
 191 465 707 386 186 547 598  35 590  29 210  42 368  88 395 373 493  47
 302 489 516 686 387 765  63 403 497 171 457 718 646 522  72 290 260 173
 652 548   7 113 388  34 615 622 201 432 637 567 177 200 305 527 642 289
 446 141 336 184 291 566 230 137 706 485 147 508 630 273 143 394 450 195
 569 278 334 421 720 135 689  71 254  40 619 479 634  30 187  78 105 218
 190 292 314 441 562 139 389 650 352 169 593  10 266  67 620 125 229 483
 757 534 709 378 506 199 628 722 329 675 487  37 552 339 261 114 546 702
 488 752 681 454 502 320 549  92 537 262  69 531 126 586   3 472 591 425
 748 232 221 422 323 175 662 134 324 269 717 444 111 349 188 587 258 747
 333  85 252 613 202 381 133 108 694 540 625 737 643 338 492 405 558 663
 431 185 297   5 253  75 739 528 445 621 690 335  12 470 705 374 699 174
 577 585  62 759 365 146 282 132 110 582 671 571 249 263 121 239 713 490
 736 538 353 124  70 592 579 610 654 507 379 383 544 738 385 659 328 332
  14 192 127 370 264 315 149 116  97 161 223 106 530 656 545 304 715 376
 343 476 728  64 163 215 390 271  52 641  28 321 237 468 557  31 704 635
  91 404 684 123 599 172 247 439 607  86  44 285 245 198 703 644 494 136
 682 248 575 165 417 512 401 238 436 402 440 327 604  49 101 179 272 160
 216 413 753 189  48 359 451 584 414 286 541 398 364 466 164 496 433 384
  51 310  50 563 513 685]
TRAININDEX=[509 204  84 756 755 419 231 265 416  16 362 758 515 109 618 427  99 363
 555  65 138 480   2 391 217 325 719 144 276 764 700 300  57  22  98 770
  81 167 301 322 438 280 371 131 600 669  15 580 153 626 749 393 734 463
 680 725 361 594  74 100 649 556 676 400 182 112 458 624 197 326 632 701
 553 551 159 543  83 766 448 614  61 397 155 572 259 550 399  32 449 307
 559 246  60 581  82 170 561 303 435 154 495 658 529 665 209 677 103 227
 104 203 233  33 595 498 281  41 511 366 415   9 484   4 208 168 732 318
 751 130 183 608 350  17 372 746 331 196 406 424 639 308 478 464 156 317
 651 461 240 743  39 235 633 407  19 670 279 296 316 697 102 741 206 211
 410 453 277 380 486 346 674 517  11 443 150 250 501 524 774 313 178 655
 712 648 661 573 166 255  20 220  79 754 605 735 423 729  94 118 284 375
 616 683 411  93 638 721  21  66 283 668 467 148  56 761 533 219 589 157
 213 412 691 205 640 762 287 312 536 692 408  23  68 242 535 256 426 716
 482  43 382 342 711  77 176 504 193 731 596  53 629 344 710 583 568 115
 207 660 293 597  46 351 140 428 158 437 224 678 698 760 602  25 330 347
 667  54 460 733 520 396  26 647 194 523 773 477 298 180  27 306 367 145
 456 244 358 576 603 695 473 120 288  80 653 609   1 409 122 267 574 420
 532 474 142 525 212 744 117 611 392 565 469 295 645 128 499 673 730 442
 341   6  90 636 430 617 354 554 666 225 268 727 526  58 162 679 500 452
 623  18 542 740 560 348 693 714 257  96 234 505  24 539 578 459 503 696
 340 274 275 627 357 588 521 360 151 570 222 355 475  36  45 429  38 107
 309 299 369 601 311 612]

# learned parameters for cdtw and gem
# dtw ((error, size, error/size), (window, sqr))
# gem ((error, size, error/size), (St0, St1, E, sym, sqr))
BESTLEARNCONSDTW=((74, 384, 0.19270833333333334), (0.19, True))
LISTLEARNCONSDTW=[((74, 384, 0.19270833333333334), (0.19, True)), ((75, 384, 0.1953125), (0.17999999999999999, True)), ((76, 384, 0.19791666666666666), (0.12, True)), ((76, 384, 0.19791666666666666), (0.14000000000000001, True)), ((77, 384, 0.20052083333333334), (0.14999999999999999, True)), ((77, 384, 0.20052083333333334), (0.17000000000000001, True)), ((77, 384, 0.20052083333333334), (0.20000000000000001, True)), ((78, 384, 0.203125), (0.11, True)), ((78, 384, 0.203125), (0.16, True)), ((79, 384, 0.20572916666666666), (0.13, True)), ((82, 384, 0.21354166666666666), (0.070000000000000007, True)), ((83, 384, 0.21614583333333334), (0.059999999999999998, True)), ((83, 384, 0.21614583333333334), (0.089999999999999997, True)), ((84, 384, 0.21875), (0.080000000000000002, True)), ((84, 384, 0.21875), (0.10000000000000001, True)), ((87, 384, 0.2265625), (0.050000000000000003, True)), ((98, 384, 0.25520833333333331), (0.040000000000000001, True)), ((104, 384, 0.27083333333333331), (0.029999999999999999, True)), ((111, 384, 0.2890625), (0.02, True)), ((128, 384, 0.33333333333333331), (0.01, True)), ((163, 384, 0.42447916666666669), (0.0, True))]

BESTLEARNGEM=((87, 384, 0.2265625), (2, 2, 0.03125, True, True))
LISTLEARNGEM=[((87, 384, 0.2265625), (2, 2, 0.03125, True, True)), ((91, 384, 0.23697916666666666), (2, 2, 0.0625, True, True)), ((92, 384, 0.23958333333333334), (2, 2, 0.015625, True, True)), ((96, 384, 0.25), (2, 2, 0.0078125, True, True)), ((99, 384, 0.2578125), (2, 2, 0.00390625, True, True)), ((100, 384, 0.26041666666666669), (2, 2, 0.125, True, True)), ((112, 384, 0.29166666666666669), (2, 2, 0, True, True)), ((125, 384, 0.32552083333333331), (2, 2, 0.25, True, True)), ((149, 384, 0.38802083333333331), (2, 2, 0.5, True, True)), ((156, 384, 0.40625), (2, 1, 0.015625, True, True)), ((160, 384, 0.41666666666666669), (2, 1, 0.03125, True, True)), ((166, 384, 0.43229166666666669), (2, 1, 0.0078125, True, True)), ((169, 384, 0.44010416666666669), (2, 1, 0.0625, True, True)), ((174, 384, 0.453125), (1, 1, 0.0078125, True, True)), ((174, 384, 0.453125), (1, 2, 0.0078125, True, True)), ((175, 384, 0.45572916666666669), (1, 1, 0, True, True)), ((175, 384, 0.45572916666666669), (1, 1, 0.00390625, True, True)), ((175, 384, 0.45572916666666669), (1, 2, 0, True, True)), ((175, 384, 0.45572916666666669), (1, 2, 0.00390625, True, True)), ((175, 384, 0.45572916666666669), (2, 1, 0.00390625, True, True)), ((177, 384, 0.4609375), (1, 1, 0.015625, True, True)), ((177, 384, 0.4609375), (1, 2, 0.015625, True, True)), ((182, 384, 0.47395833333333331), (1, 1, 0.03125, True, True)), ((182, 384, 0.47395833333333331), (1, 2, 0.03125, True, True)), ((183, 384, 0.4765625), (1, 1, 0.0625, True, True)), ((183, 384, 0.4765625), (1, 2, 0.0625, True, True)), ((184, 384, 0.47916666666666669), (2, 1, 0, True, True)), ((197, 384, 0.51302083333333337), (1, 1, 0.125, True, True)), ((197, 384, 0.51302083333333337), (1, 2, 0.125, True, True)), ((197, 384, 0.51302083333333337), (2, 1, 0.125, True, True)), ((224, 384, 0.58333333333333337), (1, 1, 0.25, True, True)), ((224, 384, 0.58333333333333337), (1, 2, 0.25, True, True)), ((238, 384, 0.61979166666666663), (2, 1, 0.25, True, True)), ((274, 384, 0.71354166666666663), (1, 1, 0.5, True, True)), ((274, 384, 0.71354166666666663), (1, 2, 0.5, True, True)), ((277, 384, 0.72135416666666663), (2, 1, 0.5, True, True))]


# error rates for different distance measures
# (error, size, error/size) and binary mask
BESTLP=(155, 384, 0.40364583333333331)
LISTLP=[1, 1, 1, 1, 1, 1, 1, 0, 1, 0, 1, 1, 0, 0, 0, 0, 1, 0, 0, 0, 1, 0, 1, 1, 1, 0, 0, 1, 0, 1, 0, 0, 0, 0, 1, 1, 1, 0, 0, 0, 1, 1, 1, 1, 1, 0, 1, 1, 0, 0, 0, 1, 0, 0, 0, 0, 1, 0, 1, 0, 1, 0, 1, 0, 1, 0, 1, 0, 1, 1, 1, 1, 0, 0, 1, 0, 0, 0, 1, 1, 0, 1, 1, 1, 0, 0, 0, 0, 0, 0, 0, 0, 0, 0, 1, 1, 0, 0, 0, 1, 0, 1, 0, 1, 0, 0, 1, 0, 0, 0, 1, 0, 0, 1, 0, 0, 0, 0, 1, 0, 0, 0, 1, 0, 0, 1, 0, 1, 1, 0, 1, 0, 0, 0, 0, 0, 1, 0, 1, 1, 1, 1, 0, 0, 0, 0, 1, 1, 1, 0, 0, 1, 0, 1, 1, 1, 1, 1, 0, 0, 0, 0, 1, 0, 0, 1, 0, 1, 1, 0, 0, 0, 1, 0, 0, 1, 0, 0, 1, 1, 1, 0, 0, 0, 1, 0, 1, 1, 0, 0, 1, 0, 0, 1, 1, 1, 0, 0, 1, 0, 0, 1, 0, 1, 1, 1, 0, 1, 1, 0, 1, 1, 1, 0, 0, 1, 0, 1, 1, 0, 0, 1, 0, 0, 0, 0, 0, 0, 1, 0, 1, 0, 1, 1, 1, 0, 0, 0, 0, 0, 0, 0, 0, 0, 0, 0, 0, 1, 0, 0, 0, 0, 1, 1, 0, 1, 0, 0, 1, 0, 1, 0, 0, 0, 0, 1, 1, 0, 0, 0, 0, 0, 0, 0, 0, 0, 0, 0, 0, 1, 0, 1, 1, 0, 0, 1, 1, 0, 1, 1, 1, 0, 1, 0, 0, 1, 1, 0, 0, 0, 0, 0, 1, 0, 1, 0, 0, 0, 0, 0, 0, 1, 0, 0, 0, 1, 0, 1, 0, 1, 0, 1, 1, 1, 1, 1, 0, 1, 0, 0, 1, 0, 1, 0, 0, 0, 0, 0, 0, 0, 0, 1, 1, 0, 0, 0, 1, 1, 0, 1, 0, 0, 0, 0, 0, 1, 0, 1, 0, 0, 0, 0, 0, 1, 0, 1, 0, 1, 0, 0, 0, 0, 0, 1, 1, 0, 1, 0, 0, 0, 1, 1, 0, 0]

BESTFULLDTW=(74, 384, 0.19270833333333334)
LISTFULLDTW=[1, 0, 1, 0, 0, 0, 0, 0, 1, 0, 0, 0, 0, 0, 0, 0, 0, 0, 0, 1, 0, 0, 0, 0, 0, 0, 0, 0, 0, 0, 0, 0, 0, 0, 1, 1, 0, 0, 0, 0, 0, 1, 1, 0, 1, 0, 1, 1, 0, 1, 0, 1, 0, 0, 1, 0, 1, 0, 1, 1, 0, 0, 0, 0, 1, 0, 0, 0, 1, 0, 0, 0, 0, 0, 0, 0, 0, 0, 1, 0, 0, 0, 1, 1, 0, 0, 0, 0, 0, 1, 0, 0, 0, 0, 1, 0, 0, 0, 0, 0, 0, 0, 0, 0, 1, 0, 1, 1, 0, 0, 0, 0, 0, 1, 0, 0, 0, 0, 1, 1, 0, 0, 0, 0, 0, 0, 0, 0, 1, 0, 1, 0, 0, 0, 0, 0, 0, 0, 0, 0, 0, 0, 1, 0, 0, 0, 0, 1, 0, 0, 0, 0, 0, 1, 1, 0, 1, 0, 1, 0, 0, 0, 1, 0, 0, 0, 0, 0, 0, 0, 0, 0, 0, 1, 0, 0, 0, 0, 0, 0, 0, 0, 0, 0, 0, 0, 0, 1, 0, 1, 0, 0, 0, 0, 0, 0, 0, 0, 0, 0, 0, 0, 0, 1, 1, 0, 0, 0, 0, 0, 0, 0, 0, 0, 0, 1, 0, 1, 0, 0, 0, 1, 0, 0, 0, 0, 0, 0, 0, 0, 0, 0, 0, 0, 0, 0, 0, 1, 0, 0, 0, 0, 0, 0, 0, 0, 0, 1, 0, 0, 0, 0, 0, 0, 0, 0, 0, 0, 0, 1, 0, 0, 0, 0, 0, 0, 0, 0, 0, 0, 0, 0, 0, 0, 0, 0, 0, 0, 1, 0, 0, 1, 0, 0, 0, 0, 0, 0, 0, 1, 1, 0, 1, 0, 0, 0, 1, 0, 0, 0, 0, 0, 1, 0, 0, 0, 0, 0, 0, 0, 0, 0, 0, 0, 0, 1, 1, 0, 0, 0, 0, 0, 0, 0, 1, 0, 0, 0, 0, 0, 0, 0, 1, 0, 0, 0, 0, 0, 0, 1, 0, 1, 0, 0, 0, 0, 1, 0, 0, 1, 1, 0, 0, 0, 1, 1, 0, 0, 0, 0, 0, 0, 0, 0, 0, 1, 0, 1, 0, 0, 0, 1, 0, 1, 0, 0, 1, 0, 0, 0, 0, 0, 1, 0]

BESTCONSDTW=(74, 384, 0.19270833333333334)
LISTCONSDTW=[0, 0, 1, 0, 0, 0, 0, 0, 1, 0, 0, 0, 0, 0, 0, 0, 0, 0, 0, 1, 0, 0, 0, 0, 0, 0, 0, 0, 0, 0, 0, 0, 0, 0, 1, 1, 0, 0, 0, 0, 0, 1, 1, 0, 1, 0, 1, 1, 0, 1, 0, 1, 0, 0, 0, 0, 1, 0, 1, 1, 0, 0, 0, 0, 1, 0, 0, 0, 1, 1, 0, 0, 0, 0, 0, 0, 0, 0, 1, 0, 0, 0, 1, 1, 0, 0, 0, 0, 0, 1, 0, 0, 0, 0, 1, 0, 0, 0, 0, 1, 0, 0, 0, 0, 1, 0, 1, 1, 0, 0, 0, 0, 0, 1, 0, 0, 0, 0, 1, 1, 0, 0, 0, 0, 0, 0, 0, 0, 1, 0, 1, 0, 0, 0, 0, 0, 0, 0, 0, 0, 0, 0, 1, 0, 0, 0, 0, 1, 0, 0, 0, 0, 0, 1, 1, 0, 1, 0, 1, 0, 0, 0, 1, 0, 0, 0, 0, 0, 0, 0, 0, 0, 0, 1, 0, 0, 0, 0, 0, 0, 0, 0, 0, 0, 0, 0, 0, 1, 0, 1, 0, 0, 0, 0, 0, 0, 0, 0, 0, 0, 0, 0, 0, 1, 1, 1, 0, 0, 0, 0, 0, 0, 0, 0, 0, 1, 0, 1, 0, 0, 0, 1, 0, 0, 0, 0, 0, 0, 0, 0, 0, 0, 0, 0, 0, 0, 0, 1, 0, 0, 0, 0, 0, 0, 0, 0, 0, 0, 0, 0, 0, 0, 0, 0, 0, 0, 0, 0, 0, 1, 0, 0, 0, 0, 0, 0, 0, 0, 0, 0, 0, 0, 0, 0, 0, 0, 0, 0, 1, 0, 0, 1, 0, 0, 0, 0, 0, 0, 0, 1, 1, 0, 1, 0, 0, 0, 1, 0, 0, 0, 0, 0, 1, 0, 0, 0, 0, 0, 0, 0, 0, 0, 0, 0, 0, 1, 1, 0, 0, 1, 0, 0, 0, 0, 1, 0, 0, 0, 0, 0, 0, 0, 1, 0, 0, 0, 0, 0, 0, 1, 0, 1, 0, 0, 0, 0, 1, 0, 0, 1, 1, 0, 0, 0, 1, 1, 0, 0, 0, 0, 0, 0, 0, 0, 0, 1, 0, 0, 0, 0, 0, 1, 0, 1, 0, 0, 1, 0, 0, 0, 0, 0, 1, 0]

BESTGEM=(84, 384, 0.21875)
LISTGEM=[1, 0, 0, 1, 0, 0, 0, 0, 0, 0, 0, 1, 1, 0, 0, 0, 0, 0, 0, 0, 0, 0, 0, 0, 0, 0, 0, 0, 0, 1, 0, 0, 0, 0, 1, 1, 0, 0, 1, 0, 0, 0, 0, 0, 1, 1, 1, 1, 0, 0, 0, 0, 0, 1, 0, 1, 0, 1, 0, 0, 0, 0, 0, 0, 1, 0, 0, 0, 1, 1, 0, 0, 0, 0, 1, 0, 0, 0, 1, 0, 0, 0, 1, 1, 0, 0, 0, 0, 0, 0, 0, 1, 1, 0, 0, 1, 0, 0, 0, 1, 0, 0, 0, 0, 0, 0, 0, 0, 0, 0, 0, 0, 0, 1, 0, 0, 0, 0, 1, 0, 0, 0, 0, 0, 0, 0, 0, 0, 0, 0, 0, 0, 0, 0, 0, 0, 0, 0, 0, 1, 0, 0, 0, 0, 0, 0, 1, 1, 1, 0, 0, 0, 0, 0, 0, 0, 1, 1, 0, 0, 0, 0, 1, 0, 0, 0, 0, 1, 0, 0, 0, 1, 0, 0, 0, 0, 0, 0, 0, 0, 1, 0, 0, 0, 0, 1, 0, 0, 0, 1, 1, 0, 1, 1, 0, 0, 0, 0, 1, 0, 0, 0, 0, 1, 1, 1, 0, 0, 1, 0, 0, 1, 0, 1, 0, 0, 0, 0, 1, 0, 0, 1, 1, 0, 0, 0, 0, 0, 0, 0, 0, 0, 0, 0, 0, 0, 0, 0, 0, 1, 0, 0, 0, 0, 0, 0, 0, 0, 0, 0, 0, 0, 0, 0, 0, 0, 1, 0, 1, 1, 0, 0, 0, 1, 0, 0, 1, 0, 0, 0, 0, 0, 0, 0, 0, 0, 0, 1, 1, 0, 0, 1, 0, 0, 0, 1, 0, 0, 1, 0, 0, 0, 1, 0, 0, 0, 1, 0, 0, 0, 0, 0, 0, 0, 0, 0, 0, 0, 0, 0, 0, 0, 0, 0, 0, 1, 1, 0, 0, 0, 0, 1, 0, 0, 1, 0, 0, 0, 0, 0, 1, 0, 1, 0, 0, 1, 0, 0, 0, 0, 0, 1, 0, 0, 0, 1, 1, 0, 0, 1, 1, 0, 0, 0, 0, 0, 0, 0, 0, 0, 0, 0, 0, 0, 0, 1, 0, 1, 0, 1, 0, 1, 0, 0, 0, 0, 1, 0, 0, 0, 0, 0, 1, 0]

