# shuffled stratified split (indices referring to UCR database)
TESTINDEX=[558 647 132 729 463  27 638 547 184 391 285 344 307  98 124 228 454 225
 581 108 710 445 628 367 409 185 423  80  77 234 212 596 145 146 242 432
 676 503 543 469 111  12 658 604 329 343 483 158 626 682 274 390 602 511
 438 613 419 161  26 749  62  20 191 753 152  67 567  24 215 470   0 269
 443 574 675 553 298 693 477  94  86 309 572 515 192 625 661  34 219  90
 728  49 554 657 421 194 659 346 149 315 654 592 254 605 706 734  38 691
  42 497 314 369 589 401  14 730 774 323 490 540 204 680 318 244 485 741
 141 664 345 222 453 608 506 321 636 764 257 651 411 632 578 496  56 570
 529 569 135  71 413 465 758 144 113 492 762  52 422 478 562 178  99 167
 259 136   1 637 206 712  79 336  45 667 521 293  19 236 211 118 253  65
   2 480 382 538 610 697 662 408 679 114 270 505 523 207 238 279 499 433
 474 163 656  88 527 256 619 262 103 444 357 268 122 673 112 404 514 648
 765 300 557 546 752 237 735  18 216 332 593 398 531 251 751 246  72 349
 530 188 288 286 129 681 267 677 532 243 263 533 524  35  75 171 157 591
 107 415 226 757 292 722 148 320 754 510 294 350 123 458 579  96 714 555
 360 101 128 552 678 644 370  82 717 203 512  30 217  58  93 389 522 508
 205 190 588 694 612 322 597 482 120  47 528 535 746 131 585 719 356 223
 695 671  97  81 297 182 283 334 663 420 361 620 436 151  74  31 674 328
 560 372 732 416 143 452  13 417   8 418 702 325 472 147 737 255 363 726
  48 442 166 385  60 736   6 718 623 709 168 395 479 696 233 305 258 245
 603 355 214 683 617 556 455 441 684 481 727 624 362 195 634 155 488 116
 181 606  68 265 189 577]
TRAININDEX=[379  87  21  39 471  54 457 509 573  63  33 193 170 218 692 629  36 518
 461 559  89 403 740 290 150 272 426  95 595 645 689   3 494 412 456 295
 239 685 220 341  44 304 392 306 284 609 703 544 347 130 473 230  23 232
 551 571  51 761 542  37 299  29 576 127 209 700 261 466 271 308 196  40
 643 616 489 248 670 139 324 450 424 351 525 549 180 738 655 266 384 440
 407 388  16 227 716   9 733 399 134 282 601 380 650  32 582 281  17 690
  91 287 235  78 358 747 731 575 348  46 720 642 104 704 537 507 280   4
  92 721 224 701 165 275 687 587 715 264 331 221 434 313 289 208 378 451
 187 375 594 584 119 159 277 665 312 563  55 164   7 493  25 519 137 711
 229 600 583 405 526 698 179  10  53 406 199 303 310  85 386 618 175 247
 311 653 622 688 387 173 669 213 278 109 468 498 153 397 252 396 599 176
 615  73 500 621 770 301 725 598 133 431 201 126  70 723 342 707 459 446
 376 437 568 366 590 154 296 377 652 611 381 273 744 337 708  28 539 586
 359 169 760 705  66  61 447   5 756 340 365  50 156 250 565 335 464  84
 427 439 640 649 631 371 106 276 699 536 383 476 319 291 713 541 393 742
 138 513 172 425 327 338 724  43 177 198 660 105 352 368 435 125 428 302
 743  22  41 240 627 121 353 475 449 545 755  76 160 241 330 448 142  83
 666 773 495 517 487 635 614 117 231 210  11 162 462 316 646 140 564 767
 460 639 748 100 467  69 174 686 607 504 339 548  64 110 402 633 430 641
 516 501 410 200  59 484 186 394  15 317 630 550 249 414 486 491 580 561
 668 759 739 429 672 766 374 373 260  57 202 354 566 534 400 333 183 520
 326 364 197 502 102 115]

# learned parameters for cdtw and gem
# dtw ((error, size, error/size), (window, sqr))
# gem ((error, size, error/size), (St0, St1, E, sym, sqr))
BESTLEARNCONSDTW=((80, 384, 0.20833333333333334), (0.10000000000000001, True))
LISTLEARNCONSDTW=[((80, 384, 0.20833333333333334), (0.089999999999999997, True)), ((80, 384, 0.20833333333333334), (0.10000000000000001, True)), ((81, 384, 0.2109375), (0.11, True)), ((81, 384, 0.2109375), (0.14000000000000001, True)), ((82, 384, 0.21354166666666666), (0.070000000000000007, True)), ((82, 384, 0.21354166666666666), (0.12, True)), ((83, 384, 0.21614583333333334), (0.080000000000000002, True)), ((83, 384, 0.21614583333333334), (0.14999999999999999, True)), ((84, 384, 0.21875), (0.059999999999999998, True)), ((84, 384, 0.21875), (0.13, True)), ((86, 384, 0.22395833333333334), (0.050000000000000003, True)), ((86, 384, 0.22395833333333334), (0.16, True)), ((86, 384, 0.22395833333333334), (0.20000000000000001, True)), ((87, 384, 0.2265625), (0.17000000000000001, True)), ((87, 384, 0.2265625), (0.19, True)), ((89, 384, 0.23177083333333334), (0.17999999999999999, True)), ((90, 384, 0.234375), (0.040000000000000001, True)), ((97, 384, 0.25260416666666669), (0.029999999999999999, True)), ((107, 384, 0.27864583333333331), (0.02, True)), ((121, 384, 0.31510416666666669), (0.01, True)), ((162, 384, 0.421875), (0.0, True))]

BESTLEARNGEM=((77, 384, 0.20052083333333334), (2, 2, 0.015625, True, True))
LISTLEARNGEM=[((77, 384, 0.20052083333333334), (2, 2, 0.015625, True, True)), ((81, 384, 0.2109375), (2, 2, 0.03125, True, True)), ((84, 384, 0.21875), (2, 2, 0.00390625, True, True)), ((85, 384, 0.22135416666666666), (2, 2, 0, True, True)), ((85, 384, 0.22135416666666666), (2, 2, 0.0078125, True, True)), ((85, 384, 0.22135416666666666), (2, 2, 0.0625, True, True)), ((102, 384, 0.265625), (2, 2, 0.125, True, True)), ((134, 384, 0.34895833333333331), (2, 2, 0.25, True, True)), ((163, 384, 0.42447916666666669), (2, 1, 0.015625, True, True)), ((164, 384, 0.42708333333333331), (2, 1, 0.03125, True, True)), ((170, 384, 0.44270833333333331), (2, 1, 0.0078125, True, True)), ((179, 384, 0.46614583333333331), (1, 1, 0.00390625, True, True)), ((179, 384, 0.46614583333333331), (1, 1, 0.03125, True, True)), ((179, 384, 0.46614583333333331), (1, 2, 0.00390625, True, True)), ((179, 384, 0.46614583333333331), (1, 2, 0.03125, True, True)), ((179, 384, 0.46614583333333331), (2, 2, 0.5, True, True)), ((183, 384, 0.4765625), (2, 1, 0.0625, True, True)), ((184, 384, 0.47916666666666669), (1, 1, 0.0078125, True, True)), ((184, 384, 0.47916666666666669), (1, 2, 0.0078125, True, True)), ((184, 384, 0.47916666666666669), (2, 1, 0.00390625, True, True)), ((185, 384, 0.48177083333333331), (1, 1, 0.0625, True, True)), ((185, 384, 0.48177083333333331), (1, 2, 0.0625, True, True)), ((187, 384, 0.48697916666666669), (1, 1, 0, True, True)), ((187, 384, 0.48697916666666669), (1, 2, 0, True, True)), ((188, 384, 0.48958333333333331), (1, 1, 0.015625, True, True)), ((188, 384, 0.48958333333333331), (1, 2, 0.015625, True, True)), ((192, 384, 0.5), (2, 1, 0, True, True)), ((206, 384, 0.53645833333333337), (2, 1, 0.125, True, True)), ((208, 384, 0.54166666666666663), (1, 1, 0.125, True, True)), ((208, 384, 0.54166666666666663), (1, 2, 0.125, True, True)), ((244, 384, 0.63541666666666663), (1, 1, 0.25, True, True)), ((244, 384, 0.63541666666666663), (1, 2, 0.25, True, True)), ((248, 384, 0.64583333333333337), (2, 1, 0.25, True, True)), ((277, 384, 0.72135416666666663), (1, 1, 0.5, True, True)), ((277, 384, 0.72135416666666663), (1, 2, 0.5, True, True)), ((279, 384, 0.7265625), (2, 1, 0.5, True, True))]


# error rates for different distance measures
# (error, size, error/size) and binary mask
BESTLP=(158, 384, 0.41145833333333331)
LISTLP=[0, 1, 0, 1, 0, 0, 0, 0, 0, 1, 1, 0, 0, 0, 0, 0, 0, 1, 0, 0, 0, 0, 1, 0, 0, 1, 1, 1, 1, 0, 1, 0, 0, 0, 0, 0, 1, 0, 0, 0, 1, 0, 0, 0, 0, 0, 1, 0, 0, 1, 1, 0, 0, 1, 1, 0, 0, 0, 1, 0, 0, 0, 0, 0, 1, 0, 1, 0, 1, 1, 1, 1, 0, 0, 0, 1, 1, 0, 1, 0, 0, 0, 0, 0, 0, 1, 1, 1, 0, 0, 0, 1, 0, 1, 0, 1, 1, 0, 0, 0, 0, 0, 0, 0, 0, 0, 0, 0, 0, 0, 1, 1, 0, 0, 1, 1, 0, 1, 0, 0, 0, 0, 1, 1, 0, 0, 0, 1, 0, 1, 1, 0, 0, 1, 1, 0, 1, 0, 1, 0, 0, 0, 1, 1, 1, 0, 0, 0, 0, 0, 1, 0, 0, 1, 0, 0, 0, 1, 1, 1, 0, 1, 1, 1, 1, 1, 0, 1, 0, 1, 0, 1, 1, 0, 0, 1, 1, 0, 1, 0, 0, 0, 0, 0, 0, 1, 1, 0, 1, 0, 0, 0, 1, 0, 1, 1, 0, 1, 0, 0, 0, 0, 0, 1, 1, 0, 0, 0, 1, 1, 1, 1, 0, 1, 0, 0, 0, 0, 0, 0, 1, 1, 0, 1, 0, 0, 1, 1, 0, 1, 0, 0, 0, 1, 1, 1, 0, 0, 1, 0, 0, 1, 1, 0, 1, 0, 0, 0, 1, 1, 0, 0, 0, 0, 1, 1, 0, 1, 0, 0, 0, 1, 1, 0, 1, 1, 0, 0, 0, 0, 1, 1, 1, 0, 0, 0, 0, 0, 0, 0, 1, 0, 1, 0, 0, 0, 0, 0, 0, 0, 1, 0, 1, 1, 0, 1, 0, 1, 0, 1, 1, 0, 1, 0, 0, 0, 0, 1, 1, 0, 1, 1, 0, 1, 1, 1, 0, 1, 0, 1, 0, 1, 0, 1, 1, 1, 0, 1, 0, 0, 1, 1, 0, 0, 0, 1, 0, 1, 0, 1, 0, 1, 0, 0, 0, 0, 0, 1, 0, 1, 1, 0, 0, 0, 1, 1, 0, 1, 0, 0, 0, 1, 1, 1, 0, 1, 1, 1, 0, 0, 0, 0, 0, 1, 0, 1, 1, 1, 1, 1, 0, 0, 1, 1]

BESTFULLDTW=(66, 384, 0.171875)
LISTFULLDTW=[0, 1, 1, 1, 0, 0, 0, 1, 0, 0, 0, 0, 0, 1, 0, 1, 0, 1, 0, 0, 0, 0, 0, 0, 0, 1, 0, 0, 1, 0, 0, 0, 0, 0, 0, 0, 1, 0, 1, 0, 0, 0, 0, 0, 0, 0, 0, 0, 0, 0, 1, 0, 0, 0, 0, 0, 0, 0, 0, 0, 0, 0, 1, 0, 1, 0, 0, 0, 0, 1, 0, 0, 1, 0, 0, 1, 0, 0, 1, 0, 0, 0, 0, 1, 1, 0, 0, 0, 0, 0, 0, 1, 0, 1, 0, 0, 0, 0, 0, 0, 1, 0, 0, 0, 0, 0, 0, 1, 0, 0, 0, 1, 0, 0, 0, 0, 0, 0, 0, 0, 0, 0, 0, 0, 0, 0, 0, 1, 0, 0, 0, 0, 0, 0, 0, 0, 1, 0, 0, 0, 0, 0, 0, 0, 1, 0, 0, 0, 0, 0, 1, 0, 0, 0, 0, 0, 0, 0, 1, 0, 0, 1, 0, 1, 0, 0, 0, 0, 1, 0, 0, 0, 1, 0, 0, 1, 1, 0, 0, 0, 0, 0, 0, 0, 0, 0, 1, 0, 1, 0, 0, 0, 0, 0, 0, 0, 0, 0, 0, 0, 0, 0, 0, 0, 0, 0, 0, 0, 1, 0, 0, 0, 0, 0, 0, 0, 0, 0, 0, 0, 0, 0, 1, 1, 0, 0, 0, 1, 0, 0, 0, 0, 0, 1, 1, 0, 0, 0, 0, 0, 0, 1, 1, 1, 0, 0, 0, 0, 0, 0, 0, 0, 1, 0, 1, 1, 0, 0, 0, 0, 0, 0, 1, 0, 0, 0, 0, 0, 0, 0, 0, 0, 0, 0, 0, 0, 0, 0, 0, 0, 0, 0, 0, 0, 0, 0, 0, 1, 0, 0, 0, 0, 0, 0, 0, 0, 0, 0, 0, 0, 0, 0, 0, 0, 0, 0, 0, 0, 1, 0, 0, 1, 0, 1, 0, 1, 0, 1, 0, 0, 1, 0, 0, 0, 0, 1, 0, 0, 0, 0, 0, 1, 0, 0, 0, 0, 0, 1, 0, 0, 0, 0, 0, 0, 0, 0, 0, 0, 0, 0, 0, 0, 0, 1, 0, 0, 1, 0, 0, 0, 0, 0, 0, 0, 0, 0, 0, 1, 0, 0, 0, 0, 0, 0, 0, 1, 0, 0, 1, 0, 0, 0, 0, 0]

BESTCONSDTW=(69, 384, 0.1796875)
LISTCONSDTW=[0, 0, 0, 1, 0, 0, 0, 1, 0, 0, 0, 0, 0, 1, 0, 0, 0, 0, 0, 0, 0, 0, 0, 0, 0, 1, 0, 0, 1, 0, 0, 0, 1, 0, 0, 0, 1, 0, 0, 0, 0, 0, 0, 0, 0, 0, 0, 0, 0, 1, 1, 0, 0, 0, 0, 0, 0, 0, 0, 0, 0, 0, 0, 0, 1, 0, 0, 0, 0, 1, 0, 0, 0, 0, 0, 1, 0, 0, 1, 0, 0, 0, 0, 0, 1, 0, 0, 0, 0, 0, 0, 1, 0, 1, 0, 0, 0, 0, 0, 0, 1, 0, 0, 0, 0, 0, 0, 1, 1, 0, 0, 1, 0, 0, 1, 0, 0, 0, 0, 0, 0, 0, 0, 0, 0, 0, 0, 1, 0, 0, 0, 0, 0, 0, 0, 0, 1, 0, 0, 0, 0, 0, 1, 0, 0, 0, 0, 0, 0, 0, 0, 0, 0, 0, 0, 0, 0, 1, 0, 0, 0, 1, 0, 1, 0, 0, 0, 0, 1, 0, 0, 0, 1, 0, 0, 1, 1, 0, 0, 0, 0, 0, 0, 0, 0, 0, 1, 0, 1, 0, 0, 0, 0, 0, 0, 1, 0, 0, 0, 0, 0, 0, 0, 1, 0, 0, 0, 0, 1, 0, 0, 0, 0, 0, 0, 0, 0, 0, 0, 0, 0, 0, 1, 1, 0, 0, 1, 1, 0, 0, 0, 0, 0, 1, 1, 1, 0, 0, 1, 0, 0, 1, 0, 1, 0, 0, 0, 0, 0, 0, 0, 0, 0, 0, 1, 1, 0, 0, 0, 0, 0, 0, 1, 0, 0, 0, 0, 0, 0, 0, 0, 0, 0, 0, 0, 0, 0, 0, 0, 0, 0, 0, 0, 0, 0, 0, 0, 0, 0, 0, 0, 0, 0, 0, 0, 0, 0, 0, 0, 0, 0, 0, 0, 0, 0, 0, 0, 0, 1, 0, 0, 1, 0, 1, 0, 1, 0, 1, 1, 0, 1, 0, 1, 0, 0, 1, 0, 0, 0, 0, 0, 1, 0, 0, 0, 0, 0, 1, 0, 0, 0, 0, 0, 0, 0, 0, 0, 0, 1, 0, 0, 0, 0, 1, 0, 0, 1, 1, 0, 0, 0, 1, 0, 0, 0, 0, 0, 1, 0, 0, 0, 0, 0, 0, 0, 1, 0, 0, 1, 0, 0, 1, 0, 0]

BESTGEM=(100, 384, 0.26041666666666669)
LISTGEM=[0, 0, 1, 1, 0, 0, 1, 0, 0, 0, 0, 1, 0, 0, 0, 0, 0, 0, 0, 0, 0, 0, 1, 0, 0, 1, 0, 0, 0, 0, 0, 0, 1, 0, 1, 0, 1, 0, 1, 0, 1, 0, 0, 0, 0, 0, 0, 0, 0, 1, 1, 1, 0, 0, 0, 0, 0, 0, 1, 0, 0, 1, 0, 0, 1, 0, 0, 0, 0, 0, 0, 0, 1, 0, 1, 1, 0, 0, 1, 1, 0, 0, 0, 0, 0, 0, 0, 0, 0, 0, 0, 1, 0, 1, 0, 0, 0, 0, 0, 0, 1, 0, 0, 0, 0, 0, 0, 0, 1, 0, 1, 1, 0, 0, 1, 0, 0, 0, 0, 0, 0, 0, 1, 0, 0, 1, 0, 1, 1, 0, 0, 1, 0, 0, 0, 0, 0, 0, 0, 0, 0, 0, 0, 0, 0, 0, 0, 0, 0, 0, 1, 0, 0, 0, 1, 0, 0, 1, 1, 1, 0, 1, 0, 1, 0, 0, 0, 0, 1, 0, 0, 0, 1, 0, 0, 1, 1, 0, 0, 0, 0, 0, 0, 0, 0, 1, 1, 0, 1, 0, 1, 0, 1, 0, 0, 0, 0, 1, 0, 0, 0, 0, 0, 0, 1, 0, 1, 0, 1, 1, 0, 0, 0, 0, 0, 0, 0, 1, 0, 0, 0, 1, 0, 0, 0, 0, 0, 1, 0, 0, 0, 0, 0, 1, 0, 0, 0, 1, 0, 0, 1, 1, 1, 1, 0, 0, 0, 0, 0, 0, 0, 0, 0, 0, 0, 1, 0, 0, 0, 0, 0, 1, 1, 0, 0, 0, 0, 0, 0, 0, 0, 1, 1, 0, 0, 0, 0, 0, 0, 0, 0, 1, 0, 0, 0, 0, 0, 0, 0, 0, 0, 0, 1, 0, 0, 1, 1, 0, 0, 0, 0, 0, 0, 0, 0, 0, 0, 0, 1, 0, 0, 0, 0, 1, 0, 1, 0, 0, 0, 0, 1, 0, 1, 0, 0, 1, 0, 1, 1, 0, 0, 1, 0, 0, 0, 0, 0, 1, 0, 0, 0, 0, 1, 0, 0, 0, 0, 1, 0, 1, 1, 0, 1, 1, 0, 1, 1, 0, 0, 0, 0, 1, 0, 0, 0, 1, 0, 1, 0, 1, 0, 0, 1, 0, 0, 1, 1, 0, 1, 0, 0, 1, 0, 0]

