# shuffled stratified split (indices referring to UCR database)
TESTINDEX=[335 617 687 582 531 528 439 592 615 444 477  84 269 154 431 558 723 223
 708 504 519 692 700 449 703 633  21 245 742 413 406  48 172 375  91 106
 455 604  57 466 415 251 204 684 491 403 225  56 628 739 499 146  20 237
 293 648  36  65 612  69 267 120 484 563 462 162 412 627 521 726 330   8
 271  75 520 476 718 721  85 731   2 409 199 644 559 316 584 681 507  15
 636 436 307 614 772 295  54 339 151 337 469 734 764 363  97 144 177 119
 591 136 299 646   9 390 173 125 220 514 143 441  49 651  16 292 384 544
 643 263 473  17 447  41 596 746 387 258 365 445 679 109 110 353 667 686
  93 104 265 605 191 744 160 324 701 553 502 244  68 680 200 640 359  14
 155 189 619  61   6 710 196 100  67 464   7 368 187 706 388 213 374  11
 682 501 117 607 655 379 762 272 257 738 336 296 547 391 714  19 201 243
 342 301 212 318 472 202 416 765 479 347 513 674 669 370 159 728 613 208
 730 525 594 533 124 158 634 105 262  10 256 566 156 277 116 529 107 623
 587  96  38  51 331 662 266 577 397 383 290 205 688 432 234 414 697 716
 142  27 395 268 535 221 572 641 659 102 515 638 424 574 516 645 419 145
  40 222 128  98 743 122 745 702 372 715 546 573 564 482 170 355 610 581
 325 113 551 523 115 448  29 539 626 344 451 489 171  45 137 683 123   0
 486 207 183 595 616 402  44 332 751 748 422 508 360 720 322 694 760 169
 709 460 631  64  87 357  18 343 538 401 236 176  55 733 569 378 369 239
 377 286  31 323 358 224 562 435 598 152 242 461  90  94 656 179 512 192
  59   3 150 174 650 185 253 373 657 470 231 232 320 712 583  12 673 670
 770 639 352 740 652 754]
TRAININDEX=[178 691 396 194 677 690 600 314 175 620 211 497 261 214 597 647  46  35
 410 695 664 752 443  43 485 240 552 127 354 603 428 254 458 456 278 111
 527 203 467 725 747 665 471 505 624 297 164 642 549 228 398 345 147 685
 362 750 300 736 233 348 585 561  13 329 303 660   4 349 766 654 571 408
 498 676  22 366 741 326 609 182  79 555 298 361 216 453 181 675 140 438
 274 427 264 727 668 488 478 376 134 757 630 707 313 468  34  37 433  28
 238 167 704 340 496 611 114 411 423 417 312 227 149 570 356 763 310 287
 608 689 425 589 421  81 483 554 346 317  83 666 711 210 629 698 380 246
 184 602 550  74 190 393 532  73 281 101 729  24 606 429 311 590  50 161
 492  66 637 334 291 450  99 367 382 545  86 576 304  92 653 121 166 560
 399 672  47 400 534 732 381 671  95 285 252 457  39 693 129 153 437 217
  53 663 327 557 180 735 510 494 575 506 282 319  63 548 112  71 188 503
 260 168 420 621 126  60  52 305 407 522 556   5  33 309 186 302 446 509
 661 705 724 198 537 219 567 350 306 749  88 215 229 601 394 511  77  62
 276 622 389 328 289 454 139 157 103  82 270 495 385 275 426 392 405 526
 769 235 230 490 308 280 753 696  32 632 463 371 565 518 294 386  70 259
  25 543 625 273 536 163 148 737 580  42 193 540 206 579 131 568 418 713
 241 465 487 133 635 255 108 250 321 474 480 197 364  72 658 756 288 434
 578 773 517 588 699 599 722 459  80 209 333 481  89 649  76  58 135 586
 248 524 541 475 338 493 351 130 141  26 283 118 755 452 341 165 404 440
  30 530 593 249 618 247 132  23 717 678 279 218 226 195 284 500 430 315
 138 542   1 442 719  78]

# learned parameters for cdtw and gem
# dtw ((error, size, error/size), (window, sqr))
# gem ((error, size, error/size), (St0, St1, E, sym, sqr))
BESTLEARNCONSDTW=((67, 384, 0.17447916666666666), (0.11, True))
LISTLEARNCONSDTW=[((67, 384, 0.17447916666666666), (0.10000000000000001, True)), ((67, 384, 0.17447916666666666), (0.11, True)), ((69, 384, 0.1796875), (0.059999999999999998, True)), ((69, 384, 0.1796875), (0.089999999999999997, True)), ((69, 384, 0.1796875), (0.12, True)), ((69, 384, 0.1796875), (0.17000000000000001, True)), ((70, 384, 0.18229166666666666), (0.080000000000000002, True)), ((70, 384, 0.18229166666666666), (0.13, True)), ((71, 384, 0.18489583333333334), (0.14999999999999999, True)), ((71, 384, 0.18489583333333334), (0.16, True)), ((71, 384, 0.18489583333333334), (0.17999999999999999, True)), ((71, 384, 0.18489583333333334), (0.20000000000000001, True)), ((72, 384, 0.1875), (0.14000000000000001, True)), ((72, 384, 0.1875), (0.19, True)), ((73, 384, 0.19010416666666666), (0.070000000000000007, True)), ((74, 384, 0.19270833333333334), (0.050000000000000003, True)), ((78, 384, 0.203125), (0.040000000000000001, True)), ((87, 384, 0.2265625), (0.029999999999999999, True)), ((93, 384, 0.2421875), (0.02, True)), ((103, 384, 0.26822916666666669), (0.01, True)), ((139, 384, 0.36197916666666669), (0.0, True))]

BESTLEARNGEM=((67, 384, 0.17447916666666666), (2, 2, 0.0078125, True, True))
LISTLEARNGEM=[((67, 384, 0.17447916666666666), (2, 2, 0.0078125, True, True)), ((69, 384, 0.1796875), (2, 2, 0.015625, True, True)), ((75, 384, 0.1953125), (2, 2, 0.00390625, True, True)), ((76, 384, 0.19791666666666666), (2, 2, 0.03125, True, True)), ((80, 384, 0.20833333333333334), (2, 2, 0, True, True)), ((88, 384, 0.22916666666666666), (2, 2, 0.0625, True, True)), ((111, 384, 0.2890625), (2, 2, 0.125, True, True)), ((131, 384, 0.34114583333333331), (2, 2, 0.25, True, True)), ((155, 384, 0.40364583333333331), (1, 1, 0.015625, True, True)), ((155, 384, 0.40364583333333331), (1, 2, 0.015625, True, True)), ((158, 384, 0.41145833333333331), (1, 1, 0.0078125, True, True)), ((158, 384, 0.41145833333333331), (1, 2, 0.0078125, True, True)), ((161, 384, 0.41927083333333331), (1, 1, 0.00390625, True, True)), ((161, 384, 0.41927083333333331), (1, 2, 0.00390625, True, True)), ((167, 384, 0.43489583333333331), (2, 1, 0.015625, True, True)), ((168, 384, 0.4375), (1, 1, 0.03125, True, True)), ((168, 384, 0.4375), (1, 2, 0.03125, True, True)), ((172, 384, 0.44791666666666669), (2, 1, 0.03125, True, True)), ((177, 384, 0.4609375), (2, 2, 0.5, True, True)), ((179, 384, 0.46614583333333331), (2, 1, 0.0078125, True, True)), ((182, 384, 0.47395833333333331), (1, 1, 0, True, True)), ((182, 384, 0.47395833333333331), (1, 2, 0, True, True)), ((185, 384, 0.48177083333333331), (2, 1, 0.00390625, True, True)), ((186, 384, 0.484375), (1, 1, 0.0625, True, True)), ((186, 384, 0.484375), (1, 2, 0.0625, True, True)), ((188, 384, 0.48958333333333331), (2, 1, 0.0625, True, True)), ((191, 384, 0.49739583333333331), (2, 1, 0, True, True)), ((218, 384, 0.56770833333333337), (1, 1, 0.125, True, True)), ((218, 384, 0.56770833333333337), (1, 2, 0.125, True, True)), ((225, 384, 0.5859375), (2, 1, 0.125, True, True)), ((244, 384, 0.63541666666666663), (2, 1, 0.25, True, True)), ((264, 384, 0.6875), (1, 1, 0.25, True, True)), ((264, 384, 0.6875), (1, 2, 0.25, True, True)), ((281, 384, 0.73177083333333337), (2, 1, 0.5, True, True)), ((314, 384, 0.81770833333333337), (1, 1, 0.5, True, True)), ((314, 384, 0.81770833333333337), (1, 2, 0.5, True, True))]


# error rates for different distance measures
# (error, size, error/size) and binary mask
BESTLP=(155, 384, 0.40364583333333331)
LISTLP=[0, 1, 0, 0, 0, 1, 0, 1, 1, 0, 0, 0, 0, 0, 0, 1, 1, 0, 0, 1, 0, 0, 1, 1, 1, 1, 0, 1, 1, 1, 0, 0, 0, 0, 0, 0, 0, 1, 0, 1, 1, 1, 0, 0, 1, 1, 0, 1, 1, 1, 1, 1, 0, 0, 0, 0, 1, 0, 0, 0, 0, 0, 0, 0, 0, 0, 0, 1, 0, 0, 0, 1, 1, 1, 1, 0, 1, 1, 0, 0, 0, 1, 0, 0, 0, 1, 1, 0, 1, 1, 1, 0, 0, 1, 0, 0, 1, 1, 1, 0, 0, 0, 0, 1, 0, 0, 1, 0, 1, 0, 0, 0, 0, 1, 0, 0, 0, 0, 0, 0, 1, 1, 1, 1, 1, 1, 1, 1, 1, 0, 1, 0, 0, 1, 0, 1, 0, 1, 1, 1, 0, 0, 0, 0, 0, 0, 1, 1, 0, 1, 0, 1, 0, 0, 1, 1, 0, 1, 1, 1, 1, 0, 0, 0, 0, 1, 0, 0, 0, 1, 0, 0, 0, 1, 0, 0, 0, 1, 1, 1, 0, 1, 1, 0, 0, 0, 0, 0, 0, 0, 0, 0, 1, 0, 0, 0, 1, 0, 1, 0, 1, 1, 0, 0, 0, 1, 0, 0, 0, 1, 0, 0, 0, 0, 0, 0, 0, 1, 1, 0, 1, 1, 1, 1, 0, 0, 1, 1, 0, 1, 1, 0, 0, 1, 0, 1, 1, 0, 1, 0, 0, 0, 0, 0, 0, 0, 0, 0, 1, 1, 0, 0, 0, 1, 0, 1, 0, 0, 0, 0, 0, 0, 0, 0, 1, 0, 0, 1, 0, 0, 1, 0, 0, 0, 1, 1, 1, 1, 0, 0, 0, 0, 1, 1, 0, 1, 0, 1, 1, 0, 0, 0, 1, 1, 0, 1, 0, 1, 1, 0, 0, 0, 0, 0, 0, 0, 0, 1, 0, 0, 1, 1, 1, 1, 0, 1, 0, 0, 0, 1, 1, 0, 0, 1, 0, 1, 0, 1, 1, 0, 1, 0, 0, 0, 0, 1, 0, 0, 1, 0, 1, 1, 0, 0, 0, 0, 1, 0, 1, 1, 1, 1, 0, 0, 0, 1, 0, 0, 0, 0, 1, 0, 0, 1, 0, 1, 1, 1, 0, 1, 0, 1, 0, 0, 1, 0, 0, 0, 0, 0, 0, 0, 1, 1]

BESTFULLDTW=(78, 384, 0.203125)
LISTFULLDTW=[0, 1, 0, 0, 0, 0, 1, 0, 0, 0, 0, 0, 0, 0, 0, 1, 1, 0, 0, 0, 0, 0, 0, 0, 1, 0, 0, 1, 0, 0, 0, 1, 0, 0, 0, 0, 0, 0, 0, 1, 0, 0, 0, 0, 0, 0, 0, 0, 0, 0, 1, 0, 0, 0, 0, 0, 1, 0, 0, 0, 0, 0, 0, 0, 0, 0, 0, 0, 0, 0, 0, 1, 0, 0, 1, 0, 0, 1, 1, 0, 0, 0, 1, 0, 0, 0, 0, 1, 0, 0, 1, 0, 0, 1, 0, 0, 0, 1, 0, 0, 0, 0, 0, 0, 0, 0, 1, 0, 0, 1, 0, 0, 0, 0, 0, 0, 1, 0, 0, 0, 1, 0, 1, 0, 1, 0, 0, 0, 0, 0, 0, 1, 0, 0, 0, 0, 1, 0, 1, 1, 0, 0, 0, 0, 0, 0, 0, 0, 0, 0, 0, 0, 0, 0, 1, 0, 0, 0, 0, 0, 1, 1, 0, 0, 0, 0, 1, 0, 0, 1, 0, 1, 1, 0, 0, 0, 0, 0, 0, 0, 0, 0, 1, 0, 0, 0, 0, 1, 0, 0, 0, 0, 0, 0, 0, 0, 1, 0, 1, 0, 1, 0, 0, 0, 0, 0, 0, 1, 0, 0, 0, 0, 0, 0, 0, 0, 0, 0, 0, 0, 0, 1, 0, 1, 0, 0, 0, 0, 0, 1, 1, 0, 0, 1, 0, 0, 0, 0, 0, 0, 0, 0, 1, 1, 0, 0, 0, 0, 0, 0, 0, 0, 0, 0, 0, 0, 0, 0, 0, 0, 0, 0, 0, 0, 0, 0, 0, 0, 0, 0, 0, 1, 0, 0, 1, 1, 1, 1, 0, 0, 0, 0, 0, 1, 0, 1, 0, 0, 1, 0, 0, 0, 1, 0, 0, 0, 1, 0, 0, 1, 0, 0, 1, 0, 0, 0, 0, 1, 1, 0, 0, 1, 1, 0, 0, 0, 0, 0, 0, 1, 0, 0, 0, 0, 0, 0, 0, 0, 0, 0, 0, 0, 1, 0, 0, 0, 0, 0, 1, 0, 1, 0, 0, 0, 0, 0, 0, 0, 0, 1, 0, 0, 0, 1, 0, 0, 0, 0, 0, 0, 0, 0, 0, 1, 0, 0, 0, 0, 1, 1, 0, 0, 0, 1, 0, 0, 0, 0, 0, 1, 0, 0, 1, 1]

BESTCONSDTW=(77, 384, 0.20052083333333334)
LISTCONSDTW=[0, 1, 0, 0, 0, 0, 0, 1, 0, 0, 0, 0, 0, 0, 0, 1, 1, 0, 1, 0, 0, 0, 0, 0, 1, 0, 0, 1, 0, 0, 0, 1, 0, 0, 0, 0, 0, 0, 0, 1, 0, 0, 0, 0, 0, 0, 0, 0, 0, 0, 1, 0, 0, 0, 0, 0, 1, 0, 0, 0, 0, 0, 0, 0, 0, 0, 0, 0, 0, 0, 0, 0, 0, 0, 1, 0, 0, 1, 0, 0, 0, 0, 1, 0, 0, 1, 1, 0, 0, 0, 1, 0, 0, 1, 0, 0, 0, 1, 0, 0, 0, 0, 0, 0, 0, 0, 1, 0, 1, 1, 0, 0, 0, 0, 0, 0, 1, 0, 1, 0, 1, 0, 1, 0, 1, 0, 0, 0, 0, 1, 0, 1, 0, 0, 0, 0, 1, 0, 1, 1, 0, 0, 0, 0, 0, 0, 0, 0, 0, 1, 0, 0, 0, 0, 1, 0, 0, 0, 0, 0, 1, 1, 0, 0, 0, 0, 0, 0, 0, 1, 0, 1, 0, 0, 0, 0, 0, 0, 0, 0, 0, 0, 1, 0, 0, 0, 0, 0, 0, 0, 0, 0, 0, 0, 0, 0, 1, 0, 1, 0, 1, 0, 0, 0, 0, 0, 0, 1, 0, 0, 0, 0, 0, 0, 0, 0, 0, 0, 0, 0, 0, 1, 0, 1, 0, 0, 0, 0, 0, 1, 1, 0, 0, 1, 0, 0, 0, 0, 0, 0, 0, 0, 1, 1, 0, 0, 0, 0, 0, 1, 0, 0, 0, 0, 0, 0, 0, 0, 0, 0, 0, 0, 0, 0, 0, 0, 0, 0, 0, 0, 0, 1, 0, 0, 1, 1, 1, 1, 0, 0, 0, 0, 0, 1, 0, 1, 0, 0, 1, 0, 0, 0, 0, 0, 0, 0, 1, 0, 0, 1, 0, 0, 1, 0, 0, 0, 0, 1, 1, 0, 0, 1, 1, 0, 0, 0, 0, 0, 0, 1, 0, 0, 0, 0, 0, 0, 0, 0, 0, 0, 0, 0, 0, 0, 0, 0, 0, 0, 1, 0, 1, 0, 0, 0, 0, 0, 0, 0, 0, 1, 0, 0, 0, 0, 0, 0, 0, 0, 0, 0, 0, 0, 0, 1, 0, 0, 0, 0, 1, 1, 0, 0, 0, 1, 0, 0, 0, 0, 0, 0, 1, 0, 1, 1]

BESTGEM=(96, 384, 0.25)
LISTGEM=[0, 1, 0, 0, 1, 0, 1, 1, 0, 0, 0, 1, 0, 0, 0, 0, 1, 0, 0, 0, 0, 0, 0, 1, 0, 1, 0, 1, 1, 0, 0, 0, 0, 0, 0, 0, 0, 0, 0, 1, 0, 0, 0, 0, 0, 0, 0, 0, 1, 0, 0, 0, 0, 0, 0, 0, 1, 0, 0, 0, 0, 0, 0, 0, 0, 0, 0, 0, 0, 0, 0, 1, 0, 0, 1, 1, 0, 0, 0, 0, 0, 0, 1, 0, 0, 1, 0, 0, 0, 0, 1, 0, 0, 0, 0, 0, 1, 1, 0, 0, 0, 0, 0, 0, 0, 0, 1, 0, 0, 0, 0, 0, 0, 0, 0, 1, 1, 1, 0, 0, 1, 0, 1, 1, 1, 1, 0, 0, 0, 0, 0, 1, 0, 1, 0, 0, 1, 0, 1, 1, 0, 0, 0, 0, 0, 0, 1, 0, 0, 0, 1, 0, 0, 0, 1, 0, 0, 0, 1, 0, 1, 0, 0, 0, 0, 0, 1, 0, 1, 1, 0, 0, 1, 0, 0, 0, 0, 0, 1, 0, 0, 0, 1, 0, 0, 0, 0, 0, 0, 0, 0, 0, 1, 0, 0, 0, 0, 1, 1, 0, 1, 0, 0, 0, 0, 0, 0, 1, 0, 0, 0, 0, 0, 0, 0, 1, 0, 0, 1, 0, 0, 1, 0, 1, 1, 0, 1, 0, 1, 1, 0, 0, 0, 1, 0, 0, 0, 1, 1, 1, 0, 0, 1, 0, 0, 0, 0, 0, 0, 1, 0, 0, 1, 1, 0, 0, 0, 0, 0, 0, 0, 0, 0, 0, 0, 0, 0, 0, 0, 0, 1, 0, 0, 0, 1, 0, 1, 1, 0, 0, 0, 0, 0, 0, 0, 1, 0, 0, 0, 0, 0, 0, 1, 0, 0, 0, 0, 0, 0, 0, 0, 0, 1, 1, 0, 0, 0, 1, 1, 0, 1, 1, 1, 1, 0, 0, 0, 0, 0, 1, 0, 0, 1, 0, 1, 0, 0, 0, 1, 0, 0, 0, 0, 0, 0, 0, 0, 0, 0, 0, 1, 1, 0, 0, 0, 0, 0, 0, 0, 1, 0, 0, 0, 1, 0, 0, 0, 0, 0, 0, 0, 0, 0, 1, 0, 0, 0, 0, 1, 0, 0, 1, 0, 0, 0, 0, 0, 0, 0, 1, 1, 0, 1, 1]

