# shuffled stratified split (indices referring to UCR database)
TESTINDEX=[416 511 186 576 227 752  96 724 481 237 408 239 340 460 358 318 166 193
  36 649 674 560 696 306 174 332 130 132 730  90 405 765 645 656 440   1
 644 301  48  15 296 360  55 138 593 192 105 455 399 414 194 601  45 582
 295 263 753 279 463   7 605 281 376 548 532 262  32 149 474 770 202 313
  19 173 178 545 181 231 426 530 145 535   4 216 337 592 713 485 389 600
 502 164 204 522 269 343 564 308 365 614  17  69 225 171  21 742  95 372
  25 327 118 109 413  54 621  99 668 390 670 291 159 163 409 238 351  33
 687  49 612 517 461 709  72  13 249 497 558 407 266 505  97 328 556 366
 581 518 425 541  76 610 223 219 482 387 131 370 727 726 462 133 629 451
 691  80 479 587 339 663  40 453 140 599 310 757 446 268 773 650 110 316
 750 270 106 580 388 195 737 267 184 659 524 729 214 688 712 704 651 483
 350 739 205 512 294  39  77 392  70 533 563 199 715 348 230 664 702 692
 575 706 579 720 278  87 441 333 733 125 176 312 747 657 187 286 228 259
 395 277 544 362  53 165 215 432 129 329 760 383 528 678 420 762  23 323
 464 304 735  61 754 284 680 206 254 207  26 675 648 400 126 349 515   9
 119  65 682  41  46 501 434  84 570  37 208 681 430 141 303 628 597 745
 755 114 608 669 257 527 625  57 136 542 477 144 751  12   8 150 403 676
 547 368 153 431 326 275 480 201 693 594 534 756 466 124   0 375 261  59
 769  66 519 683 319 134 297  30  35 123 234 248  64 452 200 634 630 354
 127  73 559 347 653   6 433 298 355 523 417 289 273 172 438 157  71 635
 104  51 213 604 320 421 311 418 609 154 415 665 711 439 690 385 128 117
 148  44 573 622 506 723]
TRAININDEX=[357 169 338  67  29 473  58  47  34 361 282 437 638 305 443  93 386 235
 633 646 428  16 725 450 736 427  82 554 471 369 586 419 255 568  63 302
 217 549  85 488 271  28 345 588 185 445 344 516 401 732 293 520 218 689
  27  88  60 122 536 458 265 738 188 283 662 251 624 627 274 260  74 373
 486 120 317 209 152 396 513 410 162 603 640 158 444 423 346 503 379 196
 611  89 371 406 553 382 101 667 155 673 380 161 567 179 620 540 591 714
 359 246 398 557 616 325 224 618 521 168 189 330 292 448 135 490  38  11
 436 459 321 356 572 526 495 584 722 429 121 494 744 391 102 728 342 384
 220 116 309   5 272 658 139 641  52  18 718 514 697 253 529 710 454 666
 243 654  50 226 701 719 404 242 112 322 300 686  91 465 509 583 619 314
 156 606 335 197  31 672 578 247 555 378 180 367 637 182 411 743 716 288
 183 315 607 287 203 561 467 631 137 498 590 740 108  10 684 449 245 552
 280 698 602 487 456 374  42 241 341 546 493 772 198 290 685  14 539  98
 500 741 100 252 703   2 525 167 250 276 442 538 731  68 749 435 596 700
  56 565 721 661 508   3 457 402 734 364 708  94 496 569 531 695 412 146
 397 642 160 113  92 151 352  20 299 694 652 258 763 585 170  81 221 377
 447 566 679 147  43 677 626 468 643 331 336 748 655 422 475 510  62 470
 766  75 699 595 115 264 285 233 476 191 589 636  22 103 491  79 504 484
 142 393 240 353 212 671 577 324 574 244  78 551 660 211 334  24  86 499
 394 424 222 177 478 571 229 707 489 190 381 210 598 615 492 764 613 562
  83 472 363 647 705 550 717 469 507 537 632 232 543 111 107 256 307 639
 175 236 623 143 617 746]

# learned parameters for cdtw and gem
# dtw ((error, size, error/size), (window, sqr))
# gem ((error, size, error/size), (St0, St1, E, sym, sqr))
BESTLEARNCONSDTW=((79, 384, 0.20572916666666666), (0.10000000000000001, True))
LISTLEARNCONSDTW=[((79, 384, 0.20572916666666666), (0.10000000000000001, True)), ((80, 384, 0.20833333333333334), (0.089999999999999997, True)), ((81, 384, 0.2109375), (0.11, True)), ((84, 384, 0.21875), (0.080000000000000002, True)), ((84, 384, 0.21875), (0.12, True)), ((86, 384, 0.22395833333333334), (0.070000000000000007, True)), ((86, 384, 0.22395833333333334), (0.13, True)), ((86, 384, 0.22395833333333334), (0.14000000000000001, True)), ((87, 384, 0.2265625), (0.040000000000000001, True)), ((87, 384, 0.2265625), (0.050000000000000003, True)), ((88, 384, 0.22916666666666666), (0.059999999999999998, True)), ((88, 384, 0.22916666666666666), (0.14999999999999999, True)), ((89, 384, 0.23177083333333334), (0.16, True)), ((89, 384, 0.23177083333333334), (0.17000000000000001, True)), ((91, 384, 0.23697916666666666), (0.17999999999999999, True)), ((91, 384, 0.23697916666666666), (0.19, True)), ((93, 384, 0.2421875), (0.20000000000000001, True)), ((97, 384, 0.25260416666666669), (0.029999999999999999, True)), ((102, 384, 0.265625), (0.02, True)), ((121, 384, 0.31510416666666669), (0.01, True)), ((155, 384, 0.40364583333333331), (0.0, True))]

BESTLEARNGEM=((80, 384, 0.20833333333333334), (2, 2, 0.03125, True, True))
LISTLEARNGEM=[((80, 384, 0.20833333333333334), (2, 2, 0.015625, True, True)), ((80, 384, 0.20833333333333334), (2, 2, 0.03125, True, True)), ((89, 384, 0.23177083333333334), (2, 2, 0.0078125, True, True)), ((91, 384, 0.23697916666666666), (2, 2, 0, True, True)), ((91, 384, 0.23697916666666666), (2, 2, 0.0625, True, True)), ((92, 384, 0.23958333333333334), (2, 2, 0.00390625, True, True)), ((120, 384, 0.3125), (2, 2, 0.125, True, True)), ((140, 384, 0.36458333333333331), (2, 2, 0.25, True, True)), ((163, 384, 0.42447916666666669), (2, 1, 0.03125, True, True)), ((167, 384, 0.43489583333333331), (2, 1, 0.015625, True, True)), ((173, 384, 0.45052083333333331), (2, 1, 0.0078125, True, True)), ((176, 384, 0.45833333333333331), (2, 1, 0.00390625, True, True)), ((177, 384, 0.4609375), (2, 2, 0.5, True, True)), ((183, 384, 0.4765625), (1, 1, 0.0078125, True, True)), ((183, 384, 0.4765625), (1, 2, 0.0078125, True, True)), ((185, 384, 0.48177083333333331), (1, 1, 0.00390625, True, True)), ((185, 384, 0.48177083333333331), (1, 2, 0.00390625, True, True)), ((185, 384, 0.48177083333333331), (2, 1, 0.0625, True, True)), ((186, 384, 0.484375), (1, 1, 0.015625, True, True)), ((186, 384, 0.484375), (1, 2, 0.015625, True, True)), ((186, 384, 0.484375), (2, 1, 0, True, True)), ((192, 384, 0.5), (1, 1, 0.03125, True, True)), ((192, 384, 0.5), (1, 2, 0.03125, True, True)), ((195, 384, 0.5078125), (1, 1, 0, True, True)), ((195, 384, 0.5078125), (1, 2, 0, True, True)), ((199, 384, 0.51822916666666663), (1, 1, 0.0625, True, True)), ((199, 384, 0.51822916666666663), (1, 2, 0.0625, True, True)), ((221, 384, 0.57552083333333337), (2, 1, 0.125, True, True)), ((225, 384, 0.5859375), (1, 1, 0.125, True, True)), ((225, 384, 0.5859375), (1, 2, 0.125, True, True)), ((257, 384, 0.66927083333333337), (1, 1, 0.25, True, True)), ((257, 384, 0.66927083333333337), (1, 2, 0.25, True, True)), ((260, 384, 0.67708333333333337), (2, 1, 0.25, True, True)), ((287, 384, 0.74739583333333337), (2, 1, 0.5, True, True)), ((312, 384, 0.8125), (1, 1, 0.5, True, True)), ((312, 384, 0.8125), (1, 2, 0.5, True, True))]


# error rates for different distance measures
# (error, size, error/size) and binary mask
BESTLP=(129, 384, 0.3359375)
LISTLP=[1, 1, 0, 0, 0, 1, 0, 0, 0, 0, 0, 1, 0, 1, 1, 1, 1, 0, 0, 0, 0, 0, 0, 0, 0, 1, 0, 1, 0, 0, 1, 0, 1, 0, 0, 0, 0, 0, 0, 0, 0, 0, 0, 0, 1, 0, 1, 0, 0, 1, 1, 0, 1, 0, 0, 1, 0, 0, 0, 0, 1, 0, 0, 0, 1, 0, 0, 1, 0, 1, 0, 0, 0, 0, 0, 0, 1, 0, 0, 1, 0, 0, 1, 0, 0, 1, 1, 1, 0, 0, 1, 0, 0, 0, 0, 0, 1, 1, 1, 1, 1, 0, 0, 0, 0, 1, 1, 0, 0, 0, 1, 1, 1, 1, 1, 0, 0, 0, 0, 0, 0, 0, 1, 0, 1, 0, 0, 0, 0, 0, 0, 1, 0, 1, 1, 0, 0, 0, 0, 0, 0, 0, 1, 0, 1, 1, 1, 1, 1, 0, 0, 1, 1, 0, 0, 0, 0, 0, 1, 0, 0, 1, 1, 0, 0, 0, 0, 1, 0, 1, 1, 1, 0, 0, 0, 1, 0, 0, 0, 1, 1, 0, 1, 0, 0, 0, 0, 0, 0, 0, 0, 0, 0, 0, 0, 1, 1, 0, 0, 1, 0, 0, 0, 0, 0, 1, 0, 1, 0, 0, 0, 0, 0, 0, 0, 0, 1, 0, 1, 1, 1, 0, 0, 0, 0, 0, 0, 0, 0, 0, 0, 0, 0, 0, 0, 0, 1, 0, 1, 1, 0, 0, 1, 0, 1, 0, 1, 1, 1, 1, 0, 0, 0, 1, 0, 0, 1, 0, 1, 1, 1, 1, 0, 0, 0, 0, 1, 0, 0, 0, 0, 0, 0, 0, 0, 0, 0, 0, 1, 0, 0, 0, 1, 0, 0, 1, 0, 1, 0, 0, 0, 0, 0, 0, 1, 0, 1, 0, 0, 0, 0, 0, 1, 0, 1, 0, 1, 1, 0, 0, 0, 0, 0, 0, 0, 1, 1, 1, 1, 0, 0, 0, 1, 0, 1, 0, 0, 0, 1, 0, 0, 0, 0, 0, 1, 1, 1, 1, 1, 1, 1, 0, 1, 0, 1, 0, 1, 0, 0, 1, 1, 1, 0, 1, 0, 0, 1, 0, 0, 0, 1, 0, 1, 1, 0, 0, 0, 0, 1, 0, 1, 0, 0, 0, 0, 0, 0, 0, 0, 1, 0, 1, 0, 0]

BESTFULLDTW=(80, 384, 0.20833333333333334)
LISTFULLDTW=[1, 0, 0, 0, 0, 1, 0, 0, 0, 0, 0, 0, 0, 0, 0, 0, 1, 0, 1, 0, 1, 0, 0, 0, 0, 0, 0, 1, 0, 0, 1, 0, 0, 0, 1, 0, 0, 0, 0, 0, 0, 0, 0, 1, 1, 0, 1, 0, 0, 1, 0, 0, 0, 0, 0, 0, 0, 0, 1, 0, 0, 0, 0, 0, 0, 0, 0, 1, 0, 0, 0, 0, 0, 0, 0, 0, 0, 0, 0, 0, 0, 0, 1, 0, 0, 0, 1, 0, 0, 0, 1, 0, 0, 0, 0, 0, 0, 1, 0, 1, 0, 0, 0, 0, 0, 0, 0, 0, 0, 0, 1, 1, 0, 0, 1, 1, 0, 0, 0, 0, 0, 0, 0, 0, 0, 0, 0, 1, 0, 0, 1, 0, 0, 0, 0, 0, 0, 0, 0, 0, 0, 0, 0, 0, 0, 1, 0, 0, 0, 0, 0, 0, 0, 0, 0, 0, 0, 0, 0, 0, 0, 0, 0, 0, 1, 0, 0, 0, 0, 1, 1, 0, 0, 1, 0, 0, 0, 0, 0, 0, 1, 0, 1, 0, 0, 0, 0, 0, 0, 0, 0, 0, 0, 0, 1, 0, 0, 1, 0, 0, 0, 0, 0, 0, 0, 0, 0, 0, 0, 1, 0, 0, 0, 0, 1, 0, 0, 1, 0, 1, 0, 0, 1, 0, 0, 0, 0, 1, 0, 1, 0, 0, 0, 1, 0, 0, 1, 0, 0, 1, 0, 0, 0, 0, 0, 1, 0, 1, 0, 0, 1, 0, 0, 0, 0, 0, 1, 0, 0, 1, 0, 1, 0, 0, 0, 1, 0, 0, 0, 0, 0, 0, 0, 0, 0, 0, 0, 0, 0, 0, 0, 1, 0, 1, 0, 0, 1, 1, 0, 0, 0, 0, 0, 1, 0, 0, 1, 1, 0, 0, 0, 0, 1, 0, 0, 0, 0, 0, 0, 0, 0, 0, 0, 0, 0, 1, 0, 0, 1, 1, 0, 0, 1, 0, 0, 1, 0, 0, 0, 0, 0, 0, 0, 0, 0, 0, 0, 0, 0, 0, 0, 0, 0, 0, 1, 0, 0, 1, 0, 1, 1, 0, 0, 1, 0, 0, 1, 0, 1, 0, 1, 0, 0, 0, 0, 0, 0, 1, 1, 0, 1, 0, 0, 0, 0, 1, 0, 1, 0, 1, 0, 1, 0, 1]

BESTCONSDTW=(66, 384, 0.171875)
LISTCONSDTW=[1, 0, 0, 0, 0, 0, 0, 0, 0, 0, 0, 0, 0, 0, 0, 0, 0, 0, 1, 0, 1, 0, 0, 0, 0, 0, 0, 1, 0, 0, 1, 0, 0, 0, 0, 0, 0, 0, 0, 0, 0, 0, 0, 0, 1, 0, 0, 0, 0, 0, 0, 0, 0, 0, 0, 0, 0, 0, 0, 0, 0, 0, 0, 0, 0, 0, 0, 1, 0, 0, 0, 0, 0, 0, 0, 0, 0, 0, 0, 0, 0, 0, 1, 0, 0, 0, 1, 0, 0, 0, 1, 0, 0, 0, 0, 0, 0, 1, 0, 1, 0, 0, 0, 0, 0, 1, 1, 0, 0, 0, 1, 1, 0, 0, 1, 0, 0, 0, 0, 0, 0, 0, 0, 0, 0, 0, 0, 1, 0, 0, 0, 1, 0, 0, 0, 0, 0, 0, 0, 0, 0, 0, 0, 0, 0, 0, 0, 0, 1, 0, 0, 0, 1, 0, 0, 0, 0, 0, 0, 0, 0, 0, 0, 0, 0, 0, 0, 0, 0, 1, 1, 0, 0, 1, 0, 0, 0, 0, 0, 1, 1, 0, 1, 0, 0, 0, 1, 0, 0, 0, 0, 0, 1, 0, 0, 0, 0, 0, 0, 0, 0, 0, 0, 0, 0, 0, 0, 0, 0, 1, 0, 0, 0, 0, 0, 0, 0, 0, 0, 1, 0, 0, 1, 0, 0, 0, 0, 0, 0, 1, 0, 0, 0, 1, 0, 0, 1, 0, 0, 0, 0, 0, 0, 0, 1, 1, 0, 1, 0, 0, 0, 0, 1, 0, 0, 0, 1, 0, 0, 1, 1, 1, 0, 0, 0, 0, 0, 0, 0, 0, 0, 0, 0, 0, 0, 0, 0, 0, 0, 1, 0, 0, 0, 0, 0, 1, 0, 1, 0, 0, 0, 0, 0, 0, 1, 0, 1, 0, 0, 0, 0, 0, 0, 0, 0, 0, 0, 0, 0, 0, 0, 0, 0, 0, 0, 1, 0, 1, 1, 0, 0, 0, 0, 0, 0, 0, 0, 0, 0, 0, 0, 0, 0, 0, 0, 0, 0, 0, 0, 0, 0, 0, 0, 0, 1, 0, 0, 0, 0, 1, 1, 0, 0, 1, 0, 0, 1, 0, 1, 0, 1, 0, 0, 0, 0, 0, 1, 1, 0, 0, 1, 0, 0, 0, 0, 1, 0, 1, 0, 1, 0, 1, 0, 1]

BESTGEM=(70, 384, 0.18229166666666666)
LISTGEM=[0, 1, 0, 0, 0, 0, 0, 0, 0, 0, 0, 1, 0, 0, 0, 0, 0, 0, 1, 0, 0, 0, 0, 0, 0, 0, 0, 0, 0, 0, 0, 0, 0, 0, 0, 0, 0, 0, 0, 0, 0, 0, 1, 0, 0, 0, 1, 0, 0, 0, 0, 0, 0, 0, 0, 0, 0, 0, 1, 0, 0, 0, 0, 0, 0, 0, 0, 0, 1, 0, 0, 0, 0, 0, 0, 0, 0, 0, 0, 0, 0, 0, 1, 0, 0, 0, 1, 0, 0, 1, 1, 0, 0, 0, 0, 0, 0, 1, 0, 0, 1, 0, 0, 0, 0, 1, 0, 0, 0, 0, 1, 1, 0, 0, 0, 0, 0, 0, 1, 0, 0, 0, 0, 0, 0, 0, 0, 1, 0, 0, 0, 1, 0, 0, 0, 0, 0, 0, 0, 0, 0, 0, 0, 0, 0, 0, 0, 0, 1, 0, 0, 0, 0, 0, 0, 0, 0, 0, 0, 0, 0, 0, 0, 0, 1, 0, 0, 1, 0, 0, 1, 0, 0, 1, 0, 0, 0, 0, 0, 1, 1, 0, 1, 0, 0, 0, 1, 0, 0, 0, 0, 0, 0, 0, 0, 1, 0, 1, 1, 0, 0, 0, 0, 0, 0, 0, 0, 0, 0, 1, 0, 0, 0, 0, 1, 0, 0, 0, 0, 1, 0, 0, 1, 0, 1, 0, 0, 0, 0, 1, 0, 0, 0, 0, 0, 0, 1, 0, 0, 1, 0, 0, 0, 0, 0, 1, 1, 0, 0, 0, 0, 0, 1, 0, 0, 0, 1, 0, 0, 1, 1, 1, 0, 0, 0, 0, 1, 0, 0, 0, 0, 0, 0, 1, 0, 0, 0, 1, 0, 0, 0, 0, 0, 0, 0, 0, 0, 1, 0, 1, 0, 0, 0, 0, 0, 0, 0, 0, 0, 0, 0, 0, 1, 0, 0, 0, 0, 0, 0, 0, 0, 0, 0, 0, 1, 0, 0, 0, 0, 0, 0, 0, 0, 0, 0, 1, 0, 0, 0, 0, 0, 0, 0, 0, 0, 0, 0, 0, 1, 0, 0, 0, 0, 0, 0, 1, 1, 1, 0, 1, 1, 0, 0, 1, 0, 0, 0, 0, 1, 1, 0, 0, 0, 0, 0, 0, 1, 1, 1, 0, 0, 0, 0, 1, 0, 0, 0, 1, 0, 1, 0, 0, 0, 1]

