# shuffled stratified split (indices referring to UCR database)
TESTINDEX=[192 294 416 402 198 334 121 772 344 723 547 706 740 264 314 318 479 133
 154 284 185 341   8 124 605 151  47 145 282 410 400 232 494  19 426 119
 225 427 268 672 302  44 391 304 237 111 419 352 659 525 487 215 621 504
 657 722 630  26 454 523 623 475 363 518 336 564 329 357  33 222 728 555
 392 378 519 300 417 418 568 481  96 685 181 764 177 665 285  97  21 242
  23 747  18  51  79 727 299 596 760 176 171 721 159 474 562 708 433 263
 333 538 718 451  17 762 356 467 140 167  57 347 210  48  72 396 581 515
 118 573 406 253 502 313 644 191 328   0 161 681 141 713 267 397 277  58
 126 498 611 104 364 193 204 499 305  55 655  94 441 695 496 200 590 105
 324 377 380 142 563 236 217  27 103 387 373 656 501 258 424 569  73 388
 276 399  60 309 306 296 724 549 224 556 737 134 648 766 769 369 422 405
  25 505 179 350 303 483 107 412 520 214 558  14   4 508   6 633 207 435
 385 202 293 476 308 510 390  77 261 601 197 429  10 203 212 730  92 169
 289 275 675 208 403 231 221   5 635 337 641 247 732 274 602 243 643 597
 652 386 624 570 398 148 290 489 527  95 108 100 714  54  75 420 604 735
 577  84 640 165 530 674 629 532 132 246 316 524 544 335 249  66 667 585
 307 254 372 323 711  12  15 393  24 130 593 362 143 712 486 575   3 663
 271 616  89 431 512 495 216 371 574 670 349 226 584 442 579 491 361 485
 123 343 201  87  43 332 443  39 632 384 395 541 255 537 389 536  49 125
  99 565 488 149 256 642 188 438 709 135 230 317 660 715  62 120 131 164
 115 639  16 278 381 437 311 664 658 127 101 645 218 626 229 414 129 407
 428 625 686 346  80   7]
TRAININDEX=[603 244 447  37 331 288 753 175 383 571 113 756 542 545  78 550 234 733
 365 599 156 327 152 606 539 637 339 184  86 162 522 617 291 122 677 187
 757 106 567 196 560 322  22   1 704 116  42 744 634 269 456  70  88  65
   9 716 434  98  82 509 448 595 588 526 472 450 492 259 754 312 172  71
 117 739 245 687 705 375 150 146 540 353 182 265 166 272 213 548 500 251
 693 608 408 698 315 490  69 248 260 266 725 366 517 516 209 273 618  76
 609 374 423  46 359 702  20 301 507 270 233  41 139 180 464  35 678 583
 228 559 283  63 465 455 240  50 469  56 676 650  83 661 109 493 576 580
 506 589  11 531 546 404  64 669 280 238 731 220 136 688 235 292 484 553
 351 411 717 749 147 514 750 770 394 478 170 700 367 726 206 511 194 521
 566 554 460  81 619 190 163 691  40 503 533 241 286 436 382 471 137 763
 690 452 370 666 250 598 297 482 692  34 620 445  61 279 738 444 529 168
 694 679  53 528 425 112 615 535 155 742 468 368 668 649  85  68 114 262
 157 561 252  38 543  31 557 379 765 174 720 354 459 699 463 586 446 138
 219 551 449 701 153   2 321  32 281 729 477 183 376 743 158 320 319 461
 755 295 401 513 205 348 682 719 613 466 683 439 110  28 223 358  30 102
 534 310 631 736 355 440 342 703 340 748 647 409  90 195 745  45 612 653
 330 654 497 186 592 746 614 773 326  91 345 662 741 607 227 144 421  13
 462 298 552 684  59 458 627 710 689 572 591 470 582 734 752 610 257 480
 673 360 628 178 128 707  29 413 697 600 594  67 578 646 651 287 453 751
 587 636 160 680 338  36 696 638 415  93  52 325 671 473 189 622 457 173
 430 199  74 239 211 432]

# learned parameters for cdtw and gem
# dtw ((error, size, error/size), (window, sqr))
# gem ((error, size, error/size), (St0, St1, E, sym, sqr))
BESTLEARNCONSDTW=((68, 384, 0.17708333333333334), (0.089999999999999997, True))
LISTLEARNCONSDTW=[((68, 384, 0.17708333333333334), (0.089999999999999997, True)), ((71, 384, 0.18489583333333334), (0.080000000000000002, True)), ((72, 384, 0.1875), (0.10000000000000001, True)), ((73, 384, 0.19010416666666666), (0.070000000000000007, True)), ((73, 384, 0.19010416666666666), (0.11, True)), ((74, 384, 0.19270833333333334), (0.059999999999999998, True)), ((74, 384, 0.19270833333333334), (0.12, True)), ((75, 384, 0.1953125), (0.050000000000000003, True)), ((75, 384, 0.1953125), (0.16, True)), ((76, 384, 0.19791666666666666), (0.13, True)), ((76, 384, 0.19791666666666666), (0.14000000000000001, True)), ((76, 384, 0.19791666666666666), (0.14999999999999999, True)), ((78, 384, 0.203125), (0.17000000000000001, True)), ((79, 384, 0.20572916666666666), (0.040000000000000001, True)), ((82, 384, 0.21354166666666666), (0.17999999999999999, True)), ((84, 384, 0.21875), (0.19, True)), ((85, 384, 0.22135416666666666), (0.20000000000000001, True)), ((87, 384, 0.2265625), (0.029999999999999999, True)), ((99, 384, 0.2578125), (0.02, True)), ((108, 384, 0.28125), (0.01, True)), ((147, 384, 0.3828125), (0.0, True))]

BESTLEARNGEM=((75, 384, 0.1953125), (2, 2, 0.015625, True, True))
LISTLEARNGEM=[((75, 384, 0.1953125), (2, 2, 0.015625, True, True)), ((76, 384, 0.19791666666666666), (2, 2, 0.03125, True, True)), ((79, 384, 0.20572916666666666), (2, 2, 0.0625, True, True)), ((88, 384, 0.22916666666666666), (2, 2, 0.0078125, True, True)), ((93, 384, 0.2421875), (2, 2, 0.00390625, True, True)), ((94, 384, 0.24479166666666666), (2, 2, 0.125, True, True)), ((97, 384, 0.25260416666666669), (2, 2, 0, True, True)), ((125, 384, 0.32552083333333331), (2, 2, 0.25, True, True)), ((160, 384, 0.41666666666666669), (2, 2, 0.5, True, True)), ((167, 384, 0.43489583333333331), (2, 1, 0.015625, True, True)), ((167, 384, 0.43489583333333331), (2, 1, 0.03125, True, True)), ((170, 384, 0.44270833333333331), (2, 1, 0.00390625, True, True)), ((170, 384, 0.44270833333333331), (2, 1, 0.0078125, True, True)), ((178, 384, 0.46354166666666669), (1, 1, 0.015625, True, True)), ((178, 384, 0.46354166666666669), (1, 2, 0.015625, True, True)), ((178, 384, 0.46354166666666669), (2, 1, 0.0625, True, True)), ((179, 384, 0.46614583333333331), (1, 1, 0.0078125, True, True)), ((179, 384, 0.46614583333333331), (1, 2, 0.0078125, True, True)), ((179, 384, 0.46614583333333331), (2, 1, 0, True, True)), ((183, 384, 0.4765625), (1, 1, 0.00390625, True, True)), ((183, 384, 0.4765625), (1, 2, 0.00390625, True, True)), ((185, 384, 0.48177083333333331), (1, 1, 0.03125, True, True)), ((185, 384, 0.48177083333333331), (1, 2, 0.03125, True, True)), ((192, 384, 0.5), (1, 1, 0, True, True)), ((192, 384, 0.5), (1, 1, 0.0625, True, True)), ((192, 384, 0.5), (1, 2, 0, True, True)), ((192, 384, 0.5), (1, 2, 0.0625, True, True)), ((218, 384, 0.56770833333333337), (1, 1, 0.125, True, True)), ((218, 384, 0.56770833333333337), (1, 2, 0.125, True, True)), ((220, 384, 0.57291666666666663), (2, 1, 0.125, True, True)), ((249, 384, 0.6484375), (2, 1, 0.25, True, True)), ((267, 384, 0.6953125), (1, 1, 0.25, True, True)), ((267, 384, 0.6953125), (1, 2, 0.25, True, True)), ((287, 384, 0.74739583333333337), (2, 1, 0.5, True, True)), ((307, 384, 0.79947916666666663), (1, 1, 0.5, True, True)), ((307, 384, 0.79947916666666663), (1, 2, 0.5, True, True))]


# error rates for different distance measures
# (error, size, error/size) and binary mask
BESTLP=(153, 384, 0.3984375)
LISTLP=[0, 0, 1, 1, 0, 0, 0, 0, 0, 1, 1, 0, 0, 0, 1, 1, 0, 0, 0, 0, 1, 0, 1, 1, 1, 1, 0, 0, 0, 0, 0, 1, 1, 0, 0, 0, 0, 1, 0, 1, 0, 1, 0, 1, 0, 1, 0, 0, 0, 1, 0, 0, 1, 0, 0, 0, 0, 0, 1, 0, 1, 0, 1, 1, 0, 1, 1, 0, 0, 1, 0, 0, 0, 0, 0, 1, 0, 0, 1, 0, 1, 1, 1, 0, 0, 0, 1, 1, 0, 0, 0, 1, 0, 1, 1, 0, 0, 1, 0, 0, 0, 1, 0, 0, 1, 0, 0, 1, 0, 0, 0, 1, 1, 1, 0, 1, 0, 0, 0, 0, 0, 0, 0, 0, 1, 0, 1, 0, 0, 0, 1, 0, 0, 1, 0, 0, 0, 0, 0, 1, 0, 0, 0, 0, 1, 1, 0, 0, 0, 0, 0, 1, 0, 0, 0, 1, 0, 0, 1, 1, 0, 1, 1, 0, 0, 0, 0, 0, 0, 1, 1, 0, 1, 0, 0, 1, 1, 1, 0, 0, 1, 0, 1, 0, 0, 0, 0, 1, 0, 1, 0, 0, 0, 0, 1, 1, 0, 1, 0, 0, 0, 0, 0, 0, 0, 0, 0, 1, 1, 0, 1, 0, 0, 1, 1, 1, 0, 0, 0, 0, 1, 0, 1, 1, 1, 1, 0, 1, 0, 1, 1, 0, 0, 1, 1, 0, 0, 0, 1, 0, 0, 0, 0, 0, 0, 1, 0, 0, 1, 0, 0, 0, 1, 1, 1, 1, 0, 0, 0, 0, 0, 1, 0, 1, 0, 0, 0, 0, 1, 1, 0, 1, 1, 0, 1, 1, 0, 1, 1, 1, 1, 0, 1, 0, 1, 0, 0, 0, 1, 1, 0, 0, 1, 0, 1, 1, 0, 1, 0, 0, 1, 0, 1, 1, 1, 1, 1, 1, 0, 0, 1, 0, 1, 0, 0, 0, 1, 0, 1, 0, 1, 1, 1, 1, 0, 0, 1, 0, 0, 1, 0, 0, 1, 1, 0, 1, 0, 0, 0, 0, 1, 0, 0, 0, 0, 1, 1, 0, 0, 1, 0, 1, 0, 1, 0, 0, 1, 0, 1, 0, 1, 0, 1, 1, 0, 0, 0, 0, 0, 1, 0, 1, 1, 0, 0, 1, 1, 0, 0, 1, 1, 1, 0, 0]

BESTFULLDTW=(80, 384, 0.20833333333333334)
LISTFULLDTW=[0, 0, 0, 1, 0, 0, 0, 0, 0, 1, 1, 1, 0, 0, 0, 0, 1, 0, 0, 0, 0, 0, 1, 0, 0, 0, 1, 0, 0, 1, 1, 0, 0, 0, 0, 0, 1, 0, 0, 0, 1, 0, 0, 0, 1, 1, 0, 0, 0, 0, 0, 0, 1, 0, 1, 0, 0, 0, 0, 0, 0, 0, 0, 0, 0, 0, 0, 0, 0, 1, 0, 0, 0, 0, 0, 0, 0, 0, 1, 0, 0, 0, 1, 0, 1, 0, 1, 0, 0, 0, 0, 0, 0, 0, 1, 0, 0, 0, 0, 0, 0, 1, 0, 0, 0, 0, 0, 0, 0, 0, 0, 0, 0, 0, 0, 0, 1, 0, 0, 0, 0, 0, 0, 0, 0, 0, 1, 0, 0, 0, 1, 0, 0, 0, 0, 0, 0, 1, 0, 1, 0, 1, 0, 0, 0, 0, 0, 0, 0, 0, 0, 1, 0, 0, 0, 0, 0, 0, 1, 1, 0, 1, 1, 0, 0, 0, 0, 0, 0, 0, 0, 0, 0, 1, 0, 0, 0, 1, 0, 0, 0, 0, 0, 0, 0, 0, 0, 0, 0, 0, 0, 0, 0, 0, 1, 1, 0, 1, 0, 0, 0, 0, 0, 1, 0, 0, 0, 1, 0, 1, 1, 0, 1, 0, 0, 1, 1, 0, 0, 0, 1, 0, 0, 0, 0, 0, 0, 1, 0, 0, 1, 0, 0, 0, 1, 0, 0, 0, 0, 0, 1, 0, 0, 0, 0, 0, 0, 0, 0, 0, 0, 1, 1, 0, 1, 0, 0, 0, 0, 0, 0, 0, 0, 0, 0, 0, 0, 1, 0, 0, 0, 0, 0, 0, 1, 0, 0, 0, 0, 0, 0, 0, 1, 0, 0, 1, 0, 0, 0, 1, 0, 0, 0, 0, 0, 0, 0, 0, 0, 0, 1, 1, 0, 0, 1, 0, 0, 0, 0, 0, 0, 0, 1, 0, 0, 0, 0, 0, 0, 0, 0, 0, 0, 0, 0, 0, 1, 0, 0, 0, 0, 0, 1, 1, 0, 0, 0, 0, 0, 1, 1, 0, 1, 0, 1, 1, 0, 1, 0, 1, 0, 1, 0, 0, 1, 0, 0, 0, 0, 0, 0, 0, 1, 0, 0, 0, 1, 0, 0, 0, 1, 1, 0, 0, 0, 1, 0, 0, 0, 0, 0, 1, 0, 0]

BESTCONSDTW=(67, 384, 0.17447916666666666)
LISTCONSDTW=[0, 0, 0, 1, 0, 0, 0, 0, 0, 1, 1, 0, 0, 1, 0, 0, 0, 0, 0, 0, 0, 0, 0, 0, 0, 0, 1, 0, 0, 0, 0, 0, 0, 0, 0, 0, 0, 0, 0, 1, 1, 0, 0, 0, 0, 1, 0, 1, 0, 0, 0, 0, 1, 0, 1, 0, 0, 0, 1, 0, 1, 0, 0, 0, 0, 0, 0, 0, 0, 1, 0, 0, 0, 0, 0, 0, 0, 0, 1, 0, 1, 0, 1, 0, 1, 0, 1, 0, 0, 0, 0, 0, 0, 0, 1, 0, 0, 0, 1, 0, 0, 1, 0, 0, 0, 0, 0, 0, 0, 0, 0, 1, 1, 0, 0, 0, 1, 0, 0, 0, 0, 0, 0, 0, 1, 0, 1, 0, 0, 0, 1, 0, 0, 0, 0, 0, 1, 0, 0, 1, 0, 0, 0, 0, 0, 0, 0, 0, 0, 0, 0, 1, 0, 0, 0, 0, 0, 0, 1, 1, 0, 1, 1, 0, 0, 0, 0, 0, 0, 0, 0, 0, 0, 1, 0, 0, 0, 0, 0, 0, 1, 0, 0, 0, 0, 0, 0, 0, 0, 0, 0, 0, 0, 0, 1, 1, 0, 1, 0, 0, 0, 0, 0, 0, 0, 0, 0, 1, 0, 0, 1, 0, 0, 0, 0, 1, 1, 0, 0, 0, 1, 0, 0, 0, 0, 0, 0, 1, 0, 0, 1, 0, 0, 0, 1, 0, 0, 0, 0, 0, 1, 0, 0, 0, 0, 0, 0, 0, 0, 0, 0, 1, 1, 0, 1, 0, 0, 0, 0, 0, 0, 1, 0, 0, 0, 0, 0, 1, 0, 0, 0, 0, 0, 0, 1, 0, 0, 0, 0, 0, 0, 0, 0, 0, 0, 1, 0, 0, 0, 0, 0, 0, 0, 0, 0, 0, 0, 0, 0, 0, 1, 0, 0, 0, 0, 0, 0, 0, 0, 0, 0, 0, 0, 0, 0, 0, 0, 0, 0, 0, 0, 0, 0, 0, 0, 0, 1, 0, 0, 0, 0, 0, 0, 0, 0, 0, 0, 0, 0, 0, 1, 0, 0, 0, 0, 0, 0, 1, 0, 0, 0, 0, 1, 0, 1, 0, 0, 0, 0, 0, 0, 0, 1, 0, 0, 0, 1, 0, 0, 0, 0, 1, 0, 0, 0, 0, 0, 0, 0, 1, 0, 1, 0, 0]

BESTGEM=(79, 384, 0.20572916666666666)
LISTGEM=[0, 0, 1, 1, 0, 1, 0, 0, 0, 1, 1, 0, 0, 1, 0, 0, 1, 0, 0, 0, 0, 0, 1, 0, 0, 0, 1, 0, 0, 0, 0, 1, 0, 0, 0, 0, 0, 0, 0, 0, 1, 1, 0, 0, 0, 1, 0, 0, 0, 0, 0, 0, 0, 0, 1, 0, 0, 0, 0, 0, 1, 0, 0, 0, 0, 0, 1, 0, 0, 0, 0, 0, 0, 0, 0, 0, 0, 1, 1, 0, 0, 0, 1, 0, 1, 0, 1, 1, 0, 0, 0, 0, 0, 0, 1, 1, 0, 0, 1, 0, 0, 0, 0, 0, 0, 0, 0, 0, 0, 1, 0, 0, 0, 0, 0, 1, 1, 0, 0, 1, 0, 0, 0, 0, 0, 0, 1, 0, 0, 0, 1, 0, 0, 0, 0, 0, 0, 0, 0, 1, 0, 1, 0, 1, 0, 0, 0, 0, 0, 0, 0, 0, 0, 0, 0, 0, 0, 0, 1, 1, 0, 1, 1, 0, 0, 1, 0, 0, 0, 0, 0, 0, 0, 0, 0, 0, 0, 0, 0, 0, 0, 0, 0, 0, 0, 0, 0, 0, 0, 0, 1, 0, 0, 0, 0, 1, 0, 0, 0, 0, 0, 1, 0, 1, 0, 0, 1, 0, 0, 0, 1, 0, 1, 1, 1, 1, 0, 0, 0, 0, 1, 0, 0, 0, 0, 0, 0, 1, 0, 1, 0, 0, 0, 1, 0, 0, 0, 0, 0, 0, 1, 1, 0, 0, 0, 0, 0, 0, 0, 0, 0, 0, 0, 0, 1, 0, 0, 0, 0, 0, 0, 0, 0, 0, 0, 0, 0, 0, 0, 0, 0, 1, 0, 0, 1, 0, 0, 0, 0, 0, 0, 0, 1, 0, 0, 1, 0, 0, 0, 0, 0, 0, 1, 0, 0, 0, 0, 0, 0, 0, 0, 0, 0, 0, 0, 1, 0, 1, 0, 0, 0, 0, 1, 0, 0, 1, 0, 1, 0, 0, 0, 0, 0, 0, 0, 0, 1, 0, 0, 0, 0, 0, 0, 0, 0, 0, 0, 0, 0, 0, 1, 1, 0, 0, 0, 0, 1, 0, 0, 0, 0, 0, 1, 1, 0, 0, 1, 0, 0, 0, 1, 0, 1, 0, 0, 0, 1, 0, 0, 0, 0, 1, 0, 0, 0, 1, 0, 0, 0, 0, 0, 1, 0, 0]

