# shuffled stratified split (indices referring to UCR database)
TESTINDEX=[517 100 262 352 527 414 384 530  58 364 455 291 238 751 601 452 102   3
 175 328 301 600 249 133 435 448 176 695 444 755 143 270 353 754 483  96
 621 671 569 155 555 532 665 331 495 390 374 738 422 772 508 409 597 667
 415 624  25 606 505 158 316 428 177 412   5 104 731 157 165 221 436 329
  77 302 548 120 723 567 397 216 480 638 513 424 623 535 318  48 581 512
 668 185 655 103 711 256 272 618 696 559 563 106 375 288 203 646 565 642
 234 297 745 281 115 557 310 683 223 242 496 635  83 341 258 537 652  38
  45 314 469 604 377  81  50 410 346 628 556 361 698 112 134  84 439 357
 127 404  17 619 308 453 706 154 437 542 561 459 433 552 347 295 257 743
  66 243 392 373 518 727 109 762 639  40 564 147  74 746 507 209  32 656
 549 720 188 674 702 742 426 553 311  78  18  23 400 603 474   8 717 402
 210 227 640 282 760 488 454 161 363  82 125 146 431 419 734 145 401 670
 387 323 442 715 612 636 389  14 376 187 649 156 207 625 167 309 713 214
 195  59 617  34 108 457   6 473 633 540 300 224 688 139  75 250 704 660
 321 664  90 533  62 516 544 283 728 425 246 244 690 190 173 356   1 298
 645 641 372 222 337 260 529 181 576 162 462 330  12 471 449 732   9 710
 677 432  43 663 499  92 226 707 545 275 325  61 132  79 478 230 348 593
 630 286 334 598 355 423 757 259 522 416 605 749 729 685 769 472 399 169
 687 305 420 228 534 676 476   0 629 394 634 714 450 509 570 360 197 615
 730 343 724 350 317 741 393  52 304 590 577 611 319  11  97 186 582 284
 362 307 651 443 149 592 712 763 588 661 744 572 722 632  88  20 510 504
 484 229 703 123 573  73]
TRAININDEX=[131  22 279   7 183 273 773 403 413 245 631  70 130  13  28  16 709 237
 610 336 339  42  21  31 338 141 369 233 740  65 487 251 110 679 675 705
 580 113 524 441 153 366 446 208 289 456 536 193 194  30 467 114  33  69
 503 681 265 647 380 616 396 725 644 421 312 101   2 111 445  60 349 648
 200 497 315 322 163 182 482 493 562 485  67 294 460 383 359  27  71 657
 172 750 464 525 218 268 643 345 378 191 463 531 116  54 614   4 253  47
 434 451 700 620 408 164  29 669  53 551  26 303 344  41 324 365 583 382
  80 150 602 684 770 151 189 498 285 586 613 466 121 148 239 128 179 733
  76 232 248 212 765 276 662 538 764  85 367  94  95 118 736 468 514 385
 737 335  89 225  68 124 430 718 491 313 654 739 692 170 747 386 199  44
 371 699 447 105 340  15  63  93 691 407 477 320 254 753 220  87 666 511
 122 160 252 587 608 342  39 697 560 202 596 721 609  46 206 395  49 204
 470 174 201 748 368 219 429 490  98 653 166 672 135 547 678 351 267  55
 461 492 519  91 266 370 575 277 261 458 180 427 438 406  36 607  19 236
 159 500 240  35 417 541 693 263  24 658 137 526 716 290 481 465 489 659
 568 247 391 479  57 271 571  56 520 735 543 523  37 694 521 494 701 766
 287 332 506 756 584 205 231 578 152 546 574 269 502  72 381 708 388 327
 637 215 119 752 136 673 126 440 627 550 192 129 398 585 589 566 515 595
 293 306  64 241  99 379 539 622 255  86 264 411 326 196 296 168 107 178
 213 333 140 528 217 594 198 558 144 486 354 211 599 579 280 626 405 686
 475 591 184 358 689 299 278 235 650 726  10 274 292 680 682 171 554 142
  51 501 138 117 418 719]

# learned parameters for cdtw and gem
# dtw ((error, size, error/size), (window, sqr))
# gem ((error, size, error/size), (St0, St1, E, sym, sqr))
BESTLEARNCONSDTW=((79, 384, 0.20572916666666666), (0.10000000000000001, True))
LISTLEARNCONSDTW=[((79, 384, 0.20572916666666666), (0.10000000000000001, True)), ((81, 384, 0.2109375), (0.070000000000000007, True)), ((83, 384, 0.21614583333333334), (0.059999999999999998, True)), ((83, 384, 0.21614583333333334), (0.080000000000000002, True)), ((83, 384, 0.21614583333333334), (0.089999999999999997, True)), ((83, 384, 0.21614583333333334), (0.11, True)), ((84, 384, 0.21875), (0.12, True)), ((86, 384, 0.22395833333333334), (0.13, True)), ((86, 384, 0.22395833333333334), (0.14000000000000001, True)), ((87, 384, 0.2265625), (0.14999999999999999, True)), ((89, 384, 0.23177083333333334), (0.16, True)), ((90, 384, 0.234375), (0.050000000000000003, True)), ((92, 384, 0.23958333333333334), (0.17000000000000001, True)), ((94, 384, 0.24479166666666666), (0.20000000000000001, True)), ((95, 384, 0.24739583333333334), (0.17999999999999999, True)), ((95, 384, 0.24739583333333334), (0.19, True)), ((97, 384, 0.25260416666666669), (0.040000000000000001, True)), ((99, 384, 0.2578125), (0.02, True)), ((104, 384, 0.27083333333333331), (0.029999999999999999, True)), ((121, 384, 0.31510416666666669), (0.01, True)), ((153, 384, 0.3984375), (0.0, True))]

BESTLEARNGEM=((83, 384, 0.21614583333333334), (2, 2, 0.0625, True, True))
LISTLEARNGEM=[((83, 384, 0.21614583333333334), (2, 2, 0.0625, True, True)), ((85, 384, 0.22135416666666666), (2, 2, 0.03125, True, True)), ((93, 384, 0.2421875), (2, 2, 0.015625, True, True)), ((98, 384, 0.25520833333333331), (2, 2, 0.125, True, True)), ((100, 384, 0.26041666666666669), (2, 2, 0, True, True)), ((102, 384, 0.265625), (2, 2, 0.0078125, True, True)), ((106, 384, 0.27604166666666669), (2, 2, 0.00390625, True, True)), ((118, 384, 0.30729166666666669), (2, 2, 0.25, True, True)), ((148, 384, 0.38541666666666669), (2, 2, 0.5, True, True)), ((166, 384, 0.43229166666666669), (2, 1, 0.015625, True, True)), ((167, 384, 0.43489583333333331), (2, 1, 0.03125, True, True)), ((171, 384, 0.4453125), (2, 1, 0.0078125, True, True)), ((171, 384, 0.4453125), (2, 1, 0.0625, True, True)), ((175, 384, 0.45572916666666669), (1, 1, 0.015625, True, True)), ((175, 384, 0.45572916666666669), (1, 2, 0.015625, True, True)), ((175, 384, 0.45572916666666669), (2, 1, 0.00390625, True, True)), ((178, 384, 0.46354166666666669), (1, 1, 0.0078125, True, True)), ((178, 384, 0.46354166666666669), (1, 2, 0.0078125, True, True)), ((179, 384, 0.46614583333333331), (1, 1, 0.00390625, True, True)), ((179, 384, 0.46614583333333331), (1, 2, 0.00390625, True, True)), ((186, 384, 0.484375), (1, 1, 0, True, True)), ((186, 384, 0.484375), (1, 2, 0, True, True)), ((186, 384, 0.484375), (2, 1, 0, True, True)), ((191, 384, 0.49739583333333331), (1, 1, 0.03125, True, True)), ((191, 384, 0.49739583333333331), (1, 2, 0.03125, True, True)), ((205, 384, 0.53385416666666663), (1, 1, 0.0625, True, True)), ((205, 384, 0.53385416666666663), (1, 2, 0.0625, True, True)), ((207, 384, 0.5390625), (2, 1, 0.125, True, True)), ((223, 384, 0.58072916666666663), (1, 1, 0.125, True, True)), ((223, 384, 0.58072916666666663), (1, 2, 0.125, True, True)), ((238, 384, 0.61979166666666663), (2, 1, 0.25, True, True)), ((251, 384, 0.65364583333333337), (1, 1, 0.25, True, True)), ((251, 384, 0.65364583333333337), (1, 2, 0.25, True, True)), ((265, 384, 0.69010416666666663), (2, 1, 0.5, True, True)), ((280, 384, 0.72916666666666663), (1, 1, 0.5, True, True)), ((280, 384, 0.72916666666666663), (1, 2, 0.5, True, True))]


# error rates for different distance measures
# (error, size, error/size) and binary mask
BESTLP=(151, 384, 0.39322916666666669)
LISTLP=[0, 1, 1, 0, 0, 1, 1, 1, 0, 0, 0, 0, 1, 0, 0, 1, 0, 1, 0, 0, 1, 0, 0, 0, 1, 0, 0, 0, 0, 0, 1, 0, 1, 1, 0, 1, 1, 0, 1, 0, 0, 1, 1, 1, 0, 1, 1, 1, 0, 0, 1, 1, 0, 0, 1, 1, 1, 0, 0, 1, 1, 0, 0, 0, 0, 0, 0, 0, 0, 0, 0, 0, 0, 1, 0, 0, 0, 1, 0, 1, 0, 0, 0, 0, 1, 0, 0, 0, 1, 0, 0, 1, 1, 1, 0, 1, 1, 0, 0, 1, 0, 1, 0, 1, 1, 0, 0, 1, 1, 1, 1, 1, 1, 1, 0, 0, 1, 1, 0, 0, 1, 0, 0, 0, 1, 0, 1, 0, 0, 1, 0, 0, 0, 0, 0, 1, 1, 1, 1, 1, 0, 0, 0, 0, 1, 1, 1, 0, 1, 1, 1, 0, 1, 1, 1, 0, 0, 0, 1, 0, 0, 1, 0, 1, 1, 1, 1, 1, 0, 0, 0, 1, 1, 0, 0, 0, 1, 1, 0, 0, 1, 1, 0, 1, 0, 1, 0, 0, 0, 0, 1, 0, 0, 0, 0, 1, 0, 1, 0, 0, 1, 0, 0, 0, 1, 0, 1, 0, 0, 1, 0, 0, 0, 0, 0, 0, 0, 0, 0, 0, 0, 1, 0, 0, 0, 0, 0, 1, 1, 1, 0, 0, 1, 0, 0, 1, 1, 1, 0, 1, 0, 1, 1, 0, 1, 0, 0, 0, 0, 1, 1, 0, 0, 0, 0, 0, 1, 0, 1, 0, 0, 0, 1, 0, 0, 1, 0, 0, 0, 0, 1, 1, 0, 1, 0, 0, 1, 1, 1, 0, 0, 0, 0, 1, 1, 0, 0, 0, 0, 0, 1, 1, 1, 0, 0, 1, 0, 0, 0, 0, 1, 1, 1, 0, 0, 1, 0, 0, 0, 1, 1, 0, 0, 1, 0, 1, 0, 1, 0, 1, 1, 0, 0, 1, 0, 0, 0, 0, 0, 0, 0, 0, 0, 0, 0, 0, 0, 1, 1, 1, 0, 1, 1, 0, 0, 0, 1, 1, 1, 1, 1, 0, 0, 0, 0, 1, 0, 0, 0, 1, 0, 0, 1, 0, 0, 1, 1, 0, 0, 1, 0, 0, 0, 0, 0, 0, 0, 0, 0, 0, 1, 0, 0, 0]

BESTFULLDTW=(91, 384, 0.23697916666666666)
LISTFULLDTW=[0, 0, 0, 0, 0, 1, 1, 0, 0, 0, 0, 0, 0, 0, 0, 0, 0, 0, 0, 0, 0, 0, 0, 0, 1, 0, 0, 0, 0, 0, 1, 0, 0, 1, 0, 0, 1, 0, 1, 0, 0, 0, 0, 0, 0, 0, 1, 0, 0, 0, 1, 0, 1, 0, 0, 1, 0, 0, 0, 1, 0, 0, 1, 0, 0, 0, 0, 0, 1, 0, 0, 0, 0, 1, 0, 0, 0, 0, 0, 1, 0, 1, 0, 0, 1, 0, 0, 0, 0, 0, 0, 0, 0, 0, 0, 0, 1, 1, 0, 1, 0, 1, 0, 1, 0, 0, 0, 1, 0, 0, 1, 0, 1, 0, 1, 0, 0, 0, 1, 0, 0, 0, 0, 0, 1, 0, 0, 0, 0, 0, 1, 0, 0, 1, 1, 0, 0, 0, 0, 0, 1, 0, 1, 0, 0, 0, 0, 0, 0, 1, 0, 0, 0, 1, 0, 0, 0, 1, 0, 0, 1, 1, 1, 0, 0, 0, 1, 0, 0, 0, 0, 0, 0, 0, 0, 1, 0, 1, 0, 0, 0, 1, 0, 1, 1, 0, 0, 0, 1, 0, 0, 0, 1, 0, 0, 1, 0, 1, 1, 0, 0, 0, 0, 0, 0, 0, 1, 0, 0, 0, 0, 0, 1, 0, 0, 0, 0, 0, 0, 0, 0, 1, 0, 1, 0, 0, 0, 0, 0, 0, 0, 0, 1, 1, 0, 1, 1, 1, 0, 0, 1, 0, 0, 0, 0, 0, 0, 0, 0, 1, 0, 0, 0, 0, 0, 0, 0, 0, 0, 1, 0, 0, 0, 0, 0, 1, 0, 0, 0, 1, 1, 0, 0, 1, 0, 0, 1, 1, 0, 1, 0, 1, 0, 1, 0, 0, 0, 0, 0, 0, 0, 1, 1, 0, 1, 0, 0, 0, 1, 0, 0, 1, 0, 0, 0, 1, 0, 0, 0, 0, 1, 0, 1, 1, 0, 1, 0, 0, 0, 1, 0, 0, 0, 0, 0, 0, 1, 0, 0, 0, 0, 0, 0, 0, 0, 0, 0, 0, 0, 0, 0, 0, 0, 0, 1, 0, 0, 0, 0, 0, 0, 0, 0, 0, 0, 0, 0, 0, 0, 0, 0, 0, 0, 1, 0, 0, 1, 0, 0, 1, 1, 0, 0, 0, 1, 0, 0, 0, 0, 0, 1, 0, 0, 0]

BESTCONSDTW=(67, 384, 0.17447916666666666)
LISTCONSDTW=[0, 0, 0, 0, 0, 0, 0, 0, 0, 0, 0, 0, 0, 0, 0, 0, 0, 0, 1, 0, 0, 0, 0, 0, 1, 0, 0, 0, 0, 0, 1, 0, 0, 1, 0, 0, 1, 0, 0, 0, 0, 0, 0, 0, 0, 0, 1, 0, 0, 0, 1, 0, 0, 0, 0, 1, 0, 0, 0, 1, 0, 0, 1, 0, 0, 0, 0, 0, 0, 0, 0, 0, 0, 1, 0, 0, 0, 0, 0, 1, 0, 0, 0, 0, 1, 0, 0, 0, 0, 0, 0, 0, 0, 0, 0, 0, 0, 1, 0, 1, 0, 1, 0, 1, 0, 0, 0, 1, 0, 0, 1, 0, 1, 1, 0, 0, 0, 0, 1, 0, 0, 0, 0, 0, 1, 0, 0, 0, 0, 0, 0, 0, 0, 0, 1, 0, 0, 0, 0, 0, 0, 0, 0, 0, 0, 0, 1, 0, 1, 1, 0, 0, 0, 0, 0, 0, 0, 0, 0, 0, 0, 1, 0, 0, 0, 0, 0, 0, 0, 0, 0, 0, 0, 0, 0, 0, 0, 1, 0, 0, 0, 1, 0, 1, 0, 1, 0, 0, 1, 0, 0, 0, 0, 0, 0, 0, 0, 1, 1, 0, 0, 0, 0, 0, 1, 1, 1, 0, 0, 1, 0, 0, 0, 0, 0, 0, 0, 0, 0, 0, 0, 1, 0, 0, 0, 0, 0, 0, 0, 0, 0, 0, 1, 0, 0, 0, 0, 0, 0, 0, 0, 0, 0, 0, 0, 0, 0, 0, 0, 1, 0, 0, 0, 0, 0, 0, 0, 0, 0, 1, 0, 0, 0, 0, 0, 1, 0, 0, 0, 1, 1, 0, 0, 1, 0, 0, 0, 1, 0, 1, 0, 1, 0, 1, 0, 0, 0, 0, 0, 0, 0, 1, 1, 0, 0, 0, 0, 0, 0, 0, 0, 1, 1, 1, 0, 1, 0, 0, 0, 0, 1, 0, 1, 1, 0, 1, 0, 0, 0, 1, 0, 0, 0, 0, 0, 0, 1, 0, 0, 0, 0, 0, 0, 0, 0, 0, 0, 0, 0, 0, 0, 1, 0, 0, 0, 0, 0, 0, 0, 0, 0, 0, 0, 0, 0, 0, 0, 0, 0, 0, 0, 0, 0, 0, 0, 0, 0, 0, 0, 1, 1, 0, 0, 0, 0, 0, 0, 0, 0, 0, 1, 0, 0, 0]

BESTGEM=(89, 384, 0.23177083333333334)
LISTGEM=[0, 0, 0, 0, 0, 1, 1, 0, 1, 0, 0, 0, 0, 0, 0, 0, 0, 0, 1, 0, 0, 0, 0, 0, 1, 0, 0, 0, 0, 0, 1, 0, 0, 1, 0, 0, 0, 0, 0, 0, 0, 0, 1, 1, 0, 0, 0, 0, 0, 0, 1, 0, 0, 0, 1, 0, 0, 0, 0, 1, 0, 0, 1, 0, 1, 0, 0, 0, 1, 0, 0, 0, 0, 1, 0, 0, 0, 0, 0, 1, 0, 0, 0, 0, 1, 0, 0, 0, 0, 0, 0, 1, 0, 0, 0, 1, 1, 1, 0, 0, 0, 1, 0, 1, 0, 0, 0, 1, 0, 0, 1, 0, 1, 1, 0, 1, 0, 1, 1, 0, 0, 0, 0, 0, 1, 0, 0, 0, 0, 0, 0, 0, 0, 0, 1, 0, 0, 0, 1, 0, 0, 0, 1, 1, 0, 0, 0, 0, 1, 0, 1, 0, 0, 0, 1, 0, 0, 1, 1, 0, 0, 1, 0, 0, 0, 0, 1, 0, 1, 0, 0, 0, 0, 0, 0, 1, 0, 0, 0, 0, 0, 1, 0, 1, 0, 1, 0, 0, 1, 0, 0, 0, 1, 0, 0, 1, 0, 1, 1, 0, 0, 0, 0, 0, 0, 0, 0, 0, 0, 0, 0, 0, 0, 0, 0, 1, 0, 0, 0, 0, 0, 1, 0, 1, 0, 0, 0, 0, 1, 0, 0, 0, 1, 0, 0, 0, 0, 0, 0, 0, 1, 0, 1, 0, 0, 0, 0, 0, 0, 1, 0, 0, 0, 0, 0, 0, 1, 0, 1, 1, 0, 0, 0, 0, 0, 1, 0, 0, 0, 1, 1, 0, 0, 0, 0, 1, 0, 0, 0, 1, 0, 1, 0, 1, 0, 0, 0, 0, 0, 0, 0, 1, 1, 0, 1, 0, 1, 0, 1, 0, 0, 1, 0, 1, 0, 1, 0, 0, 0, 1, 1, 0, 1, 0, 0, 1, 0, 1, 0, 0, 0, 0, 0, 0, 0, 0, 0, 0, 0, 0, 0, 0, 0, 0, 0, 0, 0, 0, 0, 0, 0, 0, 0, 0, 0, 1, 0, 0, 0, 0, 0, 0, 0, 0, 0, 0, 0, 0, 0, 0, 0, 0, 0, 0, 0, 0, 1, 0, 0, 1, 1, 0, 0, 1, 0, 0, 0, 0, 0, 0, 0, 0, 0, 0]

