# indices of halve split with split for parameters)
INDEXONE=[776, 550, 76, 541, 949, 571, 282, 355, 178, 5, 160, 992, 509, 931, 425, 675, 770, 791, 247, 604, 526, 818, 85, 587, 34, 632, 904, 538, 69, 361, 234, 59, 523, 637, 919, 810, 551, 859, 692, 453, 393, 725, 878, 61, 831, 887, 240, 346, 626, 214, 119, 337, 177, 460, 217, 321, 620, 389, 318, 926, 753, 110, 778, 305, 570, 164, 252, 201, 276, 922, 309, 304, 137, 595, 663, 576, 912, 32, 322, 17, 858, 144, 998, 472, 598, 908, 767, 766, 468, 855, 695, 848, 413, 853, 120, 674, 485, 684, 332, 682, 923, 104, 387, 264, 153, 148, 456, 563, 312, 765, 868, 65, 244, 929, 531, 363, 288, 151, 820, 187, 127, 278, 271, 974, 854, 416, 726, 255, 72, 808, 532, 557, 207, 918, 145, 826, 816, 251, 720, 333, 693, 975, 392, 371, 422, 500, 345, 229, 20, 687, 335, 270, 705, 983, 731, 965, 125, 174, 58, 443, 600, 53, 987, 280, 957, 936, 516, 272, 794, 60, 701, 140, 228, 231, 273, 661, 867, 715, 932, 968, 672, 668, 398, 920, 732, 136, 984, 834, 426, 429, 88, 384, 881, 487, 203, 94, 874, 772, 594, 439, 184, 434, 577, 433, 87, 141, 956, 415, 339, 139, 224, 142, 821, 713, 390, 942, 419, 458, 494, 77, 601, 718, 999, 653, 6, 543, 418, 481, 407, 612, 493, 899, 310, 281, 368, 994, 683, 564, 517, 883, 976, 542, 149, 13, 836, 782, 2, 990, 19, 275, 950, 758, 795, 691, 385, 572, 15, 978, 724, 73, 685, 730, 948, 634, 941, 448, 676, 404, 452, 0, 52, 879, 562, 533, 495, 801, 106, 325, 885, 424, 90, 553, 860, 343, 680, 716, 138, 552, 84, 584, 891, 204, 729, 48, 842, 49, 744, 154, 99, 354, 12, 194, 884, 530, 176, 735, 721, 375, 780, 982, 66, 35, 746, 985, 545, 18, 966, 624, 342, 122, 993, 988, 877, 790, 548, 773, 752, 8, 850, 133, 199, 131, 57, 872, 480, 338, 666, 911, 886, 157, 323, 856, 905, 567, 320, 798, 492, 518, 953, 989, 367, 558, 24, 303, 924, 833, 534, 165, 906, 180, 841, 46, 227, 135, 41, 37, 383, 450, 483, 365, 16, 529, 67, 21, 754, 606, 512, 444, 382, 45, 656, 764, 690, 648, 813, 265, 605, 708, 143, 568, 800, 629, 647, 862, 470, 64, 709, 970, 238, 797]
INDEXLPONE=[156, 112, 198, 972, 328, 38, 446, 585, 464, 220, 80, 643, 219, 324, 755, 83, 514, 162, 863, 703, 232, 641, 260, 761, 173, 299, 497, 657, 689, 894, 717, 698, 51, 527, 635, 857, 223, 205, 169, 660, 9, 102, 785, 602, 334, 590, 230, 279, 155, 962, 784, 100, 646, 27, 489, 43, 811, 410, 170, 63, 846, 123, 939, 627, 515, 311, 832, 954, 528, 267, 54, 654, 925, 185, 428, 565, 513, 259, 814, 619, 631, 44, 829, 525, 93, 253, 864, 961, 505, 937, 700, 714, 96, 469, 817, 783, 417, 327, 403, 89]
INDEXTWO=[625, 241, 340, 14, 938, 579, 979, 364, 471, 549, 597, 880, 896, 835, 520, 750, 762, 221, 997, 190, 630, 845, 314, 130, 951, 973, 847, 461, 496, 26, 33, 822, 421, 101, 357, 243, 179, 890, 796, 353, 844, 508, 381, 722, 477, 707, 171, 316, 249, 519, 4, 352, 628, 865, 268, 547, 313, 524, 118, 159, 111, 781, 555, 535, 503, 108, 760, 237, 457, 7, 712, 188, 474, 366, 921, 451, 823, 50, 197, 68, 396, 467, 799, 614, 258, 344, 376, 774, 75, 341, 121, 636, 888, 430, 804, 771, 738, 560, 465, 768, 749, 960, 427, 745, 759, 438, 536, 910, 79, 406, 261, 150, 583, 250, 423, 262, 369, 611, 432, 115, 866, 892, 225, 815, 11, 889, 409, 561, 728, 242, 807, 400, 802, 391, 504, 837, 935, 812, 747, 297, 210, 266, 851, 74, 501, 499, 298, 1, 478, 442, 769, 216, 592, 330, 146, 336, 915, 586, 652, 843, 793, 455, 870, 239, 256, 706, 360, 686, 40, 521, 639, 294, 751, 351, 183, 200, 233, 588, 454, 897, 591, 825, 996, 914, 540, 777, 42, 195, 22, 218, 943, 659, 116, 192, 645, 913, 473, 105, 475, 248, 331, 991, 498, 610, 556, 861, 573, 202, 679, 56, 412, 29, 969, 362, 702, 152, 462, 644, 62, 209, 91, 236, 289, 623, 70, 895, 191, 733, 603, 222, 522, 734, 852, 326, 633, 114, 113, 295, 704, 575, 292, 263, 947, 893, 300, 608, 82, 81, 226, 347, 840, 697, 917, 71, 723, 211, 129, 28, 875, 649, 940, 574, 212, 39, 411, 208, 466, 955, 476, 189, 554, 107, 166, 678, 742, 719, 871, 580, 756, 944, 147, 838, 642, 128, 824, 459, 621, 436, 25, 507, 245, 358, 559, 98, 193, 737, 963, 287, 181, 126, 447, 23, 386, 539, 254, 995, 30, 47, 301, 290, 582, 839, 78, 710, 578, 283, 491, 308, 986, 186, 213, 55, 903, 440, 302, 402, 792, 329, 163, 196, 665, 482, 401, 613, 876, 977, 319, 109, 662, 789, 484, 372, 786, 3, 828, 907, 805, 537, 168, 640, 284, 873, 307, 511, 669, 132, 435, 694, 490, 971, 296, 609, 380, 696, 741, 916, 902, 377, 849, 638, 779, 257, 699, 803, 711, 10, 399, 206, 431, 373, 420, 566, 740, 374, 827, 928, 787, 172, 117, 167, 441, 736, 927, 664, 293, 235, 980, 596, 607, 727]
INDEXLPTWO=[946, 934, 449, 246, 463, 215, 593, 945, 502, 651, 667, 618, 277, 286, 348, 670, 909, 673, 622, 546, 901, 898, 830, 395, 134, 763, 350, 981, 488, 182, 819, 869, 274, 158, 486, 616, 349, 671, 952, 291, 589, 388, 378, 964, 317, 86, 788, 36, 757, 414, 617, 967, 615, 569, 958, 681, 437, 356, 285, 688, 408, 97, 306, 506, 650, 379, 658, 933, 95, 405, 882, 479, 959, 175, 900, 739, 359, 161, 743, 92, 510, 655, 445, 315, 599, 809, 124, 748, 775, 31, 394, 806, 370, 544, 269, 677, 930, 397, 581, 103]

# learned parameters for cdtw and gem
# dtw ((error, size, error/size), (window, sqr))
# gem ((error, size, error/size), (St0, St1, E, sym, sqr))
BESTLEARNCONSDTWONE=((7, 100, 0.070000000000000007), (0.01, True))
LISTLEARNCONSDTWONE=[((7, 100, 0.070000000000000007), (0.01, True)), ((9, 100, 0.089999999999999997), (0.02, True)), ((13, 100, 0.13), (0.0, True)), ((14, 100, 0.14000000000000001), (0.029999999999999999, True)), ((16, 100, 0.16), (0.040000000000000001, True)), ((19, 100, 0.19), (0.050000000000000003, True)), ((24, 100, 0.23999999999999999), (0.059999999999999998, True)), ((30, 100, 0.29999999999999999), (0.070000000000000007, True)), ((31, 100, 0.31), (0.080000000000000002, True)), ((31, 100, 0.31), (0.089999999999999997, True)), ((33, 100, 0.33000000000000002), (0.10000000000000001, True)), ((33, 100, 0.33000000000000002), (0.11, True)), ((33, 100, 0.33000000000000002), (0.12, True)), ((34, 100, 0.34000000000000002), (0.13, True)), ((34, 100, 0.34000000000000002), (0.14000000000000001, True)), ((34, 100, 0.34000000000000002), (0.14999999999999999, True)), ((34, 100, 0.34000000000000002), (0.16, True)), ((35, 100, 0.34999999999999998), (0.17000000000000001, True)), ((35, 100, 0.34999999999999998), (0.17999999999999999, True)), ((35, 100, 0.34999999999999998), (0.19, True)), ((35, 100, 0.34999999999999998), (0.20000000000000001, True))]

BESTLEARNGEMONE=((0, 100, 0.0), (2, 2, 0.0625, True, True))
LISTLEARNGEMONE=[((0, 100, 0.0), (2, 2, 0.015625, True, True)), ((0, 100, 0.0), (2, 2, 0.03125, True, True)), ((0, 100, 0.0), (2, 2, 0.0625, True, True)), ((0, 100, 0.0), (2, 2, 0.125, True, True)), ((1, 100, 0.01), (2, 1, 0.03125, True, True)), ((1, 100, 0.01), (2, 2, 0.25, True, True)), ((3, 100, 0.029999999999999999), (2, 1, 0.015625, True, True)), ((3, 100, 0.029999999999999999), (2, 1, 0.0625, True, True)), ((4, 100, 0.040000000000000001), (2, 1, 0.0078125, True, True)), ((5, 100, 0.050000000000000003), (2, 2, 0.0078125, True, True)), ((10, 100, 0.10000000000000001), (2, 1, 0.125, True, True)), ((17, 100, 0.17000000000000001), (1, 1, 0.015625, True, True)), ((17, 100, 0.17000000000000001), (1, 2, 0.015625, True, True)), ((18, 100, 0.17999999999999999), (2, 2, 0.00390625, True, True)), ((19, 100, 0.19), (2, 2, 0.5, True, True)), ((20, 100, 0.20000000000000001), (1, 1, 0.0078125, True, True)), ((20, 100, 0.20000000000000001), (1, 1, 0.03125, True, True)), ((20, 100, 0.20000000000000001), (1, 2, 0.0078125, True, True)), ((20, 100, 0.20000000000000001), (1, 2, 0.03125, True, True)), ((21, 100, 0.20999999999999999), (2, 1, 0.00390625, True, True)), ((27, 100, 0.27000000000000002), (1, 1, 0.0625, True, True)), ((27, 100, 0.27000000000000002), (1, 2, 0.0625, True, True)), ((28, 100, 0.28000000000000003), (1, 1, 0.00390625, True, True)), ((28, 100, 0.28000000000000003), (1, 2, 0.00390625, True, True)), ((42, 100, 0.41999999999999998), (1, 1, 0.125, True, True)), ((42, 100, 0.41999999999999998), (1, 2, 0.125, True, True)), ((43, 100, 0.42999999999999999), (2, 1, 0.25, True, True)), ((53, 100, 0.53000000000000003), (2, 2, 0, True, True)), ((55, 100, 0.55000000000000004), (1, 1, 0.25, True, True)), ((55, 100, 0.55000000000000004), (1, 2, 0.25, True, True)), ((65, 100, 0.65000000000000002), (2, 1, 0, True, True)), ((73, 100, 0.72999999999999998), (1, 1, 0.5, True, True)), ((73, 100, 0.72999999999999998), (1, 2, 0.5, True, True)), ((77, 100, 0.77000000000000002), (1, 1, 0, True, True)), ((77, 100, 0.77000000000000002), (1, 2, 0, True, True)), ((87, 100, 0.87), (2, 1, 0.5, True, True))]

BESTLEARNCONSDTWTWO=((5, 100, 0.050000000000000003), (0.0, True))
LISTLEARNCONSDTWTWO=[((5, 100, 0.050000000000000003), (0.0, True)), ((6, 100, 0.059999999999999998), (0.01, True)), ((12, 100, 0.12), (0.02, True)), ((16, 100, 0.16), (0.029999999999999999, True)), ((18, 100, 0.17999999999999999), (0.040000000000000001, True)), ((21, 100, 0.20999999999999999), (0.050000000000000003, True)), ((22, 100, 0.22), (0.059999999999999998, True)), ((24, 100, 0.23999999999999999), (0.070000000000000007, True)), ((26, 100, 0.26000000000000001), (0.080000000000000002, True)), ((26, 100, 0.26000000000000001), (0.089999999999999997, True)), ((27, 100, 0.27000000000000002), (0.10000000000000001, True)), ((28, 100, 0.28000000000000003), (0.11, True)), ((28, 100, 0.28000000000000003), (0.12, True)), ((31, 100, 0.31), (0.13, True)), ((31, 100, 0.31), (0.14000000000000001, True)), ((32, 100, 0.32000000000000001), (0.14999999999999999, True)), ((32, 100, 0.32000000000000001), (0.16, True)), ((32, 100, 0.32000000000000001), (0.17000000000000001, True)), ((32, 100, 0.32000000000000001), (0.17999999999999999, True)), ((32, 100, 0.32000000000000001), (0.19, True)), ((32, 100, 0.32000000000000001), (0.20000000000000001, True))]

BESTLEARNGEMTWO=((0, 100, 0.0), (2, 2, 0.0625, True, True))
LISTLEARNGEMTWO=[((0, 100, 0.0), (2, 1, 0.03125, True, True)), ((0, 100, 0.0), (2, 2, 0.015625, True, True)), ((0, 100, 0.0), (2, 2, 0.03125, True, True)), ((0, 100, 0.0), (2, 2, 0.0625, True, True)), ((0, 100, 0.0), (2, 2, 0.125, True, True)), ((0, 100, 0.0), (2, 2, 0.25, True, True)), ((1, 100, 0.01), (2, 1, 0.015625, True, True)), ((1, 100, 0.01), (2, 1, 0.0625, True, True)), ((2, 100, 0.02), (2, 1, 0.0078125, True, True)), ((3, 100, 0.029999999999999999), (2, 2, 0.0078125, True, True)), ((7, 100, 0.070000000000000007), (2, 1, 0.125, True, True)), ((12, 100, 0.12), (1, 1, 0.03125, True, True)), ((12, 100, 0.12), (1, 2, 0.03125, True, True)), ((13, 100, 0.13), (1, 1, 0.0078125, True, True)), ((13, 100, 0.13), (1, 1, 0.015625, True, True)), ((13, 100, 0.13), (1, 2, 0.0078125, True, True)), ((13, 100, 0.13), (1, 2, 0.015625, True, True)), ((15, 100, 0.14999999999999999), (1, 1, 0.0625, True, True)), ((15, 100, 0.14999999999999999), (1, 2, 0.0625, True, True)), ((15, 100, 0.14999999999999999), (2, 2, 0.5, True, True)), ((16, 100, 0.16), (2, 1, 0.00390625, True, True)), ((18, 100, 0.17999999999999999), (2, 2, 0.00390625, True, True)), ((19, 100, 0.19), (1, 1, 0.00390625, True, True)), ((19, 100, 0.19), (1, 2, 0.00390625, True, True)), ((28, 100, 0.28000000000000003), (1, 1, 0.125, True, True)), ((28, 100, 0.28000000000000003), (1, 2, 0.125, True, True)), ((38, 100, 0.38), (1, 1, 0.25, True, True)), ((38, 100, 0.38), (1, 2, 0.25, True, True)), ((38, 100, 0.38), (2, 1, 0.25, True, True)), ((48, 100, 0.47999999999999998), (2, 2, 0, True, True)), ((57, 100, 0.56999999999999995), (2, 1, 0, True, True)), ((59, 100, 0.58999999999999997), (1, 1, 0.5, True, True)), ((59, 100, 0.58999999999999997), (1, 2, 0.5, True, True)), ((72, 100, 0.71999999999999997), (1, 1, 0, True, True)), ((72, 100, 0.71999999999999997), (1, 2, 0, True, True)), ((80, 100, 0.80000000000000004), (2, 1, 0.5, True, True))]


# error rates for different distance measures
# (error, size, error/size) and binary mask
BESTLPONE=(73, 400, 0.1825)
LISTLPONE=[0, 0, 0, 0, 0, 0, 1, 0, 0, 0, 0, 0, 0, 1, 0, 0, 1, 0, 0, 0, 1, 1, 0, 0, 0, 0, 0, 0, 0, 0, 0, 0, 0, 0, 0, 0, 0, 0, 0, 0, 0, 0, 0, 0, 0, 0, 1, 0, 0, 0, 0, 0, 0, 0, 0, 0, 0, 0, 0, 1, 0, 0, 0, 0, 0, 0, 0, 0, 0, 1, 0, 0, 0, 1, 0, 0, 1, 0, 1, 1, 0, 1, 0, 0, 0, 0, 1, 1, 0, 0, 1, 1, 0, 0, 0, 0, 1, 0, 0, 0, 1, 0, 0, 0, 1, 0, 0, 0, 0, 0, 0, 0, 1, 0, 0, 0, 0, 0, 0, 0, 0, 0, 0, 0, 1, 1, 1, 1, 0, 0, 0, 0, 0, 0, 0, 0, 1, 0, 0, 0, 0, 0, 0, 1, 0, 0, 0, 1, 0, 1, 0, 0, 0, 0, 1, 0, 0, 0, 0, 0, 0, 0, 0, 0, 0, 0, 0, 0, 0, 0, 0, 0, 1, 0, 0, 1, 1, 1, 0, 0, 0, 1, 0, 1, 0, 0, 0, 0, 0, 0, 0, 0, 0, 0, 0, 0, 0, 0, 1, 0, 0, 0, 1, 0, 0, 0, 0, 0, 0, 0, 0, 0, 0, 0, 1, 0, 0, 0, 0, 0, 0, 0, 0, 0, 0, 0, 0, 0, 0, 0, 1, 0, 0, 0, 0, 1, 0, 0, 0, 0, 0, 1, 0, 0, 0, 0, 0, 0, 0, 0, 0, 0, 1, 0, 0, 0, 0, 1, 1, 0, 0, 0, 0, 0, 0, 0, 0, 0, 0, 0, 1, 0, 0, 0, 1, 0, 0, 0, 0, 0, 0, 0, 0, 0, 0, 1, 0, 0, 0, 0, 0, 0, 0, 0, 0, 0, 0, 0, 1, 0, 1, 1, 0, 1, 1, 0, 0, 1, 0, 0, 1, 0, 0, 0, 1, 0, 0, 0, 0, 0, 0, 0, 0, 0, 0, 0, 0, 0, 0, 0, 0, 0, 0, 0, 0, 0, 1, 1, 0, 1, 0, 0, 0, 0, 0, 1, 0, 0, 0, 0, 1, 0, 0, 0, 1, 0, 1, 0, 0, 0, 0, 0, 1, 0, 0, 0, 0, 0, 0, 0, 0, 0, 0, 1, 1, 0, 0, 0, 0, 0, 1, 0, 1, 0, 1, 0, 0, 1, 0, 0, 0, 0, 0, 0, 0, 0, 1, 1, 1, 0]

BESTLPTWO=(60, 400, 0.14999999999999999)
LISTLPTWO=[0, 0, 0, 0, 0, 0, 0, 0, 0, 0, 0, 1, 0, 0, 0, 0, 1, 0, 0, 0, 0, 0, 0, 0, 0, 0, 0, 0, 0, 0, 0, 0, 1, 0, 0, 1, 0, 0, 0, 0, 0, 1, 0, 0, 0, 0, 1, 0, 1, 0, 0, 0, 0, 0, 1, 0, 0, 0, 0, 0, 0, 0, 0, 0, 0, 1, 0, 1, 1, 0, 0, 0, 0, 0, 0, 1, 0, 0, 1, 1, 0, 0, 0, 0, 0, 0, 0, 0, 0, 0, 0, 0, 0, 0, 0, 0, 0, 0, 0, 1, 1, 0, 0, 0, 0, 0, 0, 1, 0, 1, 1, 0, 0, 1, 1, 0, 1, 0, 0, 0, 0, 0, 0, 1, 0, 0, 0, 0, 0, 0, 0, 0, 1, 0, 1, 0, 0, 0, 0, 0, 0, 0, 0, 0, 0, 0, 0, 0, 0, 0, 0, 0, 0, 0, 0, 0, 0, 0, 0, 0, 0, 0, 0, 1, 1, 1, 0, 1, 0, 0, 0, 0, 0, 0, 0, 0, 1, 0, 0, 0, 0, 1, 0, 0, 1, 1, 1, 0, 0, 0, 0, 1, 0, 0, 1, 1, 0, 0, 0, 0, 0, 0, 0, 0, 0, 0, 0, 0, 0, 0, 0, 0, 0, 0, 0, 1, 0, 0, 0, 0, 0, 0, 0, 0, 0, 0, 0, 0, 0, 1, 0, 0, 1, 0, 0, 0, 0, 0, 0, 0, 0, 0, 0, 0, 0, 0, 0, 0, 0, 0, 0, 1, 0, 0, 0, 0, 0, 0, 0, 0, 0, 0, 1, 0, 0, 0, 0, 1, 0, 0, 0, 0, 0, 0, 0, 0, 0, 0, 1, 0, 1, 0, 0, 0, 0, 0, 0, 0, 0, 0, 0, 0, 0, 0, 0, 0, 0, 0, 0, 1, 0, 0, 0, 0, 1, 0, 0, 0, 0, 0, 1, 0, 0, 0, 1, 0, 0, 0, 1, 0, 0, 0, 1, 0, 0, 0, 0, 0, 0, 0, 0, 0, 1, 0, 0, 0, 0, 0, 0, 0, 0, 1, 1, 0, 0, 0, 0, 0, 0, 0, 0, 0, 0, 0, 0, 0, 0, 1, 0, 0, 0, 0, 0, 0, 0, 0, 0, 0, 1, 0, 0, 1, 0, 0, 1, 0, 0, 0, 0, 0, 1, 0, 0, 0, 0, 0, 0, 1, 0, 0, 0, 0, 0, 0, 0, 0, 0, 0, 0, 0]

BESTFULLDTWONE=(195, 400, 0.48749999999999999)
LISTFULLDTWONE=[1, 1, 0, 0, 0, 0, 1, 1, 0, 0, 1, 0, 0, 1, 1, 1, 1, 1, 1, 0, 1, 1, 1, 1, 0, 1, 0, 1, 1, 1, 0, 1, 1, 0, 0, 0, 1, 0, 0, 1, 0, 1, 1, 1, 0, 0, 0, 0, 0, 0, 0, 1, 0, 1, 0, 0, 0, 0, 1, 1, 1, 1, 1, 1, 0, 0, 0, 1, 0, 1, 1, 0, 1, 0, 0, 1, 1, 1, 1, 1, 1, 0, 0, 1, 0, 0, 1, 1, 1, 0, 0, 1, 1, 1, 0, 1, 0, 1, 1, 0, 0, 1, 0, 0, 0, 1, 1, 0, 0, 0, 0, 1, 0, 0, 1, 1, 0, 0, 0, 0, 1, 0, 0, 0, 1, 1, 1, 1, 1, 0, 1, 0, 0, 0, 0, 1, 1, 0, 0, 1, 0, 0, 0, 1, 1, 0, 1, 0, 0, 1, 1, 0, 0, 1, 1, 0, 0, 0, 1, 1, 0, 1, 0, 1, 1, 0, 0, 0, 1, 1, 0, 0, 0, 0, 0, 1, 1, 1, 0, 0, 1, 1, 0, 1, 0, 1, 0, 0, 1, 0, 0, 1, 1, 0, 0, 0, 1, 1, 0, 1, 1, 0, 1, 0, 0, 0, 0, 1, 1, 0, 1, 0, 1, 1, 1, 1, 1, 0, 0, 0, 0, 0, 0, 0, 0, 1, 0, 1, 0, 0, 1, 0, 0, 1, 1, 1, 0, 0, 0, 0, 0, 1, 0, 1, 1, 0, 0, 1, 0, 0, 0, 1, 0, 0, 1, 0, 1, 1, 1, 0, 1, 0, 1, 1, 1, 1, 0, 0, 1, 1, 0, 1, 1, 1, 1, 1, 0, 1, 1, 0, 0, 0, 1, 1, 0, 1, 1, 0, 0, 1, 1, 0, 0, 0, 0, 0, 1, 0, 0, 1, 0, 1, 1, 1, 1, 0, 0, 0, 1, 0, 1, 0, 0, 0, 1, 1, 1, 0, 0, 0, 0, 0, 0, 0, 1, 0, 0, 1, 0, 1, 1, 0, 1, 0, 0, 0, 1, 0, 1, 1, 1, 0, 1, 1, 1, 1, 0, 0, 1, 0, 1, 1, 1, 1, 1, 1, 1, 0, 0, 0, 0, 0, 1, 0, 0, 0, 0, 1, 0, 1, 1, 1, 1, 0, 1, 0, 1, 0, 1, 1, 1, 0, 1, 1, 1, 0, 0, 1, 0, 0, 1, 0, 0, 1, 1, 1, 1, 1, 0, 0]

BESTFULLDTWTWO=(192, 400, 0.47999999999999998)
LISTFULLDTWTWO=[1, 0, 1, 1, 0, 1, 0, 1, 1, 1, 0, 1, 1, 0, 0, 0, 0, 0, 0, 0, 0, 0, 0, 1, 1, 1, 1, 0, 0, 0, 0, 1, 1, 1, 0, 0, 0, 0, 1, 0, 0, 1, 1, 0, 1, 0, 1, 1, 1, 1, 0, 1, 1, 0, 0, 0, 1, 1, 0, 0, 0, 1, 1, 1, 0, 1, 1, 0, 0, 0, 1, 0, 1, 0, 0, 1, 1, 0, 0, 1, 0, 0, 1, 0, 0, 1, 1, 0, 1, 1, 0, 1, 1, 0, 1, 0, 1, 1, 0, 1, 1, 0, 1, 1, 0, 0, 1, 1, 0, 1, 1, 0, 1, 1, 1, 0, 0, 0, 1, 1, 1, 1, 0, 0, 0, 0, 0, 1, 0, 0, 0, 1, 1, 0, 1, 0, 0, 1, 1, 1, 0, 0, 0, 1, 0, 0, 1, 1, 1, 1, 0, 1, 1, 0, 0, 0, 0, 1, 1, 0, 0, 1, 1, 1, 1, 1, 1, 0, 0, 0, 0, 1, 0, 1, 0, 1, 1, 1, 1, 0, 1, 1, 0, 1, 1, 1, 1, 0, 0, 1, 1, 1, 1, 0, 0, 0, 1, 1, 1, 1, 0, 0, 0, 0, 0, 1, 1, 0, 0, 1, 1, 0, 1, 1, 1, 1, 0, 1, 1, 1, 0, 1, 1, 0, 0, 0, 0, 0, 0, 1, 0, 0, 0, 0, 0, 1, 0, 0, 1, 1, 1, 0, 1, 0, 0, 0, 0, 0, 0, 0, 1, 1, 0, 0, 1, 1, 0, 0, 0, 0, 1, 1, 0, 0, 0, 0, 0, 1, 1, 0, 1, 0, 0, 0, 1, 0, 1, 1, 1, 1, 1, 0, 0, 1, 0, 0, 0, 0, 0, 1, 0, 1, 0, 0, 0, 1, 0, 1, 0, 0, 1, 0, 0, 1, 1, 0, 0, 0, 1, 1, 1, 1, 0, 0, 1, 1, 0, 1, 0, 0, 0, 0, 1, 1, 0, 0, 1, 1, 0, 0, 1, 1, 1, 0, 0, 1, 1, 1, 0, 0, 0, 0, 1, 0, 1, 0, 1, 1, 0, 0, 1, 0, 0, 0, 1, 0, 0, 0, 1, 0, 0, 0, 1, 1, 0, 1, 0, 1, 0, 1, 1, 1, 1, 1, 1, 0, 0, 1, 1, 1, 1, 0, 0, 1, 1, 1, 0, 1, 0, 0, 1, 0, 0, 0, 1, 1, 0, 0, 0, 0]

BESTCONSDTWONE=(47, 400, 0.11749999999999999)
LISTCONSDTWONE=[0, 0, 0, 0, 0, 0, 0, 0, 0, 0, 0, 0, 0, 1, 0, 0, 0, 0, 0, 0, 1, 1, 0, 0, 0, 0, 0, 0, 0, 0, 0, 0, 0, 0, 0, 0, 0, 0, 0, 0, 0, 0, 0, 0, 0, 0, 0, 0, 0, 0, 0, 0, 0, 0, 0, 0, 0, 0, 0, 1, 0, 0, 0, 0, 0, 0, 0, 0, 0, 0, 0, 0, 0, 0, 0, 0, 1, 0, 1, 1, 0, 0, 0, 0, 0, 1, 1, 0, 0, 0, 0, 0, 0, 0, 0, 0, 0, 0, 0, 0, 0, 0, 0, 0, 0, 0, 0, 0, 0, 0, 0, 0, 0, 0, 0, 0, 0, 0, 0, 0, 0, 0, 0, 0, 1, 1, 1, 1, 0, 0, 0, 0, 0, 0, 0, 0, 1, 0, 0, 0, 0, 0, 0, 0, 0, 0, 0, 0, 0, 1, 0, 0, 0, 1, 1, 0, 0, 0, 0, 0, 0, 0, 0, 0, 0, 0, 0, 0, 0, 0, 0, 0, 0, 0, 0, 1, 0, 1, 0, 0, 0, 1, 0, 1, 0, 0, 0, 0, 0, 0, 0, 0, 0, 0, 0, 0, 0, 0, 1, 0, 0, 0, 1, 0, 0, 0, 0, 0, 0, 0, 0, 0, 0, 0, 0, 0, 0, 0, 0, 0, 0, 0, 0, 0, 0, 0, 0, 0, 0, 0, 1, 0, 0, 0, 0, 1, 0, 0, 0, 0, 0, 0, 0, 0, 0, 0, 0, 0, 0, 0, 0, 0, 0, 0, 0, 0, 0, 1, 1, 0, 0, 0, 0, 0, 0, 0, 0, 0, 0, 0, 0, 0, 0, 0, 1, 0, 0, 0, 0, 0, 0, 0, 0, 0, 0, 0, 1, 0, 0, 0, 0, 0, 0, 0, 0, 0, 1, 0, 1, 0, 1, 1, 0, 1, 1, 0, 0, 0, 0, 0, 0, 0, 0, 0, 1, 0, 0, 0, 0, 0, 0, 0, 0, 0, 0, 0, 0, 1, 0, 0, 0, 0, 0, 0, 0, 0, 1, 0, 0, 1, 0, 0, 0, 0, 0, 1, 0, 0, 0, 0, 1, 0, 0, 0, 0, 0, 0, 0, 0, 0, 0, 0, 1, 0, 0, 0, 0, 0, 0, 0, 0, 0, 1, 0, 1, 0, 0, 0, 0, 0, 1, 0, 1, 0, 1, 0, 0, 0, 0, 0, 0, 0, 0, 0, 0, 0, 0, 0, 0, 0]

BESTCONSDTWTWO=(60, 400, 0.14999999999999999)
LISTCONSDTWTWO=[0, 0, 0, 0, 0, 0, 0, 0, 0, 0, 0, 1, 0, 0, 0, 0, 1, 0, 0, 0, 0, 0, 0, 0, 0, 0, 0, 0, 0, 0, 0, 0, 1, 0, 0, 1, 0, 0, 0, 0, 0, 1, 0, 0, 0, 0, 1, 0, 1, 0, 0, 0, 0, 0, 1, 0, 0, 0, 0, 0, 0, 0, 0, 0, 0, 1, 0, 1, 1, 0, 0, 0, 0, 0, 0, 1, 0, 0, 1, 1, 0, 0, 0, 0, 0, 0, 0, 0, 0, 0, 0, 0, 0, 0, 0, 0, 0, 0, 0, 1, 1, 0, 0, 0, 0, 0, 0, 1, 0, 1, 1, 0, 0, 1, 1, 0, 1, 0, 0, 0, 0, 0, 0, 1, 0, 0, 0, 0, 0, 0, 0, 0, 1, 0, 1, 0, 0, 0, 0, 0, 0, 0, 0, 0, 0, 0, 0, 0, 0, 0, 0, 0, 0, 0, 0, 0, 0, 0, 0, 0, 0, 0, 0, 1, 1, 1, 0, 1, 0, 0, 0, 0, 0, 0, 0, 0, 1, 0, 0, 0, 0, 1, 0, 0, 1, 1, 1, 0, 0, 0, 0, 1, 0, 0, 1, 1, 0, 0, 0, 0, 0, 0, 0, 0, 0, 0, 0, 0, 0, 0, 0, 0, 0, 0, 0, 1, 0, 0, 0, 0, 0, 0, 0, 0, 0, 0, 0, 0, 0, 1, 0, 0, 1, 0, 0, 0, 0, 0, 0, 0, 0, 0, 0, 0, 0, 0, 0, 0, 0, 0, 0, 1, 0, 0, 0, 0, 0, 0, 0, 0, 0, 0, 1, 0, 0, 0, 0, 1, 0, 0, 0, 0, 0, 0, 0, 0, 0, 0, 1, 0, 1, 0, 0, 0, 0, 0, 0, 0, 0, 0, 0, 0, 0, 0, 0, 0, 0, 0, 0, 1, 0, 0, 0, 0, 1, 0, 0, 0, 0, 0, 1, 0, 0, 0, 1, 0, 0, 0, 1, 0, 0, 0, 1, 0, 0, 0, 0, 0, 0, 0, 0, 0, 1, 0, 0, 0, 0, 0, 0, 0, 0, 1, 1, 0, 0, 0, 0, 0, 0, 0, 0, 0, 0, 0, 0, 0, 0, 1, 0, 0, 0, 0, 0, 0, 0, 0, 0, 0, 1, 0, 0, 1, 0, 0, 1, 0, 0, 0, 0, 0, 1, 0, 0, 0, 0, 0, 0, 1, 0, 0, 0, 0, 0, 0, 0, 0, 0, 0, 0, 0]

BESTGEMONE=(8, 400, 0.02)
LISTGEMONE=[0, 0, 0, 0, 0, 0, 0, 0, 0, 0, 0, 0, 0, 1, 0, 0, 0, 0, 0, 0, 0, 0, 0, 0, 0, 0, 0, 0, 0, 0, 0, 0, 0, 0, 0, 0, 0, 0, 0, 0, 0, 0, 0, 0, 0, 0, 0, 0, 0, 0, 0, 0, 0, 0, 0, 0, 0, 0, 0, 0, 0, 0, 0, 0, 0, 0, 0, 0, 0, 0, 0, 0, 0, 0, 0, 0, 0, 0, 0, 0, 0, 0, 0, 0, 0, 0, 0, 0, 0, 0, 0, 0, 0, 0, 0, 0, 0, 0, 0, 0, 0, 0, 0, 0, 1, 0, 0, 0, 0, 0, 0, 0, 0, 0, 0, 0, 0, 0, 0, 0, 0, 0, 0, 0, 0, 1, 0, 0, 0, 0, 0, 0, 0, 0, 0, 0, 0, 0, 0, 0, 0, 0, 0, 0, 0, 0, 0, 0, 0, 0, 0, 0, 0, 1, 0, 0, 0, 0, 0, 0, 0, 0, 0, 0, 0, 0, 0, 0, 0, 0, 0, 0, 0, 0, 0, 1, 0, 0, 0, 0, 0, 0, 0, 0, 0, 0, 0, 0, 0, 0, 0, 0, 0, 0, 0, 0, 0, 0, 0, 0, 0, 0, 0, 0, 0, 0, 0, 0, 0, 0, 0, 0, 0, 0, 0, 0, 0, 0, 0, 0, 0, 0, 0, 0, 0, 0, 0, 1, 0, 0, 1, 0, 0, 0, 0, 0, 0, 0, 0, 0, 0, 0, 0, 0, 0, 0, 0, 0, 0, 0, 0, 0, 1, 0, 0, 0, 0, 0, 0, 0, 0, 0, 0, 0, 0, 0, 0, 0, 0, 0, 0, 0, 0, 0, 0, 0, 0, 0, 0, 0, 0, 0, 0, 0, 0, 0, 0, 0, 0, 0, 0, 0, 0, 0, 0, 0, 0, 0, 0, 0, 0, 0, 0, 0, 0, 0, 0, 0, 0, 0, 0, 0, 0, 0, 0, 0, 0, 0, 0, 0, 0, 0, 0, 0, 0, 0, 0, 0, 0, 0, 0, 0, 0, 0, 0, 0, 0, 0, 0, 0, 0, 0, 0, 0, 0, 0, 0, 0, 0, 0, 0, 0, 0, 0, 0, 0, 0, 0, 0, 0, 0, 0, 0, 0, 0, 0, 0, 0, 0, 0, 0, 0, 0, 0, 0, 0, 0, 0, 0, 0, 0, 0, 0, 0, 0, 0, 0, 0, 0, 0, 0, 0, 0, 0, 0, 0, 0, 0, 0, 0]

BESTGEMTWO=(5, 400, 0.012500000000000001)
LISTGEMTWO=[0, 0, 0, 0, 0, 0, 0, 0, 0, 0, 0, 0, 0, 0, 0, 0, 0, 0, 0, 0, 0, 0, 0, 0, 0, 0, 0, 0, 0, 0, 0, 0, 1, 0, 0, 0, 0, 0, 0, 0, 0, 0, 0, 0, 0, 0, 0, 0, 0, 0, 0, 0, 0, 0, 0, 0, 0, 0, 0, 0, 0, 0, 0, 1, 0, 0, 0, 0, 0, 0, 0, 0, 0, 0, 0, 0, 0, 0, 0, 0, 0, 0, 0, 0, 0, 0, 0, 0, 0, 0, 0, 0, 0, 0, 0, 0, 0, 0, 0, 0, 0, 0, 0, 0, 0, 0, 0, 0, 0, 0, 0, 0, 0, 0, 0, 0, 0, 0, 0, 0, 0, 0, 0, 0, 0, 0, 0, 0, 0, 0, 0, 0, 0, 0, 0, 0, 0, 0, 0, 0, 0, 0, 0, 0, 0, 0, 0, 0, 0, 0, 0, 0, 0, 0, 0, 0, 0, 0, 0, 0, 0, 0, 0, 0, 0, 0, 0, 0, 0, 0, 0, 0, 0, 0, 0, 1, 1, 0, 0, 0, 0, 0, 0, 0, 0, 0, 1, 0, 0, 0, 0, 0, 0, 0, 0, 0, 0, 0, 0, 0, 0, 0, 0, 0, 0, 0, 0, 0, 0, 0, 0, 0, 0, 0, 0, 0, 0, 0, 0, 0, 0, 0, 0, 0, 0, 0, 0, 0, 0, 0, 0, 0, 0, 0, 0, 0, 0, 0, 0, 0, 0, 0, 0, 0, 0, 0, 0, 0, 0, 0, 0, 0, 0, 0, 0, 0, 0, 0, 0, 0, 0, 0, 0, 0, 0, 0, 0, 0, 0, 0, 0, 0, 0, 0, 0, 0, 0, 0, 0, 0, 0, 0, 0, 0, 0, 0, 0, 0, 0, 0, 0, 0, 0, 0, 0, 0, 0, 0, 0, 0, 0, 0, 0, 0, 0, 0, 0, 0, 0, 0, 0, 0, 0, 0, 0, 0, 0, 0, 0, 0, 0, 0, 0, 0, 0, 0, 0, 0, 0, 0, 0, 0, 0, 0, 0, 0, 0, 0, 0, 0, 0, 0, 0, 0, 0, 0, 0, 0, 0, 0, 0, 0, 0, 0, 0, 0, 0, 0, 0, 0, 0, 0, 0, 0, 0, 0, 0, 0, 0, 0, 0, 0, 0, 0, 0, 0, 0, 0, 0, 0, 0, 0, 0, 0, 0, 0, 0, 0, 0, 0, 0, 0, 0, 0, 0, 0, 0, 0, 0, 0]

