# indices of halve split with split for parameters)
INDEXONE=[24, 700, 42, 340, 544, 527, 932, 440, 675, 732, 342, 83, 868, 870, 135, 40, 498, 770, 109, 576, 175, 712, 350, 396, 183, 839, 827, 72, 144, 687, 112, 31, 459, 413, 128, 270, 3, 946, 921, 43, 106, 157, 494, 911, 694, 495, 998, 680, 460, 602, 860, 434, 365, 555, 996, 374, 644, 439, 263, 164, 91, 450, 877, 618, 739, 887, 245, 539, 567, 550, 254, 679, 758, 426, 778, 166, 666, 983, 518, 211, 665, 929, 547, 558, 508, 92, 579, 867, 800, 524, 611, 274, 616, 178, 764, 607, 400, 980, 218, 131, 419, 287, 900, 198, 215, 897, 986, 327, 200, 977, 676, 536, 688, 110, 947, 324, 731, 789, 971, 448, 964, 650, 969, 21, 318, 408, 484, 622, 250, 152, 299, 613, 832, 621, 690, 479, 954, 451, 59, 103, 853, 143, 876, 212, 269, 993, 229, 655, 963, 352, 470, 337, 181, 297, 909, 659, 651, 965, 537, 121, 379, 540, 811, 395, 643, 990, 11, 57, 751, 966, 640, 504, 257, 10, 351, 642, 300, 629, 420, 210, 632, 418, 631, 371, 114, 943, 975, 433, 668, 862, 468, 750, 605, 781, 99, 918, 765, 942, 637, 399, 38, 583, 490, 956, 777, 486, 94, 905, 294, 386, 292, 989, 936, 349, 814, 718, 115, 236, 392, 958, 394, 202, 677, 325, 620, 488, 235, 757, 196, 744, 188, 682, 793, 214, 533, 828, 492, 129, 895, 481, 443, 264, 661, 730, 701, 785, 859, 818, 923, 271, 673, 63, 747, 148, 738, 927, 249, 454, 298, 928, 437, 598, 370, 58, 452, 231, 41, 88, 572, 648, 272, 312, 587, 792, 22, 78, 138, 238, 724, 617, 823, 619, 705, 734, 772, 155, 779, 435, 118, 146, 442, 639, 571, 228, 432, 150, 149, 920, 347, 33, 260, 825, 387, 783, 500, 314, 833, 830, 239, 882, 281, 809, 592, 861, 807, 45, 780, 623, 56, 512, 84, 784, 417, 230, 523, 934, 268, 456, 171, 733, 842, 159, 557, 720, 615, 788, 48, 786, 813, 353, 469, 151, 693, 950, 455, 358, 708, 339, 702, 80, 516, 937, 168, 360, 854, 985, 496, 545, 428, 972, 313, 234, 36, 415, 89, 223, 907, 93, 798, 627, 478, 192, 787, 505, 952, 201, 384, 802, 759, 892, 328, 542, 186, 132, 529, 554, 951, 768, 145, 368, 6, 446, 745, 184, 20, 331, 482, 154, 430, 513]
INDEXLPONE=[522, 917, 538, 119, 217, 846, 341, 760, 46, 190, 865, 220, 2, 532, 316, 49, 303, 945, 256, 736, 685, 111, 113, 491, 594, 634, 754, 691, 723, 429, 483, 302, 763, 367, 717, 584, 790, 624, 521, 1, 812, 355, 364, 464, 721, 240, 174, 141, 310, 282, 50, 962, 988, 185, 161, 608, 559, 735, 65, 493, 709, 344, 817, 453, 507, 276, 279, 381, 601, 714, 293, 361, 506, 596, 769, 377, 534, 69, 54, 323, 531, 447, 767, 13, 889, 873, 105, 19, 82, 976, 389, 593, 654, 472, 86, 838, 326, 959, 953, 26]
INDEXTWO=[62, 566, 914, 117, 332, 160, 444, 799, 997, 53, 740, 848, 416, 461, 283, 706, 748, 153, 380, 258, 213, 775, 568, 995, 940, 837, 896, 503, 471, 761, 4, 886, 390, 346, 266, 871, 359, 653, 888, 805, 589, 366, 973, 910, 535, 974, 674, 821, 273, 804, 253, 840, 315, 669, 467, 893, 603, 32, 177, 248, 243, 841, 864, 127, 179, 697, 445, 403, 577, 354, 81, 955, 499, 826, 626, 511, 251, 414, 278, 782, 525, 98, 729, 275, 290, 933, 66, 277, 819, 8, 466, 205, 857, 75, 569, 858, 647, 280, 15, 510, 636, 704, 70, 242, 574, 855, 824, 715, 948, 926, 835, 903, 606, 553, 810, 898, 656, 23, 944, 600, 816, 411, 585, 999, 866, 100, 901, 878, 875, 683, 742, 187, 244, 935, 383, 404, 225, 591, 884, 968, 338, 61, 727, 156, 517, 301, 822, 960, 67, 695, 317, 147, 844, 71, 752, 259, 425, 776, 79, 473, 657, 850, 991, 37, 561, 401, 549, 686, 722, 552, 658, 29, 801, 333, 707, 836, 336, 646, 869, 795, 107, 891, 791, 334, 402, 329, 597, 806, 894, 27, 68, 465, 949, 101, 716, 158, 169, 528, 0, 208, 912, 831, 17, 362, 388, 477, 994, 60, 382, 267, 195, 925, 252, 375, 372, 199, 74, 378, 931, 246, 890, 76, 881, 85, 581, 908, 906, 652, 710, 209, 671, 475, 90, 172, 438, 502, 16, 226, 863, 216, 633, 227, 670, 423, 582, 255, 992, 678, 73, 104, 139, 345, 480, 18, 44, 711, 130, 391, 698, 173, 849, 140, 570, 47, 203, 295, 64, 981, 55, 343, 987, 575, 463, 284, 421, 485, 851, 667, 305, 614, 9, 163, 904, 725, 34, 794, 847, 595, 207, 609, 97, 204, 398, 124, 628, 885, 915, 728, 556, 476, 880, 356, 703, 922, 773, 746, 924, 224, 755, 551, 692, 136, 883, 309, 820, 941, 913, 363, 397, 726, 970, 405, 330, 25, 427, 373, 262, 233, 519, 753, 967, 762, 457, 311, 930, 982, 39, 845, 672, 599, 803, 546, 52, 286, 899, 95, 641, 194, 664, 462, 526, 699, 610, 116, 247, 296, 96, 237, 979, 376, 170, 829, 560, 590, 564, 530, 165, 458, 586, 497, 410, 125, 515, 520, 796, 630, 261, 123, 51, 176, 797, 134, 872, 766, 191, 580, 541, 304, 938, 681, 916, 808, 167, 684, 197, 321, 474, 232, 939, 612]
INDEXLPTWO=[743, 289, 320, 874, 221, 409, 28, 222, 137, 741, 285, 108, 978, 660, 307, 219, 142, 182, 133, 206, 422, 412, 645, 487, 288, 834, 604, 189, 12, 563, 514, 441, 856, 501, 625, 406, 30, 638, 662, 489, 87, 308, 771, 5, 663, 120, 122, 689, 774, 509, 543, 162, 322, 649, 578, 348, 588, 919, 815, 548, 573, 265, 357, 180, 436, 319, 961, 957, 719, 369, 843, 102, 756, 14, 407, 562, 737, 424, 635, 241, 852, 7, 335, 449, 713, 565, 193, 696, 879, 431, 393, 749, 35, 984, 902, 385, 77, 306, 291, 126]

# learned parameters for cdtw and gem
# dtw ((error, size, error/size), (window, sqr))
# gem ((error, size, error/size), (St0, St1, E, sym, sqr))
BESTLEARNCONSDTWONE=((7, 100, 0.070000000000000007), (0.01, True))
LISTLEARNCONSDTWONE=[((7, 100, 0.070000000000000007), (0.01, True)), ((9, 100, 0.089999999999999997), (0.0, True)), ((9, 100, 0.089999999999999997), (0.02, True)), ((12, 100, 0.12), (0.029999999999999999, True)), ((17, 100, 0.17000000000000001), (0.040000000000000001, True)), ((21, 100, 0.20999999999999999), (0.050000000000000003, True)), ((24, 100, 0.23999999999999999), (0.059999999999999998, True)), ((25, 100, 0.25), (0.070000000000000007, True)), ((25, 100, 0.25), (0.080000000000000002, True)), ((26, 100, 0.26000000000000001), (0.089999999999999997, True)), ((27, 100, 0.27000000000000002), (0.10000000000000001, True)), ((27, 100, 0.27000000000000002), (0.11, True)), ((28, 100, 0.28000000000000003), (0.12, True)), ((29, 100, 0.28999999999999998), (0.13, True)), ((29, 100, 0.28999999999999998), (0.14000000000000001, True)), ((30, 100, 0.29999999999999999), (0.14999999999999999, True)), ((31, 100, 0.31), (0.16, True)), ((32, 100, 0.32000000000000001), (0.17000000000000001, True)), ((33, 100, 0.33000000000000002), (0.17999999999999999, True)), ((33, 100, 0.33000000000000002), (0.19, True)), ((33, 100, 0.33000000000000002), (0.20000000000000001, True))]

BESTLEARNGEMONE=((1, 100, 0.01), (2, 2, 0.125, True, True))
LISTLEARNGEMONE=[((1, 100, 0.01), (2, 2, 0.0625, True, True)), ((1, 100, 0.01), (2, 2, 0.125, True, True)), ((1, 100, 0.01), (2, 2, 0.25, True, True)), ((2, 100, 0.02), (2, 1, 0.015625, True, True)), ((2, 100, 0.02), (2, 2, 0.015625, True, True)), ((2, 100, 0.02), (2, 2, 0.03125, True, True)), ((3, 100, 0.029999999999999999), (2, 1, 0.03125, True, True)), ((3, 100, 0.029999999999999999), (2, 1, 0.0625, True, True)), ((3, 100, 0.029999999999999999), (2, 2, 0.0078125, True, True)), ((5, 100, 0.050000000000000003), (2, 1, 0.0078125, True, True)), ((9, 100, 0.089999999999999997), (1, 1, 0.0078125, True, True)), ((9, 100, 0.089999999999999997), (1, 1, 0.015625, True, True)), ((9, 100, 0.089999999999999997), (1, 2, 0.0078125, True, True)), ((9, 100, 0.089999999999999997), (1, 2, 0.015625, True, True)), ((9, 100, 0.089999999999999997), (2, 1, 0.125, True, True)), ((10, 100, 0.10000000000000001), (1, 1, 0.03125, True, True)), ((10, 100, 0.10000000000000001), (1, 2, 0.03125, True, True)), ((12, 100, 0.12), (2, 1, 0.00390625, True, True)), ((13, 100, 0.13), (2, 2, 0.00390625, True, True)), ((14, 100, 0.14000000000000001), (1, 1, 0.00390625, True, True)), ((14, 100, 0.14000000000000001), (1, 2, 0.00390625, True, True)), ((16, 100, 0.16), (1, 1, 0.0625, True, True)), ((16, 100, 0.16), (1, 2, 0.0625, True, True)), ((19, 100, 0.19), (2, 2, 0.5, True, True)), ((25, 100, 0.25), (1, 1, 0.125, True, True)), ((25, 100, 0.25), (1, 2, 0.125, True, True)), ((40, 100, 0.40000000000000002), (1, 1, 0.25, True, True)), ((40, 100, 0.40000000000000002), (1, 2, 0.25, True, True)), ((40, 100, 0.40000000000000002), (2, 1, 0.25, True, True)), ((48, 100, 0.47999999999999998), (2, 2, 0, True, True)), ((53, 100, 0.53000000000000003), (2, 1, 0, True, True)), ((66, 100, 0.66000000000000003), (1, 1, 0.5, True, True)), ((66, 100, 0.66000000000000003), (1, 2, 0.5, True, True)), ((81, 100, 0.81000000000000005), (1, 1, 0, True, True)), ((81, 100, 0.81000000000000005), (1, 2, 0, True, True)), ((86, 100, 0.85999999999999999), (2, 1, 0.5, True, True))]

BESTLEARNCONSDTWTWO=((9, 100, 0.089999999999999997), (0.01, True))
LISTLEARNCONSDTWTWO=[((9, 100, 0.089999999999999997), (0.01, True)), ((10, 100, 0.10000000000000001), (0.0, True)), ((11, 100, 0.11), (0.02, True)), ((22, 100, 0.22), (0.029999999999999999, True)), ((25, 100, 0.25), (0.040000000000000001, True)), ((27, 100, 0.27000000000000002), (0.050000000000000003, True)), ((28, 100, 0.28000000000000003), (0.080000000000000002, True)), ((29, 100, 0.28999999999999998), (0.059999999999999998, True)), ((29, 100, 0.28999999999999998), (0.070000000000000007, True)), ((29, 100, 0.28999999999999998), (0.089999999999999997, True)), ((30, 100, 0.29999999999999999), (0.10000000000000001, True)), ((30, 100, 0.29999999999999999), (0.11, True)), ((30, 100, 0.29999999999999999), (0.12, True)), ((31, 100, 0.31), (0.13, True)), ((31, 100, 0.31), (0.14000000000000001, True)), ((31, 100, 0.31), (0.14999999999999999, True)), ((31, 100, 0.31), (0.16, True)), ((31, 100, 0.31), (0.17000000000000001, True)), ((31, 100, 0.31), (0.17999999999999999, True)), ((31, 100, 0.31), (0.19, True)), ((31, 100, 0.31), (0.20000000000000001, True))]

BESTLEARNGEMTWO=((0, 100, 0.0), (2, 2, 0.0625, True, True))
LISTLEARNGEMTWO=[((0, 100, 0.0), (2, 2, 0.015625, True, True)), ((0, 100, 0.0), (2, 2, 0.03125, True, True)), ((0, 100, 0.0), (2, 2, 0.0625, True, True)), ((0, 100, 0.0), (2, 2, 0.125, True, True)), ((0, 100, 0.0), (2, 2, 0.25, True, True)), ((2, 100, 0.02), (2, 1, 0.015625, True, True)), ((2, 100, 0.02), (2, 1, 0.03125, True, True)), ((3, 100, 0.029999999999999999), (2, 2, 0.0078125, True, True)), ((4, 100, 0.040000000000000001), (2, 1, 0.0078125, True, True)), ((4, 100, 0.040000000000000001), (2, 1, 0.0625, True, True)), ((10, 100, 0.10000000000000001), (2, 1, 0.125, True, True)), ((13, 100, 0.13), (1, 1, 0.0078125, True, True)), ((13, 100, 0.13), (1, 2, 0.0078125, True, True)), ((15, 100, 0.14999999999999999), (1, 1, 0.015625, True, True)), ((15, 100, 0.14999999999999999), (1, 2, 0.015625, True, True)), ((16, 100, 0.16), (1, 1, 0.03125, True, True)), ((16, 100, 0.16), (1, 2, 0.03125, True, True)), ((16, 100, 0.16), (2, 2, 0.00390625, True, True)), ((17, 100, 0.17000000000000001), (1, 1, 0.00390625, True, True)), ((17, 100, 0.17000000000000001), (1, 2, 0.00390625, True, True)), ((19, 100, 0.19), (2, 1, 0.00390625, True, True)), ((21, 100, 0.20999999999999999), (2, 2, 0.5, True, True)), ((22, 100, 0.22), (1, 1, 0.0625, True, True)), ((22, 100, 0.22), (1, 2, 0.0625, True, True)), ((32, 100, 0.32000000000000001), (1, 1, 0.125, True, True)), ((32, 100, 0.32000000000000001), (1, 2, 0.125, True, True)), ((43, 100, 0.42999999999999999), (2, 1, 0.25, True, True)), ((46, 100, 0.46000000000000002), (1, 1, 0.25, True, True)), ((46, 100, 0.46000000000000002), (1, 2, 0.25, True, True)), ((52, 100, 0.52000000000000002), (2, 2, 0, True, True)), ((68, 100, 0.68000000000000005), (2, 1, 0, True, True)), ((70, 100, 0.69999999999999996), (1, 1, 0.5, True, True)), ((70, 100, 0.69999999999999996), (1, 2, 0.5, True, True)), ((80, 100, 0.80000000000000004), (1, 1, 0, True, True)), ((80, 100, 0.80000000000000004), (1, 2, 0, True, True)), ((87, 100, 0.87), (2, 1, 0.5, True, True))]


# error rates for different distance measures
# (error, size, error/size) and binary mask
BESTLPONE=(65, 400, 0.16250000000000001)
LISTLPONE=[0, 1, 1, 0, 1, 0, 0, 0, 0, 0, 0, 0, 0, 0, 0, 0, 0, 1, 0, 0, 0, 0, 1, 0, 0, 0, 0, 0, 1, 1, 0, 0, 0, 0, 0, 0, 0, 0, 0, 0, 0, 1, 0, 1, 1, 1, 0, 0, 0, 0, 0, 0, 0, 0, 0, 0, 0, 0, 0, 0, 0, 0, 0, 0, 0, 0, 0, 0, 0, 0, 1, 0, 0, 0, 0, 0, 1, 0, 0, 0, 0, 0, 0, 0, 1, 0, 0, 1, 0, 0, 0, 0, 0, 0, 0, 0, 0, 0, 0, 0, 0, 0, 0, 0, 0, 0, 1, 0, 1, 0, 0, 0, 0, 0, 0, 0, 1, 0, 0, 0, 1, 0, 0, 1, 0, 1, 0, 0, 1, 1, 1, 0, 0, 0, 1, 1, 1, 1, 0, 0, 1, 0, 0, 1, 0, 0, 1, 0, 0, 0, 0, 0, 0, 0, 0, 1, 0, 0, 0, 0, 0, 0, 1, 0, 0, 0, 0, 0, 0, 0, 0, 1, 1, 0, 0, 0, 0, 0, 1, 0, 0, 0, 0, 1, 0, 0, 0, 0, 1, 0, 0, 0, 0, 0, 1, 0, 0, 0, 0, 0, 0, 0, 0, 0, 1, 0, 0, 0, 0, 0, 0, 0, 0, 0, 0, 0, 0, 0, 0, 0, 0, 0, 0, 0, 0, 0, 0, 0, 0, 0, 0, 0, 0, 0, 0, 0, 0, 0, 0, 0, 0, 0, 1, 0, 0, 0, 0, 1, 1, 0, 0, 0, 0, 0, 0, 0, 1, 0, 0, 0, 0, 0, 0, 0, 0, 0, 0, 0, 0, 0, 0, 0, 0, 0, 0, 0, 0, 1, 1, 0, 0, 0, 0, 0, 0, 1, 0, 0, 0, 0, 0, 0, 0, 1, 0, 0, 0, 1, 0, 0, 1, 1, 0, 0, 0, 0, 0, 1, 1, 0, 0, 0, 0, 0, 0, 0, 0, 0, 0, 0, 0, 0, 0, 1, 0, 0, 1, 0, 1, 0, 0, 0, 1, 0, 0, 0, 0, 0, 1, 0, 0, 0, 0, 0, 0, 0, 1, 0, 0, 0, 0, 0, 0, 0, 1, 0, 0, 1, 0, 0, 0, 0, 0, 0, 0, 0, 0, 0, 0, 0, 1, 0, 0, 0, 0, 0, 0, 1, 1, 0, 0, 0, 0, 0, 0, 0, 0, 1, 0, 0, 0, 0, 0, 0, 0, 0, 0, 0, 0, 0]

BESTLPTWO=(65, 400, 0.16250000000000001)
LISTLPTWO=[0, 0, 0, 0, 0, 0, 0, 0, 0, 0, 0, 1, 1, 0, 0, 1, 1, 1, 0, 0, 0, 0, 0, 0, 0, 0, 0, 0, 0, 1, 0, 0, 1, 0, 0, 0, 0, 0, 0, 0, 0, 0, 0, 1, 0, 0, 0, 0, 0, 0, 0, 0, 0, 0, 0, 0, 0, 0, 0, 0, 1, 0, 0, 0, 0, 1, 0, 0, 1, 0, 0, 1, 0, 0, 0, 0, 1, 0, 0, 0, 0, 0, 0, 0, 0, 0, 0, 0, 0, 0, 0, 0, 0, 0, 1, 0, 0, 0, 0, 0, 0, 0, 0, 0, 0, 0, 0, 1, 0, 1, 0, 0, 0, 0, 0, 0, 1, 0, 0, 0, 1, 0, 0, 0, 0, 0, 0, 0, 0, 0, 0, 0, 1, 0, 0, 0, 0, 0, 0, 0, 0, 0, 0, 0, 0, 0, 0, 0, 1, 1, 0, 1, 0, 0, 0, 1, 0, 0, 0, 0, 0, 0, 0, 0, 0, 1, 0, 0, 0, 0, 0, 0, 0, 0, 0, 0, 0, 0, 0, 1, 0, 0, 0, 0, 0, 0, 0, 0, 0, 0, 1, 0, 0, 0, 0, 0, 0, 1, 0, 0, 1, 0, 1, 0, 0, 0, 1, 0, 0, 1, 0, 1, 0, 1, 1, 0, 0, 0, 1, 0, 0, 0, 0, 0, 0, 0, 0, 0, 0, 0, 0, 0, 0, 0, 0, 0, 1, 0, 0, 0, 0, 1, 0, 0, 1, 1, 0, 0, 0, 0, 0, 0, 0, 0, 0, 1, 0, 0, 0, 1, 1, 0, 0, 0, 0, 0, 0, 0, 0, 0, 0, 0, 0, 0, 1, 1, 0, 0, 0, 0, 0, 0, 0, 1, 0, 0, 0, 0, 0, 0, 0, 0, 0, 0, 0, 0, 0, 0, 0, 0, 1, 0, 0, 1, 0, 0, 1, 0, 0, 0, 0, 0, 0, 0, 0, 0, 1, 0, 0, 1, 1, 0, 0, 0, 0, 0, 0, 1, 0, 0, 0, 1, 1, 0, 1, 0, 0, 0, 0, 0, 0, 0, 0, 0, 0, 0, 0, 1, 0, 0, 1, 0, 0, 0, 0, 0, 0, 1, 0, 0, 0, 1, 0, 0, 0, 1, 0, 0, 0, 0, 0, 0, 0, 0, 0, 0, 1, 0, 0, 1, 0, 0, 0, 1, 0, 0, 0, 0, 0, 0, 0, 0, 0, 0, 1, 0, 0, 1, 0, 0]

BESTFULLDTWONE=(211, 400, 0.52749999999999997)
LISTFULLDTWONE=[1, 1, 1, 1, 1, 0, 0, 1, 1, 0, 1, 1, 1, 1, 0, 0, 0, 1, 1, 1, 1, 1, 1, 0, 0, 1, 1, 1, 0, 1, 0, 1, 0, 1, 1, 0, 0, 1, 0, 0, 0, 1, 0, 0, 1, 1, 1, 0, 0, 0, 1, 0, 1, 1, 0, 1, 1, 1, 0, 0, 1, 1, 0, 0, 1, 0, 0, 1, 0, 0, 1, 0, 1, 0, 1, 0, 1, 1, 0, 1, 1, 0, 0, 1, 1, 1, 1, 1, 1, 0, 0, 0, 0, 0, 0, 0, 1, 0, 1, 0, 1, 1, 0, 0, 0, 0, 0, 0, 1, 1, 0, 1, 0, 1, 1, 1, 1, 0, 0, 1, 1, 0, 1, 0, 1, 1, 0, 1, 1, 1, 1, 0, 0, 0, 1, 1, 1, 1, 1, 0, 1, 0, 0, 0, 0, 0, 0, 1, 0, 1, 1, 1, 0, 1, 0, 1, 0, 0, 1, 0, 0, 1, 1, 0, 0, 0, 0, 1, 0, 1, 0, 1, 1, 0, 1, 0, 0, 1, 1, 0, 0, 0, 1, 1, 1, 1, 0, 1, 1, 1, 1, 0, 0, 1, 0, 0, 0, 1, 0, 0, 1, 1, 1, 0, 1, 1, 0, 1, 1, 0, 1, 0, 0, 1, 1, 0, 1, 1, 0, 0, 1, 0, 0, 1, 0, 1, 1, 0, 0, 1, 0, 0, 0, 0, 1, 1, 0, 0, 0, 1, 1, 0, 1, 0, 0, 0, 0, 1, 1, 0, 0, 0, 1, 1, 1, 0, 1, 1, 1, 1, 1, 0, 1, 1, 1, 0, 0, 0, 0, 1, 0, 0, 1, 1, 0, 0, 1, 0, 1, 0, 1, 1, 0, 0, 1, 1, 1, 0, 0, 0, 1, 0, 0, 0, 1, 0, 0, 1, 1, 0, 1, 1, 0, 0, 0, 0, 1, 1, 1, 1, 1, 0, 1, 1, 0, 1, 1, 0, 1, 1, 0, 1, 1, 1, 1, 0, 0, 1, 1, 0, 0, 0, 0, 0, 0, 0, 0, 1, 1, 0, 1, 0, 0, 1, 1, 1, 1, 1, 1, 0, 1, 1, 0, 1, 1, 0, 0, 1, 0, 1, 1, 0, 1, 1, 0, 1, 0, 0, 1, 1, 1, 0, 0, 0, 1, 1, 1, 1, 1, 1, 1, 0, 0, 0, 1, 1, 1, 1, 0, 1, 0, 1, 1, 1, 1, 0, 1, 0, 0, 0]

BESTFULLDTWTWO=(194, 400, 0.48499999999999999)
LISTFULLDTWTWO=[1, 0, 0, 0, 1, 1, 0, 1, 0, 1, 1, 1, 1, 0, 1, 1, 1, 0, 1, 0, 0, 0, 1, 0, 1, 0, 1, 0, 1, 0, 0, 1, 0, 0, 0, 0, 0, 0, 1, 1, 1, 0, 1, 1, 1, 0, 1, 1, 0, 0, 0, 1, 0, 1, 0, 0, 0, 1, 1, 0, 0, 0, 1, 1, 0, 1, 1, 0, 1, 1, 0, 1, 0, 1, 0, 0, 1, 1, 0, 0, 1, 0, 0, 0, 1, 0, 1, 0, 0, 1, 0, 1, 0, 1, 1, 1, 0, 1, 1, 1, 1, 0, 0, 0, 1, 0, 0, 1, 1, 1, 0, 1, 1, 0, 0, 0, 1, 1, 1, 0, 1, 0, 1, 0, 1, 1, 0, 1, 0, 0, 1, 0, 0, 0, 1, 0, 0, 1, 0, 0, 0, 1, 0, 1, 0, 0, 1, 0, 1, 1, 0, 1, 0, 0, 0, 0, 1, 1, 0, 1, 1, 1, 0, 0, 0, 1, 1, 0, 0, 0, 0, 0, 1, 1, 0, 1, 0, 1, 1, 0, 0, 1, 1, 1, 0, 1, 1, 0, 0, 0, 1, 0, 0, 1, 1, 0, 0, 0, 1, 0, 1, 0, 1, 1, 1, 1, 1, 1, 1, 1, 0, 1, 0, 0, 0, 1, 1, 0, 1, 0, 0, 1, 0, 1, 1, 0, 0, 1, 0, 1, 1, 1, 0, 1, 0, 0, 1, 0, 0, 1, 1, 1, 1, 1, 1, 1, 0, 0, 0, 1, 0, 1, 0, 1, 0, 1, 1, 0, 0, 1, 1, 0, 1, 0, 0, 0, 1, 1, 0, 1, 0, 1, 0, 1, 1, 0, 0, 0, 1, 1, 0, 0, 1, 1, 0, 1, 1, 0, 0, 0, 0, 0, 0, 0, 1, 1, 0, 0, 0, 1, 1, 1, 1, 1, 0, 0, 1, 1, 1, 0, 1, 1, 0, 1, 0, 1, 0, 1, 0, 1, 1, 0, 0, 0, 1, 0, 0, 1, 1, 1, 1, 0, 0, 1, 1, 0, 0, 0, 1, 1, 1, 0, 0, 0, 0, 0, 1, 1, 0, 0, 1, 1, 0, 1, 1, 0, 0, 0, 0, 1, 1, 1, 1, 0, 0, 1, 0, 0, 1, 0, 0, 1, 0, 0, 1, 0, 1, 0, 0, 1, 0, 0, 0, 1, 0, 1, 0, 0, 0, 0, 1, 0, 0, 0, 1, 0, 1, 1, 1, 0]

BESTCONSDTWONE=(54, 400, 0.13500000000000001)
LISTCONSDTWONE=[0, 1, 1, 0, 0, 0, 0, 0, 0, 0, 0, 0, 0, 0, 0, 0, 0, 0, 0, 0, 0, 0, 0, 0, 0, 0, 0, 0, 0, 1, 0, 0, 0, 0, 0, 0, 0, 0, 0, 0, 0, 1, 0, 1, 1, 1, 0, 0, 0, 0, 0, 0, 0, 0, 0, 0, 0, 0, 0, 0, 0, 0, 0, 0, 0, 0, 0, 0, 0, 0, 1, 0, 0, 0, 0, 0, 1, 1, 0, 0, 1, 0, 0, 0, 1, 0, 1, 0, 0, 0, 0, 0, 0, 0, 0, 0, 0, 0, 0, 0, 0, 0, 0, 0, 0, 0, 0, 0, 1, 0, 0, 0, 0, 0, 0, 0, 1, 0, 0, 0, 1, 0, 0, 1, 0, 1, 0, 0, 1, 1, 1, 0, 0, 0, 1, 0, 0, 1, 0, 0, 0, 0, 0, 1, 0, 0, 0, 0, 0, 0, 0, 0, 0, 0, 0, 0, 0, 0, 0, 0, 0, 1, 0, 0, 0, 0, 0, 0, 0, 0, 0, 1, 1, 0, 0, 0, 0, 0, 0, 0, 0, 0, 0, 0, 0, 0, 0, 0, 1, 0, 0, 0, 0, 0, 1, 0, 0, 0, 0, 0, 0, 0, 0, 0, 1, 0, 0, 0, 0, 0, 0, 0, 0, 0, 0, 0, 0, 0, 0, 1, 0, 0, 0, 0, 0, 0, 0, 0, 0, 1, 0, 0, 0, 0, 0, 1, 0, 1, 0, 0, 0, 0, 1, 0, 0, 0, 0, 1, 0, 0, 0, 0, 1, 0, 0, 0, 0, 0, 0, 0, 0, 0, 0, 0, 0, 0, 0, 0, 0, 0, 0, 0, 0, 0, 0, 0, 1, 0, 1, 0, 0, 0, 0, 0, 0, 1, 0, 0, 0, 0, 0, 0, 0, 0, 0, 0, 0, 1, 0, 0, 0, 1, 0, 0, 0, 0, 0, 0, 1, 0, 0, 0, 0, 0, 0, 0, 0, 0, 0, 1, 0, 0, 0, 1, 0, 0, 1, 0, 1, 0, 0, 0, 0, 0, 0, 0, 0, 0, 1, 0, 0, 0, 0, 0, 1, 0, 0, 0, 0, 0, 0, 0, 0, 1, 1, 0, 0, 0, 0, 0, 0, 0, 0, 1, 0, 0, 0, 0, 0, 0, 0, 0, 0, 0, 0, 0, 0, 0, 0, 0, 0, 0, 0, 0, 0, 0, 0, 1, 0, 0, 0, 0, 1, 0, 0, 0, 0, 0, 0, 0]

BESTCONSDTWTWO=(55, 400, 0.13750000000000001)
LISTCONSDTWTWO=[0, 0, 0, 0, 0, 0, 0, 0, 0, 0, 0, 1, 1, 0, 1, 1, 1, 0, 0, 0, 0, 0, 0, 0, 0, 0, 0, 0, 0, 0, 0, 0, 0, 0, 0, 0, 0, 0, 0, 0, 0, 0, 0, 1, 0, 0, 0, 0, 0, 0, 0, 0, 0, 0, 0, 0, 0, 0, 0, 0, 1, 0, 0, 0, 0, 0, 0, 0, 1, 0, 0, 1, 0, 0, 0, 0, 0, 0, 0, 0, 0, 0, 0, 0, 0, 0, 1, 0, 0, 1, 0, 0, 0, 0, 0, 0, 0, 0, 0, 0, 0, 0, 0, 0, 0, 0, 0, 1, 0, 1, 0, 0, 0, 0, 0, 0, 1, 0, 0, 0, 1, 0, 0, 0, 0, 0, 0, 0, 0, 0, 0, 0, 0, 0, 0, 0, 0, 0, 0, 0, 0, 0, 0, 1, 0, 0, 0, 0, 1, 0, 0, 1, 0, 0, 0, 0, 0, 0, 0, 0, 0, 0, 0, 0, 0, 0, 0, 0, 0, 0, 0, 0, 0, 0, 0, 0, 0, 0, 1, 0, 0, 1, 0, 0, 0, 0, 0, 0, 0, 0, 1, 0, 0, 0, 0, 0, 0, 0, 0, 0, 1, 0, 1, 0, 0, 0, 1, 0, 0, 1, 0, 0, 0, 0, 1, 0, 0, 0, 1, 0, 0, 0, 0, 0, 0, 1, 0, 0, 0, 0, 0, 0, 0, 0, 0, 0, 0, 0, 0, 0, 0, 1, 0, 0, 1, 1, 0, 0, 0, 0, 0, 0, 0, 0, 0, 0, 1, 0, 0, 1, 0, 0, 0, 0, 0, 0, 0, 0, 0, 0, 0, 0, 0, 0, 1, 0, 0, 0, 0, 0, 0, 0, 0, 1, 0, 0, 0, 0, 0, 0, 0, 0, 0, 0, 0, 0, 1, 0, 0, 0, 1, 0, 0, 0, 0, 0, 1, 0, 0, 0, 0, 0, 0, 0, 0, 0, 1, 0, 0, 1, 1, 0, 0, 0, 0, 0, 0, 1, 0, 0, 0, 0, 1, 0, 1, 0, 0, 0, 0, 0, 1, 0, 0, 0, 0, 0, 0, 1, 0, 0, 1, 1, 0, 0, 0, 0, 0, 0, 0, 0, 0, 0, 0, 0, 0, 1, 0, 0, 0, 0, 0, 0, 0, 0, 0, 0, 1, 0, 0, 1, 0, 0, 0, 1, 0, 0, 0, 0, 0, 0, 1, 0, 0, 0, 1, 0, 0, 1, 0, 0]

BESTGEMONE=(5, 400, 0.012500000000000001)
LISTGEMONE=[0, 0, 1, 0, 0, 0, 0, 0, 0, 0, 0, 0, 0, 0, 0, 0, 0, 0, 0, 0, 0, 0, 0, 0, 0, 0, 0, 0, 0, 0, 0, 0, 0, 0, 0, 0, 0, 0, 0, 0, 0, 0, 0, 0, 0, 0, 0, 0, 0, 0, 0, 0, 0, 0, 0, 0, 0, 0, 0, 0, 0, 0, 0, 0, 0, 0, 0, 0, 0, 0, 0, 0, 0, 0, 0, 0, 0, 1, 0, 0, 0, 0, 0, 0, 0, 0, 0, 0, 0, 0, 0, 0, 0, 0, 0, 0, 0, 0, 0, 0, 0, 0, 0, 0, 0, 0, 0, 0, 1, 0, 0, 0, 0, 0, 0, 0, 0, 0, 0, 0, 0, 0, 0, 0, 0, 0, 0, 0, 0, 0, 0, 0, 0, 0, 0, 0, 0, 0, 0, 0, 0, 0, 0, 0, 0, 0, 0, 0, 0, 0, 0, 0, 0, 0, 0, 0, 0, 0, 0, 0, 0, 0, 0, 0, 0, 0, 0, 0, 0, 0, 0, 0, 0, 0, 0, 0, 0, 0, 0, 0, 0, 0, 0, 0, 0, 0, 0, 0, 0, 0, 0, 0, 0, 0, 0, 0, 0, 0, 0, 0, 0, 0, 0, 0, 0, 0, 0, 0, 0, 0, 0, 0, 0, 0, 0, 0, 0, 0, 0, 0, 0, 0, 0, 0, 0, 0, 0, 0, 0, 0, 0, 0, 0, 0, 0, 0, 0, 0, 0, 1, 0, 0, 1, 0, 0, 0, 0, 0, 0, 0, 0, 0, 0, 0, 0, 0, 0, 0, 0, 0, 0, 0, 0, 0, 0, 0, 0, 0, 0, 0, 0, 0, 0, 0, 0, 0, 0, 0, 0, 0, 0, 0, 0, 0, 0, 0, 0, 0, 0, 0, 0, 0, 0, 0, 0, 0, 0, 0, 0, 0, 0, 0, 0, 0, 0, 0, 0, 0, 0, 0, 0, 0, 0, 0, 0, 0, 0, 0, 0, 0, 0, 0, 0, 0, 0, 0, 0, 0, 0, 0, 0, 0, 0, 0, 0, 0, 0, 0, 0, 0, 0, 0, 0, 0, 0, 0, 0, 0, 0, 0, 0, 0, 0, 0, 0, 0, 0, 0, 0, 0, 0, 0, 0, 0, 0, 0, 0, 0, 0, 0, 0, 0, 0, 0, 0, 0, 0, 0, 0, 0, 0, 0, 0, 0, 0, 0, 0, 0, 0, 0, 0, 0, 0, 0, 0, 0, 0, 0, 0, 0]

BESTGEMTWO=(7, 400, 0.017500000000000002)
LISTGEMTWO=[0, 0, 0, 0, 0, 0, 0, 0, 0, 0, 0, 0, 1, 0, 0, 0, 0, 1, 0, 0, 0, 0, 0, 0, 0, 0, 0, 0, 0, 0, 0, 0, 0, 0, 0, 0, 0, 0, 0, 0, 0, 0, 0, 0, 1, 0, 0, 0, 0, 0, 0, 0, 0, 0, 0, 0, 0, 0, 0, 0, 0, 0, 0, 0, 0, 0, 0, 0, 0, 0, 0, 0, 0, 0, 0, 0, 0, 0, 0, 0, 0, 0, 0, 0, 0, 0, 0, 0, 0, 0, 0, 0, 0, 0, 0, 0, 0, 0, 0, 0, 0, 0, 0, 0, 0, 0, 0, 0, 0, 0, 0, 0, 0, 0, 0, 0, 0, 0, 0, 0, 0, 0, 0, 0, 0, 0, 0, 0, 0, 0, 0, 0, 0, 0, 0, 0, 0, 0, 0, 0, 0, 0, 0, 0, 0, 0, 0, 0, 0, 0, 0, 0, 0, 0, 0, 0, 0, 0, 0, 0, 0, 0, 0, 0, 0, 0, 0, 0, 0, 0, 0, 0, 0, 0, 0, 0, 0, 0, 0, 1, 0, 0, 0, 0, 0, 0, 0, 0, 0, 0, 0, 0, 0, 0, 0, 0, 0, 0, 0, 0, 0, 0, 0, 0, 0, 0, 0, 0, 0, 0, 0, 0, 0, 0, 0, 0, 0, 0, 1, 0, 0, 0, 0, 0, 0, 0, 0, 0, 0, 0, 0, 0, 0, 0, 0, 0, 0, 0, 0, 0, 0, 0, 0, 0, 0, 0, 0, 0, 0, 0, 0, 0, 0, 0, 0, 0, 0, 0, 0, 0, 0, 0, 0, 0, 0, 0, 0, 0, 0, 0, 0, 0, 0, 0, 1, 0, 0, 0, 0, 0, 0, 0, 0, 0, 0, 0, 0, 0, 0, 0, 0, 0, 0, 0, 0, 0, 0, 0, 0, 0, 0, 0, 0, 0, 0, 0, 0, 0, 0, 0, 0, 0, 0, 0, 0, 0, 0, 0, 0, 0, 0, 0, 0, 0, 0, 0, 0, 1, 0, 0, 0, 0, 0, 0, 0, 0, 0, 0, 0, 0, 0, 0, 0, 0, 0, 0, 0, 0, 0, 0, 0, 0, 0, 0, 0, 0, 0, 0, 0, 0, 0, 0, 0, 0, 0, 0, 0, 0, 0, 0, 0, 0, 0, 0, 0, 0, 0, 0, 0, 0, 0, 0, 0, 0, 0, 0, 0, 0, 0, 0, 0, 0, 0, 0, 0, 0, 0, 0, 0, 0]

