# indices of halve split with split for parameters)
INDEXONE=[919, 759, 704, 431, 694, 868, 450, 959, 823, 563, 804, 612, 509, 803, 541, 270, 725, 129, 216, 301, 748, 75, 374, 363, 921, 435, 444, 354, 884, 218, 242, 922, 37, 978, 188, 962, 448, 680, 554, 98, 462, 298, 950, 35, 347, 176, 569, 513, 779, 977, 987, 440, 415, 142, 643, 385, 636, 425, 485, 130, 833, 267, 441, 661, 753, 377, 715, 10, 870, 286, 388, 12, 177, 951, 897, 63, 369, 121, 679, 497, 422, 602, 358, 195, 120, 953, 862, 687, 319, 885, 688, 357, 706, 782, 700, 909, 757, 965, 4, 151, 56, 955, 231, 738, 740, 566, 681, 463, 866, 11, 460, 247, 360, 263, 972, 302, 761, 22, 372, 976, 502, 39, 140, 402, 523, 705, 150, 201, 908, 280, 88, 341, 850, 14, 442, 536, 709, 555, 405, 42, 608, 186, 27, 474, 634, 106, 702, 651, 366, 67, 924, 173, 326, 283, 594, 749, 915, 299, 983, 200, 252, 275, 117, 528, 97, 512, 982, 468, 243, 586, 8, 449, 985, 722, 961, 940, 221, 869, 434, 38, 86, 94, 855, 59, 281, 170, 763, 564, 883, 292, 719, 669, 894, 229, 427, 622, 251, 222, 362, 674, 834, 227, 471, 929, 457, 494, 154, 800, 649, 560, 781, 167, 41, 857, 294, 932, 613, 367, 508, 401, 20, 756, 721, 334, 583, 61, 461, 537, 386, 153, 138, 713, 993, 339, 552, 400, 791, 260, 538, 793, 69, 720, 557, 930, 925, 798, 935, 416, 726, 370, 70, 861, 220, 631, 316, 9, 149, 859, 317, 992, 556, 911, 40, 853, 113, 841, 169, 904, 33, 205, 44, 967, 487, 6, 934, 775, 239, 83, 876, 581, 445, 578, 551, 398, 250, 601, 238, 815, 272, 895, 310, 926, 819, 533, 789, 496, 691, 135, 568, 689, 255, 760, 746, 16, 898, 380, 639, 489, 349, 867, 662, 788, 87, 295, 1, 342, 396, 603, 820, 196, 340, 980, 277, 549, 640, 111, 68, 616, 268, 499, 769, 975, 423, 707, 46, 991, 996, 337, 917, 0, 379, 604, 692, 606, 484, 831, 164, 920, 262, 830, 210, 999, 103, 663, 13, 805, 433, 323, 595, 114, 984, 729, 813, 799, 492, 469, 137, 573, 646, 214, 199, 927, 343, 338, 696, 770, 801, 599, 144, 36, 185, 482, 787, 391, 905, 888, 5, 971, 593, 81, 19, 85, 774, 211, 597, 893, 553, 171, 579, 456]
INDEXLPONE=[518, 871, 797, 274, 325, 827, 766, 832, 931, 368, 562, 381, 507, 506, 3, 842, 136, 938, 854, 190, 923, 394, 122, 315, 320, 109, 307, 488, 424, 744, 321, 997, 668, 311, 620, 792, 79, 228, 657, 101, 598, 918, 168, 495, 734, 596, 207, 78, 50, 966, 161, 822, 937, 572, 244, 102, 607, 387, 324, 397, 592, 504, 438, 655, 858, 476, 526, 421, 514, 365, 652, 172, 664, 847, 673, 71, 829, 23, 517, 393, 771, 743, 408, 879, 351, 224, 739, 193, 547, 732, 995, 907, 258, 519, 235, 403, 886, 542, 29, 116]
INDEXTWO=[543, 62, 64, 914, 264, 467, 348, 206, 159, 954, 18, 107, 436, 378, 24, 392, 297, 808, 383, 404, 439, 587, 32, 90, 306, 330, 322, 47, 399, 605, 718, 735, 818, 741, 647, 477, 910, 695, 780, 43, 333, 346, 881, 234, 191, 810, 127, 903, 865, 133, 988, 712, 314, 878, 430, 429, 916, 313, 632, 575, 28, 698, 157, 490, 546, 131, 764, 331, 618, 26, 428, 637, 561, 828, 783, 896, 395, 535, 675, 768, 565, 305, 478, 856, 654, 806, 520, 968, 727, 55, 51, 611, 849, 530, 141, 714, 254, 516, 412, 356, 246, 290, 31, 500, 279, 475, 826, 559, 303, 589, 329, 817, 900, 273, 455, 466, 816, 600, 353, 912, 72, 580, 219, 454, 53, 550, 887, 312, 213, 814, 891, 777, 835, 375, 851, 453, 629, 880, 906, 534, 703, 845, 588, 998, 544, 181, 407, 30, 410, 511, 773, 645, 736, 548, 350, 754, 765, 522, 676, 209, 232, 174, 464, 525, 701, 567, 641, 697, 825, 115, 648, 750, 928, 610, 531, 733, 217, 145, 284, 147, 974, 755, 65, 261, 271, 683, 809, 233, 659, 318, 852, 15, 776, 472, 584, 296, 794, 276, 376, 45, 684, 545, 979, 527, 451, 465, 892, 785, 505, 158, 807, 359, 426, 846, 17, 960, 178, 902, 162, 625, 95, 96, 730, 194, 660, 165, 223, 860, 382, 737, 192, 93, 108, 899, 728, 731, 942, 747, 282, 882, 796, 875, 644, 591, 345, 864, 943, 989, 328, 666, 840, 723, 76, 650, 558, 420, 54, 627, 327, 163, 708, 872, 248, 990, 874, 2, 540, 155, 187, 521, 837, 406, 812, 665, 452, 609, 751, 614, 184, 57, 215, 848, 148, 677, 112, 256, 570, 821, 970, 486, 91, 626, 582, 503, 628, 945, 493, 633, 786, 986, 160, 811, 501, 179, 197, 105, 413, 532, 481, 237, 939, 724, 183, 182, 889, 355, 84, 571, 58, 458, 156, 994, 957, 838, 198, 682, 941, 60, 175, 619, 309, 936, 693, 836, 371, 245, 203, 933, 300, 491, 577, 480, 772, 824, 225, 758, 25, 335, 949, 699, 539, 110, 672, 752, 414, 685, 585, 621, 635, 134, 208, 946, 470, 146, 352, 447, 119, 670, 417, 419, 100, 958, 291, 89, 82, 269, 204, 104, 373, 384, 74, 630, 459, 418, 473, 653, 901, 948, 49, 278, 432, 844, 963, 259, 642, 241, 253, 390, 667, 843]
INDEXLPTWO=[623, 624, 123, 890, 656, 515, 638, 529, 289, 574, 285, 690, 230, 180, 7, 778, 686, 226, 118, 717, 767, 125, 77, 304, 590, 287, 344, 671, 80, 73, 389, 139, 257, 437, 332, 795, 288, 483, 52, 143, 66, 308, 944, 524, 913, 839, 443, 21, 411, 969, 92, 711, 336, 126, 48, 716, 964, 293, 981, 973, 236, 678, 873, 132, 446, 742, 947, 240, 510, 952, 152, 956, 99, 863, 576, 710, 364, 745, 498, 615, 790, 34, 128, 658, 265, 189, 784, 124, 479, 266, 249, 617, 802, 212, 202, 166, 762, 409, 877, 361]

# learned parameters for cdtw and gem
# dtw ((error, size, error/size), (window, sqr))
# gem ((error, size, error/size), (St0, St1, E, sym, sqr))
BESTLEARNCONSDTWONE=((8, 100, 0.080000000000000002), (0.01, True))
LISTLEARNCONSDTWONE=[((8, 100, 0.080000000000000002), (0.01, True)), ((11, 100, 0.11), (0.0, True)), ((17, 100, 0.17000000000000001), (0.02, True)), ((23, 100, 0.23000000000000001), (0.029999999999999999, True)), ((29, 100, 0.28999999999999998), (0.040000000000000001, True)), ((34, 100, 0.34000000000000002), (0.050000000000000003, True)), ((36, 100, 0.35999999999999999), (0.059999999999999998, True)), ((36, 100, 0.35999999999999999), (0.070000000000000007, True)), ((37, 100, 0.37), (0.080000000000000002, True)), ((39, 100, 0.39000000000000001), (0.089999999999999997, True)), ((41, 100, 0.40999999999999998), (0.10000000000000001, True)), ((41, 100, 0.40999999999999998), (0.11, True)), ((42, 100, 0.41999999999999998), (0.12, True)), ((42, 100, 0.41999999999999998), (0.13, True)), ((42, 100, 0.41999999999999998), (0.14000000000000001, True)), ((42, 100, 0.41999999999999998), (0.14999999999999999, True)), ((42, 100, 0.41999999999999998), (0.16, True)), ((42, 100, 0.41999999999999998), (0.17000000000000001, True)), ((42, 100, 0.41999999999999998), (0.17999999999999999, True)), ((43, 100, 0.42999999999999999), (0.19, True)), ((43, 100, 0.42999999999999999), (0.20000000000000001, True))]

BESTLEARNGEMONE=((2, 100, 0.02), (2, 2, 0.0625, True, True))
LISTLEARNGEMONE=[((2, 100, 0.02), (2, 2, 0.015625, True, True)), ((2, 100, 0.02), (2, 2, 0.03125, True, True)), ((2, 100, 0.02), (2, 2, 0.0625, True, True)), ((2, 100, 0.02), (2, 2, 0.125, True, True)), ((4, 100, 0.040000000000000001), (2, 2, 0.25, True, True)), ((6, 100, 0.059999999999999998), (2, 1, 0.03125, True, True)), ((6, 100, 0.059999999999999998), (2, 2, 0.0078125, True, True)), ((8, 100, 0.080000000000000002), (2, 1, 0.015625, True, True)), ((9, 100, 0.089999999999999997), (2, 1, 0.0625, True, True)), ((11, 100, 0.11), (2, 1, 0.0078125, True, True)), ((17, 100, 0.17000000000000001), (2, 1, 0.125, True, True)), ((19, 100, 0.19), (1, 1, 0.015625, True, True)), ((19, 100, 0.19), (1, 2, 0.015625, True, True)), ((21, 100, 0.20999999999999999), (1, 1, 0.0078125, True, True)), ((21, 100, 0.20999999999999999), (1, 1, 0.03125, True, True)), ((21, 100, 0.20999999999999999), (1, 2, 0.0078125, True, True)), ((21, 100, 0.20999999999999999), (1, 2, 0.03125, True, True)), ((25, 100, 0.25), (1, 1, 0.0625, True, True)), ((25, 100, 0.25), (1, 2, 0.0625, True, True)), ((26, 100, 0.26000000000000001), (2, 1, 0.00390625, True, True)), ((26, 100, 0.26000000000000001), (2, 2, 0.00390625, True, True)), ((27, 100, 0.27000000000000002), (2, 2, 0.5, True, True)), ((30, 100, 0.29999999999999999), (1, 1, 0.00390625, True, True)), ((30, 100, 0.29999999999999999), (1, 2, 0.00390625, True, True)), ((34, 100, 0.34000000000000002), (1, 1, 0.125, True, True)), ((34, 100, 0.34000000000000002), (1, 2, 0.125, True, True)), ((49, 100, 0.48999999999999999), (1, 1, 0.25, True, True)), ((49, 100, 0.48999999999999999), (1, 2, 0.25, True, True)), ((50, 100, 0.5), (2, 1, 0.25, True, True)), ((52, 100, 0.52000000000000002), (2, 2, 0, True, True)), ((64, 100, 0.64000000000000001), (2, 1, 0, True, True)), ((69, 100, 0.68999999999999995), (1, 1, 0.5, True, True)), ((69, 100, 0.68999999999999995), (1, 2, 0.5, True, True)), ((84, 100, 0.83999999999999997), (1, 1, 0, True, True)), ((84, 100, 0.83999999999999997), (1, 2, 0, True, True)), ((89, 100, 0.89000000000000001), (2, 1, 0.5, True, True))]

BESTLEARNCONSDTWTWO=((8, 100, 0.080000000000000002), (0.01, True))
LISTLEARNCONSDTWTWO=[((8, 100, 0.080000000000000002), (0.01, True)), ((11, 100, 0.11), (0.02, True)), ((14, 100, 0.14000000000000001), (0.0, True)), ((16, 100, 0.16), (0.029999999999999999, True)), ((19, 100, 0.19), (0.040000000000000001, True)), ((21, 100, 0.20999999999999999), (0.050000000000000003, True)), ((23, 100, 0.23000000000000001), (0.059999999999999998, True)), ((26, 100, 0.26000000000000001), (0.070000000000000007, True)), ((27, 100, 0.27000000000000002), (0.080000000000000002, True)), ((30, 100, 0.29999999999999999), (0.089999999999999997, True)), ((30, 100, 0.29999999999999999), (0.10000000000000001, True)), ((30, 100, 0.29999999999999999), (0.11, True)), ((33, 100, 0.33000000000000002), (0.12, True)), ((34, 100, 0.34000000000000002), (0.13, True)), ((35, 100, 0.34999999999999998), (0.14000000000000001, True)), ((35, 100, 0.34999999999999998), (0.14999999999999999, True)), ((35, 100, 0.34999999999999998), (0.16, True)), ((35, 100, 0.34999999999999998), (0.17000000000000001, True)), ((35, 100, 0.34999999999999998), (0.17999999999999999, True)), ((35, 100, 0.34999999999999998), (0.19, True)), ((35, 100, 0.34999999999999998), (0.20000000000000001, True))]

BESTLEARNGEMTWO=((1, 100, 0.01), (2, 2, 0.03125, True, True))
LISTLEARNGEMTWO=[((1, 100, 0.01), (2, 1, 0.015625, True, True)), ((1, 100, 0.01), (2, 1, 0.03125, True, True)), ((1, 100, 0.01), (2, 2, 0.015625, True, True)), ((1, 100, 0.01), (2, 2, 0.03125, True, True)), ((1, 100, 0.01), (2, 2, 0.0625, True, True)), ((1, 100, 0.01), (2, 2, 0.125, True, True)), ((2, 100, 0.02), (2, 1, 0.0078125, True, True)), ((2, 100, 0.02), (2, 1, 0.0625, True, True)), ((2, 100, 0.02), (2, 2, 0.25, True, True)), ((3, 100, 0.029999999999999999), (2, 2, 0.0078125, True, True)), ((12, 100, 0.12), (2, 1, 0.125, True, True)), ((13, 100, 0.13), (1, 1, 0.015625, True, True)), ((13, 100, 0.13), (1, 2, 0.015625, True, True)), ((14, 100, 0.14000000000000001), (2, 1, 0.00390625, True, True)), ((16, 100, 0.16), (1, 1, 0.0078125, True, True)), ((16, 100, 0.16), (1, 1, 0.03125, True, True)), ((16, 100, 0.16), (1, 2, 0.0078125, True, True)), ((16, 100, 0.16), (1, 2, 0.03125, True, True)), ((17, 100, 0.17000000000000001), (2, 2, 0.00390625, True, True)), ((22, 100, 0.22), (2, 2, 0.5, True, True)), ((23, 100, 0.23000000000000001), (1, 1, 0.00390625, True, True)), ((23, 100, 0.23000000000000001), (1, 2, 0.00390625, True, True)), ((24, 100, 0.23999999999999999), (1, 1, 0.0625, True, True)), ((24, 100, 0.23999999999999999), (1, 2, 0.0625, True, True)), ((31, 100, 0.31), (1, 1, 0.125, True, True)), ((31, 100, 0.31), (1, 2, 0.125, True, True)), ((43, 100, 0.42999999999999999), (1, 1, 0.25, True, True)), ((43, 100, 0.42999999999999999), (1, 2, 0.25, True, True)), ((46, 100, 0.46000000000000002), (2, 1, 0.25, True, True)), ((52, 100, 0.52000000000000002), (2, 2, 0, True, True)), ((56, 100, 0.56000000000000005), (2, 1, 0, True, True)), ((65, 100, 0.65000000000000002), (1, 1, 0.5, True, True)), ((65, 100, 0.65000000000000002), (1, 2, 0.5, True, True)), ((75, 100, 0.75), (1, 1, 0, True, True)), ((75, 100, 0.75), (1, 2, 0, True, True)), ((88, 100, 0.88), (2, 1, 0.5, True, True))]


# error rates for different distance measures
# (error, size, error/size) and binary mask
BESTLPONE=(67, 400, 0.16750000000000001)
LISTLPONE=[0, 0, 0, 0, 1, 0, 0, 0, 0, 0, 0, 0, 0, 0, 0, 0, 1, 0, 0, 0, 1, 0, 0, 0, 0, 0, 0, 0, 0, 0, 0, 1, 1, 1, 0, 0, 0, 0, 0, 0, 0, 0, 0, 0, 0, 1, 1, 0, 0, 0, 0, 0, 0, 0, 0, 0, 0, 0, 1, 0, 0, 1, 0, 1, 1, 0, 0, 0, 0, 0, 0, 1, 0, 0, 0, 0, 1, 0, 0, 0, 0, 0, 0, 0, 0, 0, 0, 1, 0, 0, 0, 0, 1, 0, 1, 0, 0, 0, 0, 0, 0, 1, 0, 0, 0, 0, 0, 0, 0, 0, 0, 0, 0, 0, 0, 0, 1, 0, 1, 0, 0, 0, 0, 0, 0, 0, 0, 0, 0, 0, 0, 0, 0, 0, 0, 0, 0, 0, 0, 1, 0, 0, 0, 0, 0, 0, 0, 0, 0, 1, 1, 1, 0, 0, 1, 1, 0, 1, 1, 1, 1, 0, 0, 0, 0, 0, 0, 0, 1, 0, 0, 0, 0, 0, 0, 0, 0, 0, 0, 0, 0, 0, 0, 0, 0, 0, 0, 0, 0, 0, 0, 0, 0, 1, 0, 0, 1, 1, 0, 0, 0, 1, 0, 0, 1, 0, 0, 0, 0, 0, 0, 0, 0, 0, 0, 0, 0, 1, 1, 1, 0, 1, 0, 0, 0, 0, 0, 0, 0, 1, 0, 0, 0, 0, 0, 0, 0, 0, 0, 0, 0, 0, 1, 1, 1, 0, 0, 1, 1, 0, 0, 0, 0, 0, 0, 0, 0, 0, 0, 0, 0, 1, 0, 0, 0, 0, 0, 0, 0, 0, 0, 0, 0, 0, 0, 0, 1, 0, 0, 0, 0, 1, 0, 0, 1, 0, 1, 1, 0, 0, 0, 1, 0, 0, 0, 0, 0, 0, 0, 1, 1, 0, 0, 1, 0, 0, 0, 1, 0, 1, 0, 0, 0, 0, 0, 0, 0, 0, 0, 0, 0, 0, 0, 0, 0, 0, 1, 0, 1, 0, 0, 0, 1, 0, 0, 0, 0, 0, 0, 0, 0, 0, 0, 0, 0, 0, 0, 1, 0, 1, 0, 0, 0, 0, 0, 0, 0, 0, 1, 0, 0, 0, 1, 0, 0, 0, 0, 0, 0, 0, 0, 0, 0, 0, 0, 0, 0, 0, 1, 0, 0, 0, 0, 0, 0, 0, 0, 0, 0, 0, 0, 0, 0, 0, 0, 0, 0, 1, 0, 0]

BESTLPTWO=(60, 400, 0.14999999999999999)
LISTLPTWO=[0, 0, 0, 0, 0, 0, 0, 1, 0, 0, 0, 0, 0, 0, 0, 0, 0, 0, 0, 0, 0, 0, 0, 0, 0, 0, 1, 0, 0, 0, 0, 0, 1, 0, 0, 0, 0, 1, 0, 0, 0, 0, 0, 0, 0, 0, 0, 0, 0, 0, 0, 0, 0, 0, 0, 0, 0, 0, 0, 0, 0, 0, 1, 0, 1, 0, 0, 0, 0, 0, 0, 0, 0, 0, 0, 0, 0, 0, 0, 1, 0, 0, 0, 0, 0, 0, 0, 0, 0, 0, 0, 0, 1, 1, 0, 0, 1, 0, 0, 0, 0, 0, 0, 0, 0, 0, 0, 0, 0, 0, 0, 0, 0, 0, 0, 0, 1, 0, 0, 1, 0, 0, 0, 0, 0, 0, 0, 0, 0, 0, 0, 1, 0, 1, 0, 0, 0, 1, 0, 1, 0, 0, 0, 0, 1, 0, 0, 0, 0, 0, 0, 1, 0, 0, 1, 1, 0, 0, 0, 0, 1, 0, 0, 0, 0, 0, 0, 1, 1, 0, 0, 0, 0, 0, 0, 0, 0, 0, 0, 1, 0, 0, 0, 1, 0, 0, 0, 1, 1, 0, 1, 0, 0, 0, 0, 0, 0, 0, 0, 0, 0, 1, 0, 0, 1, 0, 0, 0, 0, 0, 0, 0, 0, 1, 1, 0, 0, 0, 0, 0, 0, 0, 0, 1, 1, 0, 0, 0, 0, 0, 0, 0, 1, 0, 0, 1, 0, 0, 1, 0, 0, 0, 0, 0, 0, 0, 0, 0, 0, 1, 0, 0, 0, 0, 0, 1, 0, 0, 0, 0, 1, 0, 0, 0, 0, 0, 0, 1, 0, 0, 0, 1, 0, 0, 0, 0, 0, 0, 0, 0, 0, 1, 0, 0, 0, 0, 0, 0, 1, 0, 0, 0, 0, 0, 0, 1, 1, 0, 1, 1, 1, 1, 0, 0, 1, 0, 0, 0, 0, 1, 0, 1, 0, 0, 0, 0, 0, 0, 0, 0, 0, 1, 0, 0, 0, 0, 0, 0, 0, 0, 0, 0, 0, 0, 1, 0, 0, 0, 0, 0, 1, 0, 0, 0, 0, 0, 0, 0, 0, 1, 0, 0, 0, 0, 0, 0, 0, 0, 0, 0, 0, 0, 0, 0, 0, 0, 0, 0, 0, 0, 0, 1, 0, 0, 0, 0, 0, 0, 0, 0, 0, 0, 0, 0, 0, 0, 0, 0, 0, 0, 0, 0, 0, 1, 0, 0, 0, 1, 0, 0]

BESTFULLDTWONE=(198, 400, 0.495)
LISTFULLDTWONE=[0, 1, 0, 1, 1, 0, 1, 0, 1, 0, 0, 0, 0, 1, 0, 0, 1, 0, 1, 0, 1, 1, 1, 1, 0, 0, 0, 1, 1, 1, 0, 1, 0, 1, 0, 0, 1, 0, 1, 0, 0, 1, 1, 0, 1, 1, 1, 0, 1, 1, 0, 1, 1, 0, 0, 1, 1, 1, 0, 1, 1, 1, 1, 1, 1, 0, 1, 0, 0, 0, 1, 1, 1, 1, 0, 0, 0, 0, 0, 0, 0, 0, 1, 0, 0, 1, 1, 1, 1, 1, 0, 0, 1, 0, 1, 0, 0, 0, 0, 0, 1, 1, 0, 1, 1, 0, 0, 0, 1, 0, 1, 1, 1, 0, 1, 0, 0, 0, 0, 0, 0, 0, 0, 0, 1, 0, 0, 1, 0, 1, 0, 1, 0, 1, 1, 1, 0, 1, 0, 1, 0, 0, 0, 1, 1, 0, 1, 0, 0, 1, 1, 1, 0, 1, 1, 1, 0, 1, 1, 1, 0, 0, 0, 1, 0, 1, 0, 0, 0, 1, 1, 1, 0, 0, 0, 1, 0, 1, 0, 1, 1, 0, 0, 1, 1, 1, 0, 0, 0, 1, 0, 1, 0, 0, 1, 1, 0, 1, 1, 1, 1, 1, 1, 0, 0, 0, 0, 1, 0, 1, 1, 0, 0, 0, 1, 0, 0, 1, 1, 1, 1, 1, 0, 1, 1, 1, 0, 1, 0, 0, 1, 1, 0, 0, 0, 1, 1, 1, 1, 1, 1, 0, 0, 1, 1, 1, 0, 1, 1, 1, 0, 1, 1, 1, 1, 1, 0, 0, 0, 0, 0, 0, 0, 1, 0, 0, 0, 1, 0, 1, 0, 1, 0, 0, 0, 0, 1, 1, 0, 1, 1, 1, 0, 0, 1, 0, 0, 0, 0, 0, 0, 1, 0, 1, 0, 0, 0, 0, 1, 1, 1, 1, 0, 1, 0, 1, 0, 1, 1, 1, 0, 0, 1, 0, 1, 0, 0, 0, 0, 0, 1, 0, 1, 1, 0, 0, 1, 0, 0, 0, 0, 0, 1, 0, 0, 0, 0, 1, 0, 1, 0, 1, 0, 1, 0, 0, 0, 1, 0, 1, 0, 0, 0, 1, 1, 1, 1, 1, 0, 1, 0, 0, 1, 1, 0, 1, 1, 1, 1, 0, 1, 0, 1, 0, 1, 1, 1, 1, 0, 0, 1, 1, 0, 0, 1, 1, 0, 0, 1, 1, 0, 1, 0, 1, 1, 0, 0, 1, 1, 1]

BESTFULLDTWTWO=(193, 400, 0.48249999999999998)
LISTFULLDTWTWO=[1, 1, 1, 1, 0, 0, 0, 1, 0, 0, 1, 0, 0, 0, 1, 0, 1, 0, 1, 0, 1, 1, 1, 0, 0, 0, 1, 0, 0, 0, 0, 0, 1, 0, 0, 1, 1, 0, 1, 0, 1, 0, 1, 0, 0, 0, 1, 1, 0, 0, 0, 1, 0, 1, 0, 0, 1, 1, 0, 1, 0, 0, 1, 1, 0, 0, 0, 0, 0, 0, 0, 0, 0, 1, 0, 1, 0, 1, 1, 1, 0, 1, 1, 0, 0, 0, 0, 1, 0, 0, 0, 0, 0, 1, 0, 1, 1, 0, 1, 1, 0, 1, 0, 0, 0, 1, 1, 1, 1, 1, 1, 0, 0, 0, 1, 0, 1, 0, 0, 1, 1, 1, 0, 1, 1, 0, 0, 0, 1, 1, 1, 1, 0, 0, 0, 1, 1, 1, 0, 1, 0, 0, 1, 1, 1, 0, 0, 0, 0, 0, 0, 0, 0, 1, 1, 1, 0, 0, 0, 1, 1, 0, 0, 1, 0, 1, 0, 1, 1, 1, 1, 0, 1, 0, 0, 0, 0, 0, 1, 1, 0, 1, 1, 1, 0, 0, 0, 1, 1, 0, 0, 1, 1, 1, 1, 0, 0, 0, 1, 1, 0, 1, 0, 0, 1, 0, 0, 0, 0, 0, 0, 0, 1, 1, 1, 0, 0, 0, 0, 1, 0, 0, 0, 1, 1, 0, 0, 1, 1, 1, 0, 0, 1, 0, 0, 1, 1, 1, 1, 1, 1, 0, 1, 1, 1, 1, 1, 0, 1, 1, 1, 1, 1, 0, 1, 1, 1, 1, 0, 1, 1, 0, 1, 0, 1, 0, 1, 1, 0, 0, 0, 1, 1, 1, 1, 0, 0, 1, 1, 1, 0, 1, 1, 0, 0, 1, 0, 1, 1, 0, 0, 0, 1, 0, 1, 1, 1, 1, 1, 0, 0, 1, 0, 0, 0, 1, 1, 0, 1, 0, 1, 1, 0, 0, 0, 1, 0, 0, 1, 0, 1, 1, 1, 0, 0, 0, 1, 1, 0, 1, 1, 0, 0, 1, 1, 0, 0, 0, 0, 0, 1, 0, 1, 0, 0, 1, 0, 1, 0, 1, 1, 1, 1, 0, 1, 1, 1, 0, 1, 0, 0, 1, 1, 0, 1, 1, 0, 1, 1, 1, 1, 0, 1, 0, 0, 0, 0, 1, 1, 1, 1, 0, 0, 0, 1, 0, 0, 1, 0, 0, 1, 0, 0, 0, 0, 0, 0, 1, 0, 0]

BESTCONSDTWONE=(51, 400, 0.1275)
LISTCONSDTWONE=[0, 0, 0, 1, 0, 0, 0, 0, 0, 0, 0, 0, 0, 0, 0, 0, 1, 1, 0, 0, 1, 0, 0, 0, 0, 0, 0, 0, 0, 0, 0, 0, 0, 1, 0, 0, 0, 0, 0, 0, 0, 0, 0, 0, 0, 1, 0, 0, 0, 0, 0, 1, 1, 0, 0, 0, 0, 0, 0, 1, 0, 1, 0, 1, 0, 0, 0, 0, 0, 0, 0, 1, 0, 0, 0, 0, 0, 0, 0, 0, 0, 0, 0, 0, 0, 0, 0, 0, 0, 0, 0, 0, 1, 0, 1, 0, 0, 0, 0, 0, 0, 1, 0, 0, 0, 0, 0, 0, 0, 0, 0, 0, 0, 0, 0, 0, 0, 0, 1, 0, 0, 0, 0, 0, 0, 0, 0, 0, 0, 0, 0, 0, 0, 0, 0, 0, 0, 0, 0, 1, 0, 0, 0, 0, 0, 0, 0, 0, 0, 1, 0, 1, 0, 0, 1, 1, 0, 1, 1, 1, 0, 0, 0, 0, 0, 1, 0, 0, 0, 0, 1, 0, 0, 0, 0, 0, 0, 1, 0, 0, 0, 0, 0, 0, 0, 0, 0, 0, 0, 0, 0, 0, 0, 0, 0, 0, 0, 1, 0, 0, 0, 1, 0, 0, 1, 0, 0, 0, 0, 0, 0, 0, 0, 0, 0, 0, 0, 1, 1, 0, 0, 1, 0, 0, 0, 0, 0, 0, 0, 0, 0, 0, 0, 0, 0, 0, 0, 0, 0, 0, 0, 0, 0, 1, 0, 0, 0, 1, 1, 0, 0, 0, 0, 0, 0, 0, 0, 0, 0, 0, 0, 1, 0, 0, 0, 0, 0, 0, 0, 0, 0, 0, 0, 0, 0, 0, 1, 0, 0, 0, 0, 1, 0, 0, 1, 0, 0, 0, 0, 0, 0, 1, 0, 0, 0, 0, 0, 0, 0, 1, 1, 0, 0, 0, 0, 0, 0, 1, 0, 0, 0, 0, 0, 0, 0, 0, 0, 0, 0, 0, 0, 0, 0, 0, 0, 0, 1, 0, 1, 0, 0, 0, 1, 0, 0, 0, 0, 0, 0, 0, 0, 0, 0, 0, 0, 0, 0, 1, 0, 0, 0, 0, 0, 0, 0, 0, 0, 0, 0, 0, 0, 0, 1, 0, 0, 0, 0, 0, 0, 0, 0, 0, 0, 0, 0, 0, 0, 0, 0, 0, 0, 0, 0, 0, 0, 0, 0, 0, 0, 0, 0, 0, 0, 0, 0, 0, 0, 1, 1, 0]

BESTCONSDTWTWO=(45, 400, 0.1125)
LISTCONSDTWTWO=[0, 0, 0, 0, 0, 0, 0, 1, 0, 0, 0, 0, 0, 0, 0, 0, 0, 0, 0, 0, 0, 0, 0, 0, 0, 0, 1, 0, 0, 0, 0, 0, 1, 0, 0, 0, 1, 0, 0, 0, 0, 0, 0, 0, 0, 0, 0, 0, 0, 0, 0, 0, 0, 0, 0, 0, 1, 0, 0, 0, 0, 0, 1, 0, 0, 0, 0, 0, 0, 0, 0, 0, 0, 0, 0, 0, 0, 0, 0, 1, 0, 0, 0, 0, 0, 0, 0, 0, 0, 0, 0, 0, 1, 1, 0, 0, 1, 0, 0, 0, 0, 0, 0, 0, 0, 0, 0, 0, 0, 0, 0, 0, 0, 0, 1, 0, 1, 0, 0, 1, 0, 0, 0, 0, 0, 0, 0, 0, 0, 0, 1, 1, 0, 0, 0, 0, 0, 1, 0, 0, 0, 0, 0, 0, 0, 0, 0, 0, 0, 0, 0, 0, 0, 0, 0, 1, 0, 0, 0, 0, 1, 0, 0, 0, 0, 0, 0, 0, 1, 0, 0, 0, 0, 0, 0, 0, 0, 0, 0, 1, 0, 0, 0, 1, 0, 0, 0, 1, 0, 0, 0, 0, 0, 0, 0, 0, 0, 0, 0, 0, 0, 0, 0, 0, 1, 0, 0, 0, 0, 0, 0, 0, 0, 1, 1, 0, 0, 0, 0, 1, 0, 0, 0, 1, 0, 0, 0, 0, 0, 0, 0, 0, 1, 0, 0, 1, 0, 1, 0, 0, 0, 0, 0, 0, 0, 0, 0, 0, 0, 1, 0, 0, 0, 0, 0, 0, 0, 0, 0, 0, 0, 0, 0, 0, 0, 0, 0, 1, 0, 0, 0, 1, 0, 1, 0, 0, 0, 0, 0, 0, 0, 0, 0, 0, 0, 0, 0, 0, 1, 0, 0, 0, 0, 0, 0, 1, 1, 0, 1, 1, 0, 0, 0, 0, 1, 0, 0, 0, 0, 0, 0, 1, 0, 0, 0, 0, 0, 0, 0, 0, 0, 1, 0, 0, 0, 0, 0, 0, 0, 0, 0, 0, 0, 0, 0, 0, 0, 0, 0, 0, 1, 0, 0, 0, 0, 0, 0, 0, 0, 1, 0, 0, 0, 0, 0, 0, 0, 0, 0, 0, 0, 0, 0, 0, 0, 0, 0, 0, 0, 0, 0, 1, 0, 0, 0, 0, 0, 0, 0, 0, 0, 0, 0, 0, 0, 0, 0, 0, 0, 0, 0, 0, 0, 0, 0, 0, 0, 0, 0, 0]

BESTGEMONE=(5, 400, 0.012500000000000001)
LISTGEMONE=[0, 0, 0, 0, 0, 0, 0, 0, 0, 0, 0, 0, 0, 0, 0, 0, 0, 0, 0, 0, 0, 0, 0, 0, 0, 0, 0, 0, 0, 0, 0, 0, 0, 0, 0, 0, 0, 0, 0, 0, 0, 0, 0, 0, 0, 0, 0, 0, 0, 0, 0, 0, 0, 0, 0, 0, 0, 0, 0, 0, 0, 0, 0, 1, 0, 0, 0, 0, 0, 0, 0, 0, 0, 0, 0, 0, 0, 0, 0, 0, 0, 0, 0, 0, 0, 0, 0, 0, 0, 0, 0, 0, 0, 0, 0, 0, 0, 0, 0, 0, 0, 0, 0, 0, 0, 0, 0, 0, 0, 0, 0, 0, 0, 0, 0, 0, 0, 0, 0, 0, 0, 0, 0, 0, 0, 0, 0, 0, 0, 0, 0, 0, 0, 0, 0, 0, 0, 0, 0, 1, 0, 0, 0, 0, 0, 0, 0, 0, 0, 0, 0, 0, 0, 0, 0, 0, 0, 0, 1, 1, 0, 0, 0, 0, 0, 0, 0, 0, 0, 0, 0, 0, 0, 0, 0, 0, 0, 0, 0, 0, 0, 0, 0, 0, 0, 0, 0, 0, 0, 0, 0, 0, 0, 0, 0, 0, 0, 0, 0, 0, 0, 0, 0, 0, 0, 0, 0, 0, 0, 0, 0, 0, 0, 0, 0, 0, 0, 0, 0, 0, 0, 0, 0, 0, 0, 0, 0, 0, 0, 0, 0, 0, 0, 0, 0, 0, 0, 0, 0, 0, 0, 0, 0, 0, 0, 0, 0, 1, 0, 0, 0, 0, 0, 0, 0, 0, 0, 0, 0, 0, 0, 0, 0, 0, 0, 0, 0, 0, 0, 0, 0, 0, 0, 0, 0, 0, 0, 0, 0, 0, 0, 0, 0, 0, 0, 0, 0, 0, 0, 0, 0, 0, 0, 0, 0, 0, 0, 0, 0, 0, 0, 0, 0, 0, 0, 0, 0, 0, 0, 0, 0, 0, 0, 0, 0, 0, 0, 0, 0, 0, 0, 0, 0, 0, 0, 0, 0, 0, 0, 0, 0, 0, 0, 0, 0, 0, 0, 0, 0, 0, 0, 0, 0, 0, 0, 0, 0, 0, 0, 0, 0, 0, 0, 0, 0, 0, 0, 0, 0, 0, 0, 0, 0, 0, 0, 0, 0, 0, 0, 0, 0, 0, 0, 0, 0, 0, 0, 0, 0, 0, 0, 0, 0, 0, 0, 0, 0, 0, 0, 0, 0, 0, 0, 0, 0, 0, 0, 0, 0, 0]

BESTGEMTWO=(5, 400, 0.012500000000000001)
LISTGEMTWO=[0, 0, 0, 1, 0, 0, 0, 0, 0, 0, 0, 0, 0, 0, 0, 0, 0, 0, 0, 0, 0, 0, 0, 0, 0, 0, 0, 0, 0, 0, 0, 0, 0, 0, 0, 0, 0, 0, 0, 0, 0, 0, 0, 0, 0, 0, 0, 0, 0, 0, 0, 0, 0, 0, 0, 0, 0, 0, 0, 0, 0, 0, 0, 0, 0, 0, 0, 0, 0, 0, 0, 0, 0, 0, 0, 0, 0, 1, 0, 0, 0, 0, 0, 0, 0, 0, 0, 0, 0, 0, 0, 0, 0, 0, 0, 0, 0, 0, 0, 0, 0, 0, 0, 0, 0, 0, 0, 0, 0, 0, 0, 0, 0, 0, 0, 0, 0, 0, 0, 0, 0, 0, 0, 0, 0, 0, 0, 0, 0, 0, 0, 0, 0, 0, 0, 0, 0, 0, 0, 0, 0, 0, 0, 0, 0, 0, 0, 0, 0, 0, 0, 0, 0, 0, 0, 0, 0, 0, 0, 0, 0, 0, 0, 0, 0, 0, 0, 0, 0, 0, 0, 0, 0, 0, 0, 0, 1, 0, 0, 0, 0, 0, 0, 0, 0, 0, 0, 0, 0, 0, 0, 0, 0, 0, 0, 0, 0, 0, 0, 0, 0, 0, 0, 0, 0, 0, 0, 0, 0, 0, 0, 0, 0, 0, 0, 0, 0, 0, 0, 0, 0, 0, 0, 0, 0, 0, 0, 0, 0, 0, 0, 0, 0, 0, 0, 0, 0, 0, 0, 0, 0, 0, 0, 0, 0, 0, 0, 0, 0, 0, 0, 0, 0, 0, 0, 0, 0, 0, 0, 0, 0, 0, 0, 0, 0, 0, 0, 0, 0, 0, 0, 0, 0, 0, 0, 0, 0, 0, 0, 0, 0, 0, 0, 0, 0, 0, 0, 0, 0, 0, 0, 0, 0, 0, 0, 0, 1, 0, 0, 0, 0, 0, 0, 0, 0, 0, 0, 0, 1, 0, 0, 0, 0, 0, 0, 0, 0, 0, 0, 0, 0, 0, 0, 0, 0, 0, 0, 0, 0, 0, 0, 0, 0, 0, 0, 0, 0, 0, 0, 0, 0, 0, 0, 0, 0, 0, 0, 0, 0, 0, 0, 0, 0, 0, 0, 0, 0, 0, 0, 0, 0, 0, 0, 0, 0, 0, 0, 0, 0, 0, 0, 0, 0, 0, 0, 0, 0, 0, 0, 0, 0, 0, 0, 0, 0, 0, 0, 0, 0, 0, 0, 0, 0, 0, 0, 0, 0, 0, 0, 0]

