# indices of halve split with split for parameters)
INDEXONE=[211, 16, 564, 91, 342, 122, 724, 781, 519, 259, 284, 453, 39, 889, 103, 18, 985, 124, 408, 237, 628, 586, 560, 24, 533, 644, 845, 748, 380, 44, 30, 569, 412, 602, 60, 906, 300, 77, 17, 729, 228, 54, 335, 704, 68, 325, 334, 744, 444, 944, 32, 609, 279, 47, 576, 843, 764, 865, 370, 811, 921, 934, 660, 804, 976, 706, 189, 143, 675, 989, 657, 150, 437, 716, 562, 771, 765, 410, 635, 655, 210, 372, 159, 362, 945, 509, 673, 445, 923, 551, 911, 27, 81, 735, 295, 987, 441, 684, 582, 503, 981, 829, 634, 97, 836, 621, 322, 672, 141, 612, 692, 446, 607, 352, 461, 848, 170, 529, 662, 409, 837, 281, 913, 787, 825, 109, 782, 990, 713, 271, 707, 648, 130, 647, 927, 878, 199, 658, 561, 506, 25, 99, 613, 4, 888, 41, 425, 106, 80, 471, 3, 815, 901, 152, 977, 324, 146, 745, 90, 627, 194, 851, 494, 785, 788, 37, 87, 618, 590, 550, 131, 900, 254, 368, 546, 323, 363, 196, 449, 34, 191, 14, 21, 606, 774, 872, 780, 801, 874, 89, 591, 831, 957, 287, 6, 100, 961, 181, 283, 480, 775, 975, 895, 337, 11, 679, 192, 176, 321, 743, 828, 70, 777, 174, 498, 448, 742, 953, 415, 887, 433, 819, 418, 20, 958, 583, 835, 814, 935, 854, 730, 954, 907, 257, 294, 151, 750, 784, 367, 384, 221, 705, 351, 813, 594, 288, 327, 757, 570, 721, 94, 71, 926, 260, 258, 178, 126, 740, 641, 394, 795, 459, 732, 964, 616, 578, 920, 112, 983, 478, 466, 195, 485, 997, 454, 392, 197, 184, 715, 439, 678, 949, 383, 464, 265, 218, 458, 373, 165, 821, 411, 145, 289, 525, 690, 868, 88, 277, 880, 574, 476, 948, 42, 173, 107, 252, 134, 359, 50, 233, 268, 402, 993, 36, 397, 273, 543, 681, 789, 341, 875, 969, 431, 313, 414, 51, 903, 180, 365, 442, 493, 947, 223, 589, 687, 614, 38, 649, 699, 379, 123, 256, 661, 855, 512, 207, 490, 792, 565, 863, 838, 396, 73, 250, 728, 755, 741, 13, 910, 941, 668, 544, 798, 597, 930, 518, 861, 568, 517, 175, 475, 754, 671, 822, 479, 308, 138, 516, 63, 567, 601, 185, 84, 422, 147, 783, 691, 231, 499, 922, 361, 535, 502, 302, 908, 406, 139, 74, 166, 487]
INDEXLPONE=[2, 879, 57, 496, 611, 45, 200, 665, 603, 299, 213, 65, 450, 128, 98, 856, 148, 697, 10, 916, 514, 834, 249, 504, 580, 255, 369, 376, 132, 316, 994, 712, 723, 280, 558, 767, 520, 451, 768, 604, 761, 421, 393, 343, 840, 799, 120, 346, 999, 912, 826, 116, 345, 666, 563, 736, 996, 548, 527, 304, 968, 164, 794, 309, 542, 269, 841, 807, 429, 862, 72, 572, 608, 844, 267, 962, 462, 193, 857, 600, 584, 251, 650, 884, 793, 482, 914, 311, 330, 246, 62, 489, 40, 495, 398, 111, 344, 55, 917, 759]
INDEXTWO=[432, 149, 236, 481, 670, 385, 951, 893, 340, 803, 127, 776, 701, 805, 858, 636, 588, 389, 53, 229, 35, 667, 622, 314, 7, 537, 683, 318, 310, 686, 301, 404, 708, 852, 532, 995, 521, 86, 942, 61, 452, 511, 630, 188, 162, 242, 700, 531, 915, 357, 867, 806, 96, 244, 113, 886, 988, 426, 769, 817, 416, 966, 823, 163, 391, 796, 791, 286, 505, 264, 282, 943, 293, 206, 232, 909, 753, 919, 400, 978, 839, 157, 940, 654, 491, 866, 832, 339, 726, 377, 401, 447, 883, 156, 386, 179, 664, 663, 78, 652, 890, 904, 779, 92, 694, 319, 643, 484, 695, 198, 104, 524, 711, 620, 982, 850, 438, 936, 133, 118, 646, 541, 407, 937, 5, 278, 680, 315, 115, 734, 587, 820, 849, 333, 208, 718, 585, 8, 222, 557, 468, 262, 539, 515, 528, 239, 553, 894, 272, 984, 457, 419, 810, 79, 676, 59, 773, 430, 202, 183, 320, 177, 897, 605, 168, 201, 82, 998, 158, 85, 703, 153, 154, 642, 405, 633, 991, 522, 598, 547, 946, 725, 381, 540, 746, 303, 117, 619, 710, 637, 508, 738, 971, 353, 29, 435, 523, 142, 891, 833, 285, 737, 67, 778, 483, 338, 375, 298, 248, 812, 263, 473, 305, 19, 818, 121, 545, 136, 43, 714, 596, 965, 625, 963, 555, 938, 973, 902, 877, 871, 226, 470, 291, 698, 623, 33, 685, 0, 135, 465, 808, 358, 925, 974, 225, 326, 513, 190, 960, 797, 860, 243, 266, 786, 873, 48, 204, 102, 66, 809, 22, 959, 463, 510, 332, 350, 752, 253, 727, 467, 853, 656, 864, 469, 882, 161, 374, 599, 876, 870, 64, 420, 722, 859, 669, 203, 526, 624, 824, 898, 929, 992, 224, 209, 688, 924, 497, 306, 682, 169, 659, 366, 573, 354, 939, 413, 230, 46, 500, 240, 399, 626, 247, 455, 205, 371, 108, 219, 290, 1, 328, 507, 928, 552, 403, 536, 261, 751, 388, 144, 440, 842, 640, 186, 52, 355, 245, 772, 986, 434, 790, 575, 182, 492, 979, 717, 980, 58, 443, 653, 360, 49, 312, 720, 137, 631, 486, 275, 933, 395, 739, 972, 129, 696, 214, 274, 12, 632, 892, 234, 830, 477, 952, 970, 472, 187, 238, 956, 896, 733, 417, 347, 629, 760, 241, 762, 296, 571, 436, 534, 577, 125, 918, 763, 56, 950, 501, 638, 348, 382]
INDEXLPTWO=[932, 216, 119, 390, 227, 155, 593, 827, 297, 639, 549, 674, 579, 317, 427, 276, 802, 816, 26, 114, 651, 885, 766, 160, 349, 215, 955, 105, 559, 538, 719, 967, 329, 93, 846, 28, 847, 387, 331, 292, 645, 530, 83, 474, 460, 95, 212, 428, 556, 15, 677, 171, 756, 23, 424, 617, 581, 566, 747, 693, 167, 881, 488, 270, 758, 899, 869, 709, 336, 76, 905, 595, 75, 592, 140, 110, 235, 931, 307, 378, 9, 800, 702, 749, 31, 356, 423, 456, 364, 689, 217, 610, 770, 101, 554, 615, 220, 731, 69, 172]

# learned parameters for cdtw and gem
# dtw ((error, size, error/size), (window, sqr))
# gem ((error, size, error/size), (St0, St1, E, sym, sqr))
BESTLEARNCONSDTWONE=((8, 100, 0.080000000000000002), (0.01, True))
LISTLEARNCONSDTWONE=[((8, 100, 0.080000000000000002), (0.01, True)), ((11, 100, 0.11), (0.02, True)), ((15, 100, 0.14999999999999999), (0.0, True)), ((17, 100, 0.17000000000000001), (0.029999999999999999, True)), ((21, 100, 0.20999999999999999), (0.040000000000000001, True)), ((24, 100, 0.23999999999999999), (0.050000000000000003, True)), ((26, 100, 0.26000000000000001), (0.059999999999999998, True)), ((31, 100, 0.31), (0.070000000000000007, True)), ((33, 100, 0.33000000000000002), (0.080000000000000002, True)), ((33, 100, 0.33000000000000002), (0.089999999999999997, True)), ((34, 100, 0.34000000000000002), (0.10000000000000001, True)), ((36, 100, 0.35999999999999999), (0.11, True)), ((38, 100, 0.38), (0.12, True)), ((39, 100, 0.39000000000000001), (0.13, True)), ((40, 100, 0.40000000000000002), (0.14000000000000001, True)), ((41, 100, 0.40999999999999998), (0.14999999999999999, True)), ((41, 100, 0.40999999999999998), (0.16, True)), ((41, 100, 0.40999999999999998), (0.17000000000000001, True)), ((41, 100, 0.40999999999999998), (0.17999999999999999, True)), ((41, 100, 0.40999999999999998), (0.19, True)), ((41, 100, 0.40999999999999998), (0.20000000000000001, True))]

BESTLEARNGEMONE=((2, 100, 0.02), (2, 2, 0.0625, True, True))
LISTLEARNGEMONE=[((2, 100, 0.02), (2, 2, 0.015625, True, True)), ((2, 100, 0.02), (2, 2, 0.03125, True, True)), ((2, 100, 0.02), (2, 2, 0.0625, True, True)), ((2, 100, 0.02), (2, 2, 0.125, True, True)), ((3, 100, 0.029999999999999999), (2, 2, 0.25, True, True)), ((4, 100, 0.040000000000000001), (2, 1, 0.03125, True, True)), ((4, 100, 0.040000000000000001), (2, 1, 0.0625, True, True)), ((5, 100, 0.050000000000000003), (2, 1, 0.0078125, True, True)), ((5, 100, 0.050000000000000003), (2, 1, 0.015625, True, True)), ((5, 100, 0.050000000000000003), (2, 2, 0.0078125, True, True)), ((13, 100, 0.13), (2, 1, 0.125, True, True)), ((14, 100, 0.14000000000000001), (2, 1, 0.00390625, True, True)), ((15, 100, 0.14999999999999999), (1, 1, 0.0078125, True, True)), ((15, 100, 0.14999999999999999), (1, 2, 0.0078125, True, True)), ((16, 100, 0.16), (1, 1, 0.015625, True, True)), ((16, 100, 0.16), (1, 2, 0.015625, True, True)), ((20, 100, 0.20000000000000001), (1, 1, 0.03125, True, True)), ((20, 100, 0.20000000000000001), (1, 2, 0.03125, True, True)), ((20, 100, 0.20000000000000001), (2, 2, 0.00390625, True, True)), ((21, 100, 0.20999999999999999), (1, 1, 0.00390625, True, True)), ((21, 100, 0.20999999999999999), (1, 2, 0.00390625, True, True)), ((25, 100, 0.25), (2, 2, 0.5, True, True)), ((29, 100, 0.28999999999999998), (1, 1, 0.0625, True, True)), ((29, 100, 0.28999999999999998), (1, 2, 0.0625, True, True)), ((34, 100, 0.34000000000000002), (1, 1, 0.125, True, True)), ((34, 100, 0.34000000000000002), (1, 2, 0.125, True, True)), ((44, 100, 0.44), (2, 1, 0.25, True, True)), ((50, 100, 0.5), (2, 2, 0, True, True)), ((51, 100, 0.51000000000000001), (1, 1, 0.25, True, True)), ((51, 100, 0.51000000000000001), (1, 2, 0.25, True, True)), ((57, 100, 0.56999999999999995), (2, 1, 0, True, True)), ((73, 100, 0.72999999999999998), (1, 1, 0.5, True, True)), ((73, 100, 0.72999999999999998), (1, 2, 0.5, True, True)), ((79, 100, 0.79000000000000004), (1, 1, 0, True, True)), ((79, 100, 0.79000000000000004), (1, 2, 0, True, True)), ((81, 100, 0.81000000000000005), (2, 1, 0.5, True, True))]

BESTLEARNCONSDTWTWO=((9, 100, 0.089999999999999997), (0.01, True))
LISTLEARNCONSDTWTWO=[((9, 100, 0.089999999999999997), (0.01, True)), ((10, 100, 0.10000000000000001), (0.0, True)), ((12, 100, 0.12), (0.02, True)), ((18, 100, 0.17999999999999999), (0.029999999999999999, True)), ((25, 100, 0.25), (0.040000000000000001, True)), ((30, 100, 0.29999999999999999), (0.050000000000000003, True)), ((33, 100, 0.33000000000000002), (0.059999999999999998, True)), ((33, 100, 0.33000000000000002), (0.070000000000000007, True)), ((35, 100, 0.34999999999999998), (0.080000000000000002, True)), ((37, 100, 0.37), (0.089999999999999997, True)), ((37, 100, 0.37), (0.10000000000000001, True)), ((40, 100, 0.40000000000000002), (0.11, True)), ((40, 100, 0.40000000000000002), (0.12, True)), ((40, 100, 0.40000000000000002), (0.13, True)), ((41, 100, 0.40999999999999998), (0.14000000000000001, True)), ((41, 100, 0.40999999999999998), (0.14999999999999999, True)), ((41, 100, 0.40999999999999998), (0.16, True)), ((41, 100, 0.40999999999999998), (0.17000000000000001, True)), ((41, 100, 0.40999999999999998), (0.17999999999999999, True)), ((41, 100, 0.40999999999999998), (0.19, True)), ((41, 100, 0.40999999999999998), (0.20000000000000001, True))]

BESTLEARNGEMTWO=((1, 100, 0.01), (2, 2, 0.0625, True, True))
LISTLEARNGEMTWO=[((1, 100, 0.01), (2, 2, 0.015625, True, True)), ((1, 100, 0.01), (2, 2, 0.03125, True, True)), ((1, 100, 0.01), (2, 2, 0.0625, True, True)), ((1, 100, 0.01), (2, 2, 0.125, True, True)), ((3, 100, 0.029999999999999999), (2, 2, 0.25, True, True)), ((5, 100, 0.050000000000000003), (2, 1, 0.015625, True, True)), ((5, 100, 0.050000000000000003), (2, 1, 0.03125, True, True)), ((6, 100, 0.059999999999999998), (2, 2, 0.0078125, True, True)), ((7, 100, 0.070000000000000007), (2, 1, 0.0078125, True, True)), ((7, 100, 0.070000000000000007), (2, 1, 0.0625, True, True)), ((11, 100, 0.11), (1, 1, 0.015625, True, True)), ((11, 100, 0.11), (1, 2, 0.015625, True, True)), ((12, 100, 0.12), (1, 1, 0.0078125, True, True)), ((12, 100, 0.12), (1, 2, 0.0078125, True, True)), ((16, 100, 0.16), (1, 1, 0.03125, True, True)), ((16, 100, 0.16), (1, 2, 0.03125, True, True)), ((17, 100, 0.17000000000000001), (2, 1, 0.125, True, True)), ((20, 100, 0.20000000000000001), (1, 1, 0.00390625, True, True)), ((20, 100, 0.20000000000000001), (1, 2, 0.00390625, True, True)), ((22, 100, 0.22), (2, 2, 0.00390625, True, True)), ((23, 100, 0.23000000000000001), (2, 1, 0.00390625, True, True)), ((24, 100, 0.23999999999999999), (1, 1, 0.0625, True, True)), ((24, 100, 0.23999999999999999), (1, 2, 0.0625, True, True)), ((24, 100, 0.23999999999999999), (2, 2, 0.5, True, True)), ((30, 100, 0.29999999999999999), (1, 1, 0.125, True, True)), ((30, 100, 0.29999999999999999), (1, 2, 0.125, True, True)), ((40, 100, 0.40000000000000002), (1, 1, 0.25, True, True)), ((40, 100, 0.40000000000000002), (1, 2, 0.25, True, True)), ((49, 100, 0.48999999999999999), (2, 2, 0, True, True)), ((53, 100, 0.53000000000000003), (2, 1, 0.25, True, True)), ((65, 100, 0.65000000000000002), (1, 1, 0.5, True, True)), ((65, 100, 0.65000000000000002), (1, 2, 0.5, True, True)), ((66, 100, 0.66000000000000003), (2, 1, 0, True, True)), ((79, 100, 0.79000000000000004), (1, 1, 0, True, True)), ((79, 100, 0.79000000000000004), (1, 2, 0, True, True)), ((85, 100, 0.84999999999999998), (2, 1, 0.5, True, True))]


# error rates for different distance measures
# (error, size, error/size) and binary mask
BESTLPONE=(65, 400, 0.16250000000000001)
LISTLPONE=[0, 0, 0, 0, 0, 0, 1, 0, 0, 0, 0, 0, 0, 0, 0, 0, 0, 0, 1, 1, 0, 0, 0, 0, 0, 0, 0, 1, 0, 0, 0, 0, 0, 0, 0, 0, 0, 0, 1, 0, 0, 0, 0, 0, 1, 0, 0, 0, 0, 0, 0, 0, 0, 0, 0, 0, 0, 0, 0, 1, 0, 0, 1, 0, 0, 1, 0, 0, 0, 0, 0, 0, 0, 1, 0, 0, 0, 0, 0, 0, 0, 1, 0, 0, 0, 0, 0, 1, 1, 0, 1, 0, 0, 0, 0, 1, 0, 0, 1, 0, 0, 1, 0, 0, 0, 0, 0, 0, 0, 0, 0, 0, 0, 0, 0, 0, 0, 0, 0, 0, 0, 0, 1, 0, 1, 0, 0, 0, 0, 0, 0, 0, 0, 0, 0, 0, 0, 0, 0, 0, 0, 1, 0, 0, 0, 0, 0, 0, 0, 0, 0, 1, 0, 1, 0, 0, 0, 0, 0, 0, 1, 0, 0, 0, 0, 0, 0, 0, 0, 0, 0, 0, 1, 0, 0, 0, 0, 0, 0, 0, 0, 0, 1, 0, 0, 0, 0, 0, 0, 0, 0, 0, 0, 0, 0, 0, 0, 0, 0, 0, 0, 0, 0, 0, 0, 0, 0, 1, 0, 0, 0, 0, 1, 0, 0, 0, 0, 0, 0, 0, 0, 0, 0, 0, 1, 0, 0, 0, 0, 1, 0, 1, 0, 1, 0, 0, 0, 0, 1, 0, 0, 0, 0, 1, 1, 0, 0, 0, 0, 0, 0, 0, 1, 0, 0, 0, 1, 0, 0, 0, 1, 0, 0, 1, 0, 1, 1, 0, 1, 0, 0, 0, 1, 0, 0, 0, 1, 0, 1, 0, 0, 0, 0, 0, 0, 0, 0, 0, 0, 0, 0, 0, 0, 0, 0, 0, 0, 0, 1, 0, 0, 0, 1, 1, 0, 0, 0, 0, 0, 1, 1, 0, 0, 0, 1, 0, 0, 0, 0, 0, 0, 0, 0, 0, 0, 0, 0, 0, 0, 0, 1, 0, 0, 0, 1, 0, 0, 0, 1, 0, 1, 1, 1, 0, 0, 0, 0, 0, 0, 0, 0, 0, 0, 1, 0, 0, 0, 0, 0, 0, 1, 1, 0, 0, 1, 0, 0, 0, 0, 0, 0, 1, 0, 0, 1, 0, 0, 0, 0, 0, 0, 0, 0, 0, 1, 0, 0, 0, 0, 1, 0, 0, 0, 0, 0, 1, 0, 0, 0, 0]

BESTLPTWO=(50, 400, 0.125)
LISTLPTWO=[0, 0, 0, 0, 0, 0, 0, 0, 0, 0, 0, 0, 0, 0, 0, 0, 0, 0, 0, 1, 0, 0, 0, 0, 0, 0, 0, 0, 0, 0, 0, 0, 1, 1, 0, 0, 0, 0, 0, 0, 0, 0, 0, 0, 0, 0, 1, 0, 0, 0, 0, 0, 0, 1, 0, 0, 0, 0, 0, 0, 1, 0, 0, 0, 0, 0, 0, 0, 0, 0, 1, 0, 0, 0, 1, 0, 1, 0, 0, 1, 0, 1, 0, 0, 0, 0, 0, 0, 1, 0, 1, 0, 0, 0, 0, 0, 0, 0, 0, 0, 0, 0, 0, 0, 1, 0, 0, 0, 1, 0, 0, 0, 0, 0, 0, 0, 0, 0, 0, 0, 0, 0, 0, 0, 0, 0, 0, 0, 0, 0, 0, 0, 1, 0, 0, 0, 0, 0, 1, 1, 0, 0, 0, 0, 0, 1, 0, 0, 0, 0, 0, 0, 0, 0, 0, 0, 0, 0, 0, 0, 0, 0, 0, 0, 0, 0, 0, 0, 0, 0, 0, 1, 0, 0, 0, 0, 0, 0, 0, 0, 0, 0, 0, 0, 0, 0, 0, 0, 0, 0, 1, 0, 0, 0, 0, 0, 0, 0, 0, 0, 1, 0, 1, 0, 0, 0, 1, 0, 0, 0, 0, 0, 0, 0, 1, 0, 1, 0, 0, 0, 0, 0, 0, 0, 0, 0, 0, 0, 0, 0, 0, 0, 0, 0, 0, 0, 0, 0, 0, 0, 0, 0, 1, 0, 0, 0, 0, 0, 0, 0, 0, 1, 0, 1, 0, 0, 0, 0, 0, 0, 0, 1, 0, 0, 0, 1, 0, 0, 0, 0, 1, 1, 0, 0, 0, 1, 0, 0, 0, 0, 0, 1, 0, 0, 0, 0, 1, 0, 0, 0, 0, 0, 0, 0, 0, 0, 0, 0, 0, 0, 1, 0, 0, 0, 0, 0, 1, 0, 0, 1, 0, 0, 0, 0, 0, 1, 1, 0, 0, 0, 0, 0, 0, 0, 0, 0, 0, 0, 0, 1, 0, 0, 0, 0, 1, 0, 0, 0, 1, 0, 0, 0, 0, 0, 0, 1, 0, 0, 0, 0, 0, 0, 0, 0, 0, 0, 0, 0, 0, 0, 0, 0, 0, 0, 0, 0, 1, 0, 0, 0, 1, 0, 0, 1, 0, 0, 1, 0, 0, 0, 0, 0, 0, 0, 0, 0, 0, 0, 0, 0, 1, 0, 0, 0, 0, 0, 0, 0, 0, 0]

BESTFULLDTWONE=(186, 400, 0.46500000000000002)
LISTFULLDTWONE=[1, 1, 0, 0, 0, 0, 1, 1, 1, 0, 1, 1, 0, 0, 0, 1, 0, 0, 1, 0, 1, 1, 1, 1, 1, 0, 0, 1, 1, 0, 0, 1, 1, 0, 1, 0, 0, 0, 1, 0, 0, 1, 1, 0, 1, 1, 1, 1, 0, 1, 1, 0, 0, 0, 1, 0, 0, 0, 1, 1, 0, 0, 1, 0, 0, 1, 0, 0, 1, 0, 1, 0, 1, 1, 1, 0, 0, 0, 1, 1, 0, 0, 0, 1, 1, 0, 1, 1, 1, 1, 0, 0, 0, 0, 0, 0, 1, 0, 1, 0, 0, 1, 1, 0, 1, 0, 1, 1, 0, 0, 1, 1, 0, 1, 0, 1, 1, 1, 0, 0, 0, 1, 0, 0, 1, 1, 0, 0, 1, 0, 0, 1, 1, 0, 0, 1, 1, 0, 0, 0, 0, 0, 0, 0, 1, 0, 0, 0, 0, 1, 0, 0, 0, 1, 1, 1, 0, 1, 0, 1, 1, 0, 0, 0, 0, 0, 1, 0, 1, 1, 0, 0, 1, 1, 0, 1, 1, 0, 1, 0, 0, 1, 0, 1, 0, 0, 1, 1, 1, 0, 1, 0, 1, 0, 0, 1, 0, 0, 1, 0, 0, 0, 0, 1, 0, 0, 0, 1, 0, 1, 1, 0, 1, 0, 1, 1, 1, 1, 1, 0, 0, 0, 0, 0, 0, 1, 0, 1, 0, 1, 0, 1, 0, 1, 0, 0, 0, 1, 1, 1, 0, 0, 1, 1, 1, 1, 0, 0, 0, 0, 0, 0, 1, 1, 0, 0, 0, 0, 1, 1, 0, 0, 0, 1, 0, 1, 1, 0, 1, 1, 0, 0, 0, 0, 1, 0, 0, 1, 1, 1, 0, 0, 0, 0, 0, 0, 0, 0, 0, 1, 0, 0, 1, 1, 1, 0, 0, 1, 1, 1, 1, 1, 1, 1, 0, 0, 0, 0, 0, 1, 1, 0, 0, 1, 0, 0, 1, 0, 0, 1, 0, 0, 1, 1, 1, 0, 1, 0, 1, 1, 1, 0, 1, 1, 1, 0, 1, 0, 1, 0, 0, 1, 1, 0, 1, 0, 1, 1, 1, 0, 0, 0, 0, 1, 0, 1, 0, 1, 0, 1, 1, 1, 1, 0, 1, 0, 1, 1, 0, 0, 1, 1, 1, 1, 0, 1, 1, 0, 0, 1, 0, 0, 0, 1, 1, 0, 0, 0, 0, 1, 1, 1, 0, 0, 0, 1, 0, 1, 0, 1]

BESTFULLDTWTWO=(200, 400, 0.5)
LISTFULLDTWTWO=[1, 0, 1, 1, 1, 1, 1, 0, 1, 1, 1, 1, 0, 1, 1, 1, 1, 0, 1, 0, 0, 0, 1, 0, 0, 1, 0, 1, 0, 0, 1, 0, 1, 0, 1, 0, 1, 1, 1, 1, 1, 0, 0, 0, 0, 0, 1, 1, 1, 0, 1, 0, 0, 0, 0, 1, 0, 0, 0, 0, 1, 1, 1, 1, 0, 1, 1, 0, 0, 0, 1, 1, 1, 1, 1, 0, 1, 0, 1, 1, 1, 1, 1, 0, 0, 1, 0, 1, 1, 1, 1, 1, 0, 1, 0, 0, 0, 0, 0, 1, 0, 0, 1, 1, 1, 1, 0, 0, 0, 0, 1, 1, 1, 0, 0, 1, 0, 0, 1, 0, 1, 0, 0, 1, 0, 0, 0, 0, 1, 0, 1, 0, 1, 1, 0, 0, 1, 1, 1, 0, 1, 0, 1, 0, 1, 1, 0, 1, 1, 0, 0, 1, 0, 0, 0, 1, 0, 0, 0, 0, 1, 0, 0, 0, 0, 1, 0, 1, 0, 1, 1, 0, 0, 0, 0, 1, 0, 0, 0, 0, 1, 1, 1, 1, 0, 1, 0, 1, 0, 0, 1, 1, 0, 0, 0, 0, 1, 0, 1, 1, 1, 0, 1, 1, 0, 0, 0, 1, 1, 1, 0, 1, 1, 0, 1, 0, 1, 1, 0, 1, 0, 0, 1, 0, 1, 0, 1, 0, 0, 1, 0, 1, 1, 0, 1, 0, 1, 1, 0, 0, 0, 1, 1, 0, 0, 0, 0, 0, 0, 1, 1, 0, 0, 1, 0, 0, 0, 1, 1, 0, 0, 0, 0, 1, 1, 1, 0, 0, 0, 0, 1, 1, 1, 1, 1, 1, 1, 1, 0, 1, 1, 1, 0, 0, 1, 0, 1, 0, 0, 0, 0, 0, 1, 1, 0, 1, 0, 0, 0, 0, 1, 0, 1, 1, 1, 1, 1, 0, 0, 0, 1, 0, 1, 1, 1, 1, 1, 0, 1, 1, 1, 1, 1, 1, 0, 1, 1, 0, 1, 0, 1, 0, 0, 0, 0, 1, 0, 1, 0, 0, 0, 1, 0, 0, 0, 1, 0, 1, 1, 0, 1, 0, 0, 0, 1, 1, 1, 0, 0, 0, 1, 1, 0, 0, 0, 0, 1, 1, 1, 0, 1, 1, 1, 1, 1, 0, 0, 0, 1, 0, 1, 1, 1, 1, 0, 0, 0, 0, 0, 1, 1, 1, 0, 0, 1, 0, 0, 1, 1, 1]

BESTCONSDTWONE=(53, 400, 0.13250000000000001)
LISTCONSDTWONE=[0, 0, 0, 0, 0, 0, 1, 0, 0, 0, 0, 0, 0, 0, 0, 0, 0, 0, 1, 0, 0, 0, 0, 0, 0, 0, 0, 1, 0, 0, 0, 0, 0, 0, 0, 0, 0, 0, 1, 0, 0, 0, 0, 0, 0, 0, 0, 1, 0, 0, 0, 0, 0, 0, 0, 0, 0, 0, 0, 0, 0, 0, 1, 0, 0, 1, 0, 0, 0, 0, 0, 0, 0, 0, 0, 0, 0, 0, 0, 0, 0, 1, 0, 0, 0, 0, 0, 1, 0, 0, 0, 0, 0, 0, 0, 0, 0, 0, 0, 0, 0, 0, 0, 0, 0, 0, 0, 0, 0, 0, 0, 0, 0, 0, 0, 0, 0, 0, 0, 0, 0, 0, 1, 0, 1, 0, 0, 0, 0, 0, 0, 0, 1, 0, 0, 0, 0, 0, 0, 0, 0, 0, 0, 0, 0, 0, 0, 0, 0, 0, 0, 0, 0, 1, 0, 0, 0, 1, 0, 0, 1, 0, 0, 0, 0, 0, 0, 0, 0, 0, 0, 0, 1, 0, 0, 0, 0, 0, 0, 0, 0, 0, 1, 0, 0, 0, 0, 0, 0, 0, 0, 0, 0, 0, 0, 0, 0, 0, 0, 0, 0, 0, 0, 0, 0, 0, 0, 1, 0, 0, 1, 0, 1, 0, 0, 0, 0, 0, 1, 0, 0, 0, 0, 0, 1, 0, 0, 0, 0, 1, 0, 0, 0, 1, 0, 0, 0, 1, 1, 0, 0, 0, 0, 1, 1, 0, 0, 0, 0, 0, 0, 0, 0, 0, 0, 0, 0, 0, 0, 0, 0, 0, 0, 1, 0, 1, 1, 0, 1, 0, 0, 0, 0, 0, 0, 0, 1, 0, 1, 0, 0, 0, 0, 0, 0, 0, 0, 0, 0, 0, 0, 0, 0, 0, 1, 0, 0, 0, 1, 0, 0, 0, 1, 1, 0, 0, 0, 0, 0, 1, 1, 0, 0, 0, 0, 0, 0, 0, 0, 0, 0, 0, 1, 0, 0, 0, 0, 0, 0, 0, 1, 0, 0, 0, 1, 0, 0, 0, 1, 0, 0, 1, 1, 0, 1, 0, 0, 0, 0, 0, 0, 0, 0, 1, 0, 0, 0, 0, 1, 0, 0, 0, 0, 0, 1, 0, 0, 0, 0, 0, 0, 1, 0, 0, 0, 0, 0, 0, 0, 0, 0, 0, 0, 0, 1, 0, 0, 0, 0, 0, 0, 0, 0, 0, 0, 1, 0, 0, 0, 0]

BESTCONSDTWTWO=(34, 400, 0.085000000000000006)
LISTCONSDTWTWO=[0, 0, 0, 0, 0, 0, 0, 0, 0, 0, 0, 0, 0, 1, 0, 0, 0, 0, 0, 0, 0, 0, 0, 0, 0, 0, 0, 0, 0, 0, 0, 0, 0, 0, 0, 0, 0, 0, 0, 0, 0, 0, 0, 0, 0, 0, 1, 0, 1, 0, 0, 0, 0, 0, 0, 0, 0, 0, 0, 0, 1, 0, 0, 0, 0, 0, 0, 0, 0, 0, 0, 0, 0, 1, 1, 0, 0, 0, 0, 1, 0, 1, 0, 0, 0, 0, 0, 0, 1, 0, 0, 0, 0, 1, 0, 0, 0, 0, 0, 0, 0, 0, 0, 0, 1, 0, 0, 0, 0, 0, 0, 0, 0, 0, 0, 0, 0, 0, 0, 0, 0, 0, 0, 0, 0, 0, 0, 0, 0, 0, 0, 0, 1, 0, 0, 0, 0, 1, 1, 0, 0, 0, 0, 0, 0, 1, 0, 0, 0, 0, 0, 0, 0, 0, 0, 0, 0, 0, 0, 0, 0, 0, 0, 0, 0, 0, 0, 0, 0, 0, 0, 0, 0, 0, 0, 0, 0, 0, 0, 0, 0, 0, 0, 1, 0, 0, 0, 0, 0, 0, 1, 0, 0, 0, 0, 0, 0, 0, 1, 0, 0, 0, 1, 0, 0, 0, 0, 0, 0, 0, 0, 0, 0, 0, 1, 0, 0, 0, 0, 0, 0, 0, 0, 0, 0, 0, 0, 0, 0, 0, 0, 0, 0, 0, 0, 0, 0, 0, 0, 0, 0, 0, 0, 0, 0, 0, 0, 0, 0, 0, 0, 1, 0, 1, 0, 0, 0, 0, 0, 0, 0, 0, 0, 0, 0, 0, 0, 0, 0, 0, 0, 1, 0, 0, 0, 1, 0, 0, 0, 0, 0, 0, 0, 0, 0, 0, 1, 0, 0, 0, 0, 0, 0, 0, 0, 0, 0, 0, 0, 0, 0, 0, 0, 0, 0, 0, 1, 0, 0, 0, 0, 0, 0, 1, 0, 0, 1, 0, 0, 0, 0, 0, 0, 0, 0, 0, 0, 0, 0, 0, 1, 0, 0, 0, 0, 0, 0, 0, 1, 0, 0, 0, 0, 0, 0, 0, 0, 0, 0, 0, 1, 0, 0, 0, 0, 0, 0, 0, 0, 0, 0, 0, 0, 0, 0, 0, 1, 0, 0, 0, 0, 0, 0, 1, 0, 0, 0, 0, 0, 0, 0, 0, 0, 0, 0, 0, 0, 0, 0, 0, 1, 0, 0, 0, 0, 0, 0, 0, 0, 0]

BESTGEMONE=(7, 400, 0.017500000000000002)
LISTGEMONE=[0, 0, 0, 0, 0, 0, 0, 0, 0, 0, 0, 0, 0, 0, 0, 0, 0, 0, 0, 0, 0, 0, 0, 0, 0, 0, 0, 0, 0, 0, 0, 0, 0, 0, 0, 0, 0, 0, 0, 0, 0, 0, 0, 0, 0, 0, 0, 0, 0, 0, 0, 0, 0, 0, 0, 0, 0, 0, 0, 0, 0, 0, 0, 0, 0, 0, 0, 0, 0, 0, 0, 0, 0, 0, 0, 0, 0, 0, 0, 0, 0, 0, 0, 0, 0, 0, 0, 0, 0, 0, 0, 0, 0, 0, 0, 0, 0, 0, 0, 0, 0, 0, 0, 0, 0, 0, 0, 0, 0, 0, 0, 0, 0, 0, 0, 0, 0, 0, 0, 0, 0, 0, 0, 0, 0, 0, 0, 0, 0, 0, 0, 0, 0, 0, 0, 0, 0, 0, 0, 0, 0, 0, 0, 0, 0, 0, 0, 0, 0, 0, 0, 0, 0, 0, 0, 0, 0, 0, 0, 0, 0, 0, 0, 0, 0, 0, 0, 0, 0, 0, 0, 0, 0, 0, 0, 0, 0, 0, 0, 0, 0, 0, 0, 0, 0, 0, 0, 0, 0, 0, 0, 0, 0, 0, 0, 0, 0, 0, 0, 0, 0, 0, 0, 0, 0, 0, 0, 0, 0, 0, 0, 0, 0, 0, 0, 0, 0, 0, 0, 0, 0, 0, 0, 0, 0, 0, 0, 0, 0, 0, 0, 0, 0, 0, 0, 0, 0, 0, 0, 0, 0, 0, 0, 0, 0, 0, 0, 0, 0, 0, 0, 0, 0, 0, 0, 0, 0, 0, 0, 0, 1, 0, 0, 0, 0, 0, 0, 0, 1, 0, 0, 0, 0, 0, 0, 0, 0, 0, 0, 0, 0, 0, 0, 0, 0, 0, 0, 0, 0, 0, 0, 0, 0, 0, 0, 0, 0, 0, 0, 0, 0, 0, 1, 0, 0, 0, 0, 0, 0, 1, 0, 0, 0, 0, 0, 0, 0, 0, 0, 0, 0, 0, 0, 0, 0, 0, 0, 0, 0, 0, 1, 0, 0, 0, 0, 0, 0, 0, 0, 0, 0, 0, 1, 0, 0, 0, 0, 0, 0, 0, 0, 0, 0, 0, 0, 0, 0, 0, 0, 0, 0, 0, 0, 0, 0, 0, 0, 0, 0, 0, 0, 0, 0, 0, 0, 0, 0, 0, 0, 0, 0, 0, 0, 0, 0, 0, 0, 0, 0, 0, 0, 1, 0, 0, 0, 0, 0, 0, 0, 0]

BESTGEMTWO=(2, 400, 0.0050000000000000001)
LISTGEMTWO=[0, 0, 0, 1, 0, 0, 0, 0, 0, 0, 0, 0, 0, 0, 0, 0, 0, 0, 0, 0, 0, 0, 0, 0, 0, 0, 0, 0, 0, 0, 0, 0, 0, 0, 0, 0, 0, 0, 0, 0, 0, 0, 0, 0, 0, 0, 0, 0, 0, 0, 0, 0, 0, 0, 0, 0, 0, 0, 0, 0, 1, 0, 0, 0, 0, 0, 0, 0, 0, 0, 0, 0, 0, 0, 0, 0, 0, 0, 0, 0, 0, 0, 0, 0, 0, 0, 0, 0, 0, 0, 0, 0, 0, 0, 0, 0, 0, 0, 0, 0, 0, 0, 0, 0, 0, 0, 0, 0, 0, 0, 0, 0, 0, 0, 0, 0, 0, 0, 0, 0, 0, 0, 0, 0, 0, 0, 0, 0, 0, 0, 0, 0, 0, 0, 0, 0, 0, 0, 0, 0, 0, 0, 0, 0, 0, 0, 0, 0, 0, 0, 0, 0, 0, 0, 0, 0, 0, 0, 0, 0, 0, 0, 0, 0, 0, 0, 0, 0, 0, 0, 0, 0, 0, 0, 0, 0, 0, 0, 0, 0, 0, 0, 0, 0, 0, 0, 0, 0, 0, 0, 0, 0, 0, 0, 0, 0, 0, 0, 0, 0, 0, 0, 0, 0, 0, 0, 0, 0, 0, 0, 0, 0, 0, 0, 0, 0, 0, 0, 0, 0, 0, 0, 0, 0, 0, 0, 0, 0, 0, 0, 0, 0, 0, 0, 0, 0, 0, 0, 0, 0, 0, 0, 0, 0, 0, 0, 0, 0, 0, 0, 0, 0, 0, 0, 0, 0, 0, 0, 0, 0, 0, 0, 0, 0, 0, 0, 0, 0, 0, 0, 0, 0, 0, 0, 0, 0, 0, 0, 0, 0, 0, 0, 0, 0, 0, 0, 0, 0, 0, 0, 0, 0, 0, 0, 0, 0, 0, 0, 0, 0, 0, 0, 0, 0, 0, 0, 0, 0, 0, 0, 0, 0, 0, 0, 0, 0, 0, 0, 0, 0, 0, 0, 0, 0, 0, 0, 0, 0, 0, 0, 0, 0, 0, 0, 0, 0, 0, 0, 0, 0, 0, 0, 0, 0, 0, 0, 0, 0, 0, 0, 0, 0, 0, 0, 0, 0, 0, 0, 0, 0, 0, 0, 0, 0, 0, 0, 0, 0, 0, 0, 0, 0, 0, 0, 0, 0, 0, 0, 0, 0, 0, 0, 0, 0, 0, 0, 0, 0, 0, 0, 0, 0, 0, 0, 0, 0, 0, 0, 0, 0]

