# indices of halve split with split for parameters)
INDEXONE=[794, 603, 655, 66, 829, 700, 646, 490, 986, 709, 196, 375, 889, 577, 100, 238, 591, 931, 508, 550, 989, 302, 643, 16, 615, 356, 132, 954, 58, 89, 254, 395, 826, 654, 712, 571, 610, 61, 362, 252, 484, 98, 668, 174, 765, 613, 822, 726, 75, 755, 880, 711, 153, 18, 995, 572, 747, 601, 506, 555, 939, 670, 62, 940, 893, 641, 206, 527, 833, 229, 894, 520, 163, 596, 950, 762, 493, 919, 855, 759, 387, 317, 360, 290, 677, 145, 94, 902, 278, 117, 657, 378, 652, 241, 887, 857, 994, 245, 397, 184, 886, 862, 804, 924, 311, 620, 781, 168, 574, 584, 906, 786, 553, 750, 842, 477, 119, 688, 276, 598, 26, 129, 985, 595, 461, 133, 917, 624, 64, 693, 124, 321, 30, 785, 561, 76, 935, 557, 74, 334, 835, 537, 412, 980, 478, 546, 675, 638, 583, 735, 851, 383, 966, 420, 318, 868, 740, 161, 405, 85, 877, 600, 482, 314, 974, 945, 973, 729, 431, 316, 156, 343, 756, 602, 352, 54, 629, 463, 106, 1, 997, 49, 443, 41, 567, 388, 392, 504, 904, 279, 763, 269, 721, 326, 83, 256, 870, 874, 942, 219, 970, 825, 305, 430, 24, 95, 14, 536, 704, 444, 164, 840, 202, 594, 836, 814, 470, 667, 920, 871, 522, 927, 213, 301, 827, 479, 492, 514, 702, 439, 333, 722, 953, 137, 377, 854, 429, 662, 150, 226, 336, 123, 295, 831, 523, 373, 776, 104, 716, 524, 381, 65, 774, 645, 792, 214, 749, 27, 852, 338, 249, 292, 337, 71, 400, 402, 87, 689, 499, 502, 633, 348, 40, 197, 548, 673, 67, 99, 103, 17, 398, 539, 495, 385, 489, 380, 628, 211, 519, 205, 790, 142, 428, 399, 858, 929, 680, 660, 59, 418, 957, 223, 916, 410, 287, 496, 456, 589, 151, 10, 7, 180, 769, 389, 304, 867, 177, 79, 937, 494, 771, 587, 552, 881, 808, 186, 925, 268, 108, 717, 37, 47, 258, 173, 979, 846, 578, 320, 69, 221, 96, 732, 303, 48, 455, 140, 734, 138, 699, 706, 713, 705, 230, 134, 551, 92, 890, 185, 691, 31, 195, 630, 447, 967, 280, 813, 788, 432, 876, 766, 764, 135, 12, 136, 406, 267, 234, 531, 274, 938, 512, 353, 127, 737, 401, 121, 563, 694, 176, 25, 187, 434, 828, 113, 199, 227, 411, 590, 581, 697]
INDEXLPONE=[800, 773, 23, 819, 486, 719, 239, 944, 658, 472, 648, 588, 208, 323, 152, 38, 666, 743, 913, 481, 873, 669, 110, 73, 503, 824, 923, 805, 879, 878, 696, 144, 408, 754, 996, 515, 421, 448, 760, 898, 650, 903, 297, 625, 626, 538, 883, 468, 728, 331, 451, 60, 549, 324, 485, 442, 341, 984, 972, 649, 812, 263, 863, 307, 122, 350, 105, 192, 891, 518, 445, 864, 801, 806, 419, 469, 293, 993, 359, 959, 232, 573, 672, 724, 351, 453, 656, 262, 157, 204, 261, 746, 951, 260, 283, 928, 787, 965, 459, 683]
INDEXTWO=[992, 13, 417, 632, 427, 28, 560, 525, 509, 723, 264, 653, 181, 823, 884, 91, 471, 535, 782, 914, 257, 143, 179, 222, 255, 897, 20, 146, 349, 922, 565, 170, 200, 497, 365, 820, 607, 661, 242, 160, 235, 236, 68, 701, 43, 948, 90, 983, 240, 310, 46, 166, 57, 838, 346, 892, 720, 690, 271, 856, 97, 299, 423, 209, 384, 357, 810, 265, 943, 541, 165, 768, 659, 368, 225, 821, 604, 631, 22, 253, 714, 544, 159, 148, 956, 796, 476, 33, 684, 178, 9, 207, 545, 532, 635, 149, 296, 533, 715, 473, 850, 559, 647, 298, 990, 982, 640, 926, 498, 270, 738, 912, 736, 424, 272, 56, 651, 366, 770, 784, 637, 911, 599, 802, 885, 78, 586, 968, 830, 843, 866, 731, 999, 319, 50, 361, 175, 861, 987, 289, 450, 394, 832, 564, 687, 909, 363, 11, 45, 248, 543, 679, 34, 480, 158, 674, 547, 347, 791, 569, 300, 425, 981, 975, 386, 507, 847, 218, 627, 154, 436, 286, 930, 888, 35, 685, 72, 570, 109, 217, 562, 795, 962, 82, 775, 882, 580, 460, 554, 703, 407, 526, 511, 93, 621, 4, 752, 131, 315, 370, 978, 70, 593, 682, 947, 818, 339, 676, 971, 345, 797, 3, 616, 663, 390, 725, 462, 281, 664, 745, 0, 844, 617, 946, 294, 859, 748, 915, 998, 742, 530, 116, 309, 741, 988, 275, 606, 900, 374, 367, 107, 312, 639, 182, 739, 934, 39, 811, 5, 63, 487, 80, 753, 51, 678, 335, 841, 426, 284, 29, 251, 611, 585, 396, 491, 340, 815, 488, 793, 358, 77, 259, 44, 228, 243, 125, 761, 516, 958, 558, 665, 540, 244, 215, 277, 521, 403, 198, 730, 413, 332, 710, 458, 500, 579, 112, 865, 247, 52, 695, 758, 614, 382, 619, 372, 393, 126, 961, 449, 839, 634, 816, 88, 169, 907, 597, 707, 789, 474, 556, 618, 727, 778, 575, 32, 991, 636, 191, 114, 803, 233, 896, 246, 446, 379, 612, 733, 779, 905, 183, 475, 435, 409, 837, 949, 273, 212, 941, 433, 467, 780, 465, 510, 220, 438, 708, 817, 416, 325, 969, 188, 872, 55, 313, 291, 53, 194, 369, 849, 869, 853, 772, 201, 203, 777, 327, 807, 976, 231, 783, 167, 364, 306, 342, 266, 609, 901, 162, 534, 440, 834, 671, 330, 308, 19, 936, 354, 757, 622, 605]
INDEXLPTWO=[147, 798, 918, 751, 415, 692, 120, 686, 466, 517, 101, 528, 845, 644, 698, 501, 86, 224, 422, 15, 767, 193, 437, 376, 910, 288, 171, 955, 932, 623, 848, 592, 155, 457, 216, 250, 483, 404, 282, 529, 513, 189, 441, 576, 2, 744, 111, 718, 391, 322, 566, 452, 860, 952, 921, 875, 42, 128, 172, 908, 21, 895, 414, 505, 809, 371, 899, 6, 960, 964, 84, 329, 344, 102, 933, 608, 681, 542, 977, 582, 568, 464, 355, 454, 115, 36, 190, 799, 642, 285, 328, 141, 237, 130, 81, 8, 210, 118, 963, 139]

# learned parameters for cdtw and gem
# dtw ((error, size, error/size), (window, sqr))
# gem ((error, size, error/size), (St0, St1, E, sym, sqr))
BESTLEARNCONSDTWONE=((9, 100, 0.089999999999999997), (0.01, True))
LISTLEARNCONSDTWONE=[((9, 100, 0.089999999999999997), (0.01, True)), ((11, 100, 0.11), (0.0, True)), ((11, 100, 0.11), (0.02, True)), ((21, 100, 0.20999999999999999), (0.029999999999999999, True)), ((29, 100, 0.28999999999999998), (0.040000000000000001, True)), ((29, 100, 0.28999999999999998), (0.050000000000000003, True)), ((33, 100, 0.33000000000000002), (0.059999999999999998, True)), ((35, 100, 0.34999999999999998), (0.070000000000000007, True)), ((39, 100, 0.39000000000000001), (0.080000000000000002, True)), ((41, 100, 0.40999999999999998), (0.089999999999999997, True)), ((42, 100, 0.41999999999999998), (0.10000000000000001, True)), ((47, 100, 0.46999999999999997), (0.11, True)), ((50, 100, 0.5), (0.12, True)), ((51, 100, 0.51000000000000001), (0.13, True)), ((51, 100, 0.51000000000000001), (0.14000000000000001, True)), ((51, 100, 0.51000000000000001), (0.14999999999999999, True)), ((51, 100, 0.51000000000000001), (0.16, True)), ((51, 100, 0.51000000000000001), (0.17000000000000001, True)), ((51, 100, 0.51000000000000001), (0.17999999999999999, True)), ((51, 100, 0.51000000000000001), (0.19, True)), ((51, 100, 0.51000000000000001), (0.20000000000000001, True))]

BESTLEARNGEMONE=((2, 100, 0.02), (2, 2, 0.0625, True, True))
LISTLEARNGEMONE=[((2, 100, 0.02), (2, 2, 0.015625, True, True)), ((2, 100, 0.02), (2, 2, 0.03125, True, True)), ((2, 100, 0.02), (2, 2, 0.0625, True, True)), ((2, 100, 0.02), (2, 2, 0.125, True, True)), ((3, 100, 0.029999999999999999), (2, 2, 0.25, True, True)), ((4, 100, 0.040000000000000001), (2, 1, 0.03125, True, True)), ((5, 100, 0.050000000000000003), (2, 1, 0.015625, True, True)), ((5, 100, 0.050000000000000003), (2, 2, 0.0078125, True, True)), ((6, 100, 0.059999999999999998), (2, 1, 0.0078125, True, True)), ((6, 100, 0.059999999999999998), (2, 1, 0.0625, True, True)), ((11, 100, 0.11), (2, 1, 0.125, True, True)), ((13, 100, 0.13), (1, 1, 0.015625, True, True)), ((13, 100, 0.13), (1, 1, 0.03125, True, True)), ((13, 100, 0.13), (1, 2, 0.015625, True, True)), ((13, 100, 0.13), (1, 2, 0.03125, True, True)), ((15, 100, 0.14999999999999999), (2, 2, 0.5, True, True)), ((16, 100, 0.16), (2, 1, 0.00390625, True, True)), ((17, 100, 0.17000000000000001), (1, 1, 0.0078125, True, True)), ((17, 100, 0.17000000000000001), (1, 2, 0.0078125, True, True)), ((18, 100, 0.17999999999999999), (1, 1, 0.00390625, True, True)), ((18, 100, 0.17999999999999999), (1, 1, 0.0625, True, True)), ((18, 100, 0.17999999999999999), (1, 2, 0.00390625, True, True)), ((18, 100, 0.17999999999999999), (1, 2, 0.0625, True, True)), ((23, 100, 0.23000000000000001), (2, 2, 0.00390625, True, True)), ((26, 100, 0.26000000000000001), (1, 1, 0.125, True, True)), ((26, 100, 0.26000000000000001), (1, 2, 0.125, True, True)), ((39, 100, 0.39000000000000001), (1, 1, 0.25, True, True)), ((39, 100, 0.39000000000000001), (1, 2, 0.25, True, True)), ((44, 100, 0.44), (2, 1, 0.25, True, True)), ((50, 100, 0.5), (2, 2, 0, True, True)), ((59, 100, 0.58999999999999997), (1, 1, 0.5, True, True)), ((59, 100, 0.58999999999999997), (1, 2, 0.5, True, True)), ((62, 100, 0.62), (2, 1, 0, True, True)), ((81, 100, 0.81000000000000005), (1, 1, 0, True, True)), ((81, 100, 0.81000000000000005), (1, 2, 0, True, True)), ((82, 100, 0.81999999999999995), (2, 1, 0.5, True, True))]

BESTLEARNCONSDTWTWO=((9, 100, 0.089999999999999997), (0.01, True))
LISTLEARNCONSDTWTWO=[((9, 100, 0.089999999999999997), (0.01, True)), ((13, 100, 0.13), (0.0, True)), ((14, 100, 0.14000000000000001), (0.02, True)), ((21, 100, 0.20999999999999999), (0.029999999999999999, True)), ((24, 100, 0.23999999999999999), (0.040000000000000001, True)), ((26, 100, 0.26000000000000001), (0.050000000000000003, True)), ((27, 100, 0.27000000000000002), (0.059999999999999998, True)), ((33, 100, 0.33000000000000002), (0.070000000000000007, True)), ((33, 100, 0.33000000000000002), (0.080000000000000002, True)), ((33, 100, 0.33000000000000002), (0.089999999999999997, True)), ((33, 100, 0.33000000000000002), (0.10000000000000001, True)), ((34, 100, 0.34000000000000002), (0.11, True)), ((35, 100, 0.34999999999999998), (0.12, True)), ((35, 100, 0.34999999999999998), (0.13, True)), ((35, 100, 0.34999999999999998), (0.14000000000000001, True)), ((36, 100, 0.35999999999999999), (0.14999999999999999, True)), ((36, 100, 0.35999999999999999), (0.16, True)), ((36, 100, 0.35999999999999999), (0.17000000000000001, True)), ((36, 100, 0.35999999999999999), (0.17999999999999999, True)), ((36, 100, 0.35999999999999999), (0.19, True)), ((36, 100, 0.35999999999999999), (0.20000000000000001, True))]

BESTLEARNGEMTWO=((1, 100, 0.01), (2, 2, 0.0625, True, True))
LISTLEARNGEMTWO=[((1, 100, 0.01), (2, 2, 0.015625, True, True)), ((1, 100, 0.01), (2, 2, 0.03125, True, True)), ((1, 100, 0.01), (2, 2, 0.0625, True, True)), ((1, 100, 0.01), (2, 2, 0.125, True, True)), ((1, 100, 0.01), (2, 2, 0.25, True, True)), ((2, 100, 0.02), (2, 1, 0.015625, True, True)), ((2, 100, 0.02), (2, 1, 0.03125, True, True)), ((3, 100, 0.029999999999999999), (2, 2, 0.0078125, True, True)), ((4, 100, 0.040000000000000001), (2, 1, 0.0625, True, True)), ((5, 100, 0.050000000000000003), (2, 1, 0.0078125, True, True)), ((11, 100, 0.11), (1, 1, 0.015625, True, True)), ((11, 100, 0.11), (1, 2, 0.015625, True, True)), ((13, 100, 0.13), (1, 1, 0.0078125, True, True)), ((13, 100, 0.13), (1, 2, 0.0078125, True, True)), ((14, 100, 0.14000000000000001), (2, 1, 0.125, True, True)), ((15, 100, 0.14999999999999999), (1, 1, 0.03125, True, True)), ((15, 100, 0.14999999999999999), (1, 2, 0.03125, True, True)), ((17, 100, 0.17000000000000001), (2, 1, 0.00390625, True, True)), ((18, 100, 0.17999999999999999), (1, 1, 0.00390625, True, True)), ((18, 100, 0.17999999999999999), (1, 2, 0.00390625, True, True)), ((22, 100, 0.22), (1, 1, 0.0625, True, True)), ((22, 100, 0.22), (1, 2, 0.0625, True, True)), ((22, 100, 0.22), (2, 2, 0.00390625, True, True)), ((24, 100, 0.23999999999999999), (2, 2, 0.5, True, True)), ((38, 100, 0.38), (1, 1, 0.125, True, True)), ((38, 100, 0.38), (1, 2, 0.125, True, True)), ((51, 100, 0.51000000000000001), (2, 1, 0.25, True, True)), ((52, 100, 0.52000000000000002), (1, 1, 0.25, True, True)), ((52, 100, 0.52000000000000002), (1, 2, 0.25, True, True)), ((54, 100, 0.54000000000000004), (2, 2, 0, True, True)), ((63, 100, 0.63), (2, 1, 0, True, True)), ((77, 100, 0.77000000000000002), (1, 1, 0, True, True)), ((77, 100, 0.77000000000000002), (1, 1, 0.5, True, True)), ((77, 100, 0.77000000000000002), (1, 2, 0, True, True)), ((77, 100, 0.77000000000000002), (1, 2, 0.5, True, True)), ((94, 100, 0.93999999999999995), (2, 1, 0.5, True, True))]


# error rates for different distance measures
# (error, size, error/size) and binary mask
BESTLPONE=(66, 400, 0.16500000000000001)
LISTLPONE=[0, 0, 0, 1, 1, 1, 0, 0, 1, 1, 0, 1, 0, 1, 0, 1, 0, 1, 1, 0, 0, 0, 0, 0, 0, 0, 0, 0, 0, 0, 1, 0, 0, 0, 0, 0, 0, 0, 0, 0, 0, 0, 1, 0, 0, 0, 0, 1, 0, 0, 1, 1, 1, 0, 0, 0, 0, 0, 0, 0, 0, 0, 0, 0, 0, 0, 0, 0, 0, 1, 0, 0, 0, 0, 0, 1, 1, 0, 0, 0, 0, 0, 0, 0, 0, 0, 0, 0, 0, 0, 0, 0, 0, 0, 0, 0, 1, 0, 0, 0, 0, 0, 0, 0, 0, 0, 0, 0, 0, 0, 0, 0, 0, 0, 0, 0, 0, 0, 0, 0, 0, 0, 0, 1, 0, 0, 0, 0, 0, 0, 0, 0, 0, 0, 0, 0, 0, 1, 0, 0, 0, 0, 0, 0, 1, 0, 0, 0, 0, 0, 0, 0, 0, 1, 0, 0, 0, 1, 0, 0, 0, 0, 0, 0, 0, 0, 0, 0, 0, 0, 0, 0, 1, 0, 0, 0, 0, 0, 0, 0, 0, 0, 0, 0, 0, 0, 0, 1, 0, 0, 0, 0, 0, 0, 0, 1, 0, 0, 0, 0, 1, 1, 0, 0, 0, 0, 0, 0, 0, 0, 0, 0, 0, 1, 0, 0, 0, 0, 1, 0, 0, 0, 0, 0, 0, 1, 0, 0, 0, 0, 0, 0, 0, 0, 0, 1, 0, 0, 0, 0, 0, 1, 0, 0, 0, 0, 0, 0, 1, 0, 0, 0, 0, 1, 0, 0, 1, 0, 1, 0, 0, 0, 0, 0, 0, 0, 0, 1, 0, 0, 0, 0, 0, 1, 0, 0, 0, 1, 0, 1, 0, 0, 1, 0, 1, 0, 0, 0, 0, 0, 0, 0, 0, 0, 0, 0, 0, 1, 0, 0, 0, 0, 0, 0, 0, 0, 0, 0, 0, 0, 0, 0, 0, 0, 0, 1, 0, 0, 0, 0, 0, 0, 0, 0, 0, 0, 1, 1, 1, 1, 0, 0, 0, 1, 0, 1, 1, 0, 0, 0, 0, 0, 0, 0, 0, 0, 0, 0, 1, 1, 0, 0, 1, 0, 0, 0, 0, 0, 0, 0, 0, 0, 0, 0, 0, 1, 0, 0, 0, 1, 0, 0, 1, 0, 1, 1, 0, 0, 0, 0, 0, 0, 0, 0, 0, 0, 0, 1, 1, 0, 0, 0, 0, 0, 0, 1, 0, 0, 0, 1]

BESTLPTWO=(53, 400, 0.13250000000000001)
LISTLPTWO=[0, 0, 0, 0, 0, 0, 0, 0, 0, 0, 0, 0, 0, 0, 0, 0, 0, 0, 0, 0, 1, 0, 0, 1, 1, 0, 0, 0, 0, 1, 0, 0, 1, 0, 0, 0, 0, 1, 0, 1, 0, 0, 1, 0, 0, 0, 0, 0, 1, 0, 0, 0, 0, 0, 0, 0, 0, 1, 0, 0, 0, 1, 0, 0, 0, 0, 0, 0, 0, 0, 0, 1, 0, 0, 0, 0, 0, 0, 0, 0, 0, 1, 0, 0, 0, 0, 0, 0, 0, 0, 0, 0, 1, 0, 0, 0, 0, 0, 1, 0, 0, 0, 0, 0, 0, 0, 0, 1, 0, 0, 0, 1, 0, 0, 0, 0, 0, 0, 0, 0, 0, 1, 0, 1, 0, 0, 0, 0, 1, 0, 0, 1, 0, 0, 0, 0, 0, 0, 1, 0, 0, 0, 0, 0, 1, 0, 0, 0, 0, 0, 0, 0, 0, 0, 0, 0, 0, 0, 0, 1, 0, 0, 0, 0, 0, 0, 0, 0, 0, 0, 0, 0, 1, 0, 0, 0, 0, 0, 0, 0, 0, 1, 0, 0, 0, 0, 0, 0, 0, 0, 0, 1, 0, 0, 0, 0, 0, 0, 0, 0, 1, 0, 0, 0, 0, 1, 0, 0, 0, 0, 0, 0, 0, 0, 1, 1, 0, 0, 0, 0, 0, 0, 0, 0, 0, 0, 1, 0, 0, 0, 1, 0, 0, 0, 0, 0, 0, 0, 0, 1, 0, 0, 0, 0, 0, 0, 0, 1, 0, 0, 0, 0, 0, 0, 0, 0, 0, 0, 0, 0, 1, 0, 0, 0, 0, 0, 1, 0, 0, 0, 0, 0, 0, 0, 1, 0, 1, 0, 0, 0, 0, 0, 1, 0, 0, 0, 0, 0, 0, 0, 0, 0, 0, 0, 0, 0, 0, 0, 1, 1, 0, 0, 0, 0, 1, 0, 0, 0, 0, 0, 0, 1, 0, 0, 0, 0, 0, 0, 0, 0, 0, 0, 0, 0, 0, 0, 0, 0, 0, 0, 1, 0, 0, 0, 0, 0, 0, 0, 0, 0, 0, 0, 0, 0, 0, 0, 1, 0, 0, 0, 0, 0, 0, 0, 0, 1, 0, 1, 0, 0, 0, 0, 0, 0, 0, 0, 1, 1, 1, 0, 1, 0, 0, 0, 1, 0, 0, 0, 0, 0, 0, 0, 0, 0, 0, 0, 0, 0, 0, 0, 0, 0, 0, 0, 0, 0, 0, 0, 0, 0]

BESTFULLDTWONE=(202, 400, 0.505)
LISTFULLDTWONE=[1, 0, 1, 1, 1, 1, 1, 1, 0, 0, 0, 0, 0, 1, 0, 0, 1, 1, 1, 1, 0, 0, 0, 1, 0, 1, 0, 1, 1, 0, 1, 0, 1, 0, 1, 0, 0, 1, 1, 0, 0, 0, 1, 0, 0, 0, 1, 1, 1, 1, 1, 1, 0, 1, 0, 0, 1, 0, 0, 1, 1, 1, 1, 1, 0, 0, 1, 0, 1, 0, 1, 0, 1, 0, 0, 0, 1, 0, 0, 0, 0, 0, 1, 1, 0, 0, 0, 0, 0, 0, 1, 0, 1, 0, 0, 0, 1, 0, 0, 1, 1, 1, 1, 1, 1, 0, 1, 0, 1, 1, 0, 1, 0, 0, 0, 1, 0, 0, 0, 0, 0, 0, 0, 1, 0, 1, 0, 0, 1, 0, 1, 0, 0, 0, 1, 1, 0, 0, 1, 1, 0, 1, 1, 0, 1, 0, 1, 1, 1, 0, 0, 1, 1, 1, 0, 1, 1, 1, 0, 1, 0, 0, 1, 0, 0, 1, 1, 0, 1, 1, 1, 1, 1, 0, 1, 1, 1, 0, 0, 1, 0, 0, 1, 0, 1, 1, 0, 1, 1, 0, 0, 0, 0, 0, 1, 1, 1, 1, 1, 1, 1, 1, 1, 0, 1, 0, 1, 1, 0, 0, 0, 1, 0, 1, 1, 1, 1, 0, 1, 0, 0, 0, 0, 1, 1, 0, 0, 0, 1, 1, 1, 0, 1, 1, 1, 1, 0, 0, 0, 0, 0, 0, 0, 0, 1, 1, 1, 1, 1, 1, 1, 1, 0, 0, 1, 0, 1, 0, 0, 0, 1, 1, 1, 0, 1, 0, 0, 1, 0, 0, 1, 1, 0, 0, 1, 0, 1, 0, 0, 1, 0, 1, 1, 0, 1, 1, 1, 1, 1, 1, 0, 0, 0, 1, 1, 0, 0, 1, 1, 0, 1, 1, 1, 0, 0, 0, 1, 1, 0, 0, 0, 0, 0, 0, 0, 1, 1, 0, 1, 0, 0, 1, 1, 0, 0, 0, 1, 1, 1, 1, 0, 0, 0, 1, 0, 1, 1, 1, 1, 0, 0, 0, 1, 0, 1, 0, 0, 1, 1, 1, 1, 0, 1, 0, 1, 1, 0, 0, 0, 1, 0, 0, 1, 1, 1, 1, 0, 1, 0, 1, 0, 0, 1, 1, 1, 1, 0, 0, 0, 0, 1, 0, 1, 0, 1, 0, 0, 1, 1, 0, 0, 0, 1, 0, 1, 1, 0, 0, 1, 1]

BESTFULLDTWTWO=(183, 400, 0.45750000000000002)
LISTFULLDTWTWO=[0, 1, 1, 1, 1, 0, 1, 1, 0, 1, 0, 0, 0, 1, 0, 0, 1, 1, 0, 0, 1, 0, 0, 1, 1, 0, 1, 0, 1, 1, 0, 1, 1, 0, 1, 0, 0, 1, 0, 1, 1, 1, 1, 0, 0, 1, 0, 1, 0, 0, 0, 0, 1, 0, 0, 1, 0, 1, 0, 0, 0, 1, 1, 1, 1, 0, 0, 0, 1, 0, 0, 1, 1, 1, 0, 1, 1, 1, 0, 0, 1, 1, 0, 1, 0, 1, 1, 0, 0, 0, 1, 0, 1, 1, 1, 0, 0, 1, 1, 1, 1, 1, 0, 1, 0, 0, 0, 1, 1, 0, 0, 1, 0, 0, 0, 1, 0, 0, 1, 1, 0, 0, 1, 1, 1, 0, 1, 1, 1, 0, 1, 1, 0, 1, 0, 1, 0, 1, 0, 1, 1, 1, 0, 0, 1, 0, 1, 0, 1, 0, 1, 0, 0, 0, 0, 1, 0, 0, 1, 1, 0, 1, 1, 0, 0, 1, 1, 1, 1, 0, 0, 0, 1, 1, 0, 1, 0, 0, 1, 0, 1, 0, 0, 0, 0, 1, 1, 0, 1, 0, 0, 1, 0, 0, 0, 0, 0, 0, 0, 1, 1, 0, 1, 0, 0, 1, 1, 0, 0, 1, 1, 0, 0, 0, 1, 1, 0, 1, 0, 1, 1, 0, 0, 1, 0, 0, 1, 0, 1, 1, 1, 1, 1, 0, 0, 0, 1, 0, 1, 1, 0, 0, 0, 0, 0, 0, 0, 1, 0, 0, 0, 0, 1, 0, 0, 1, 0, 1, 1, 0, 0, 0, 1, 0, 0, 1, 0, 1, 1, 1, 0, 0, 0, 0, 0, 1, 0, 1, 0, 1, 1, 1, 0, 0, 1, 0, 0, 0, 0, 1, 0, 0, 0, 0, 1, 0, 0, 1, 0, 1, 0, 1, 1, 1, 0, 0, 0, 0, 1, 1, 1, 1, 0, 0, 0, 1, 0, 0, 1, 0, 0, 0, 1, 0, 1, 0, 1, 0, 1, 1, 1, 1, 0, 1, 0, 0, 0, 1, 1, 0, 1, 0, 0, 0, 0, 0, 0, 1, 1, 0, 1, 0, 1, 1, 0, 1, 0, 1, 1, 0, 0, 0, 0, 1, 1, 1, 1, 0, 0, 1, 1, 1, 1, 0, 1, 0, 0, 0, 0, 0, 0, 1, 0, 0, 0, 0, 0, 0, 1, 1, 1, 1, 0, 1, 0, 0, 1, 0, 0, 0]

BESTCONSDTWONE=(51, 400, 0.1275)
LISTCONSDTWONE=[0, 0, 0, 1, 0, 1, 0, 0, 1, 0, 0, 0, 0, 1, 0, 0, 0, 1, 1, 0, 0, 0, 0, 0, 0, 0, 0, 0, 0, 0, 1, 0, 0, 0, 0, 0, 0, 0, 0, 0, 0, 0, 1, 0, 0, 0, 0, 0, 0, 0, 1, 0, 0, 0, 0, 0, 1, 0, 0, 0, 0, 0, 0, 0, 0, 0, 0, 0, 0, 0, 0, 0, 0, 0, 0, 0, 1, 0, 0, 0, 0, 0, 0, 0, 0, 0, 0, 0, 0, 0, 0, 0, 0, 0, 0, 0, 1, 0, 0, 0, 0, 0, 0, 0, 0, 0, 0, 0, 0, 0, 0, 0, 0, 0, 0, 0, 0, 0, 0, 0, 0, 1, 0, 1, 0, 0, 0, 0, 0, 0, 0, 0, 0, 0, 0, 0, 0, 0, 0, 0, 0, 0, 0, 0, 0, 0, 0, 0, 0, 0, 0, 0, 0, 0, 0, 0, 0, 1, 0, 0, 0, 0, 0, 0, 0, 0, 0, 0, 1, 0, 1, 0, 1, 0, 0, 0, 0, 0, 0, 0, 0, 0, 0, 0, 0, 0, 0, 1, 0, 0, 0, 0, 0, 0, 0, 1, 0, 0, 0, 0, 1, 1, 0, 0, 0, 0, 0, 0, 0, 0, 0, 0, 0, 1, 0, 0, 0, 0, 1, 0, 0, 0, 0, 0, 0, 1, 0, 0, 0, 0, 0, 0, 0, 0, 0, 1, 0, 0, 0, 0, 0, 0, 0, 0, 0, 0, 0, 0, 0, 0, 0, 0, 0, 0, 0, 0, 0, 0, 0, 0, 0, 0, 0, 0, 0, 0, 0, 0, 0, 0, 0, 0, 0, 1, 0, 0, 1, 1, 0, 1, 0, 0, 1, 0, 1, 0, 0, 0, 0, 0, 0, 0, 0, 0, 0, 0, 0, 1, 0, 0, 0, 0, 1, 0, 0, 0, 0, 0, 0, 0, 0, 0, 0, 0, 0, 0, 0, 0, 0, 0, 0, 0, 0, 0, 0, 0, 0, 1, 1, 0, 0, 0, 0, 1, 0, 1, 1, 0, 0, 0, 0, 0, 0, 0, 1, 0, 0, 0, 1, 1, 0, 0, 1, 0, 0, 0, 0, 0, 0, 0, 0, 0, 0, 0, 0, 1, 0, 0, 0, 1, 0, 0, 1, 0, 1, 1, 0, 0, 0, 0, 0, 0, 0, 0, 0, 0, 0, 1, 1, 0, 0, 0, 0, 0, 0, 1, 0, 0, 0, 0]

BESTCONSDTWTWO=(41, 400, 0.10249999999999999)
LISTCONSDTWTWO=[0, 0, 0, 0, 0, 0, 0, 0, 0, 0, 0, 0, 0, 0, 0, 0, 0, 0, 0, 1, 1, 0, 0, 1, 1, 0, 0, 0, 0, 0, 0, 0, 1, 0, 0, 0, 0, 1, 0, 0, 0, 0, 0, 0, 0, 0, 0, 1, 0, 0, 0, 0, 0, 0, 0, 0, 0, 1, 0, 0, 0, 0, 0, 0, 0, 0, 0, 0, 0, 0, 0, 1, 0, 0, 0, 0, 0, 0, 0, 0, 0, 0, 0, 0, 0, 0, 0, 0, 0, 0, 0, 0, 0, 0, 0, 0, 0, 0, 1, 0, 0, 0, 0, 0, 0, 0, 0, 1, 0, 0, 0, 1, 0, 0, 0, 0, 0, 0, 0, 1, 0, 0, 0, 0, 0, 0, 0, 0, 0, 0, 0, 1, 0, 0, 0, 0, 0, 0, 0, 0, 0, 0, 0, 0, 1, 0, 0, 0, 0, 0, 0, 0, 0, 0, 0, 0, 0, 0, 0, 1, 0, 0, 0, 0, 0, 0, 0, 0, 0, 0, 0, 0, 1, 0, 0, 0, 0, 0, 0, 0, 0, 0, 0, 0, 0, 0, 0, 0, 0, 0, 0, 1, 0, 0, 0, 0, 0, 0, 0, 0, 1, 0, 0, 0, 0, 1, 0, 0, 0, 0, 0, 0, 0, 0, 0, 1, 0, 0, 0, 1, 0, 0, 0, 0, 0, 0, 1, 0, 0, 0, 1, 0, 0, 0, 0, 0, 0, 0, 0, 1, 0, 0, 0, 0, 0, 0, 0, 0, 0, 0, 0, 0, 0, 0, 0, 0, 0, 0, 0, 0, 0, 0, 0, 0, 0, 0, 0, 1, 0, 0, 0, 0, 0, 0, 1, 0, 1, 0, 1, 0, 1, 1, 0, 0, 0, 0, 0, 0, 0, 0, 0, 0, 0, 0, 1, 0, 0, 0, 0, 0, 0, 0, 0, 0, 0, 0, 0, 0, 0, 0, 0, 0, 0, 0, 0, 0, 0, 0, 0, 0, 0, 0, 0, 0, 0, 0, 0, 0, 0, 1, 1, 0, 0, 0, 0, 0, 0, 0, 0, 0, 0, 0, 0, 0, 0, 0, 1, 0, 0, 0, 0, 0, 0, 0, 0, 0, 0, 1, 0, 0, 0, 0, 0, 0, 0, 0, 1, 0, 1, 1, 0, 0, 0, 0, 1, 0, 0, 0, 0, 0, 0, 0, 0, 0, 0, 0, 0, 0, 0, 1, 0, 0, 0, 0, 0, 0, 0, 0, 0, 0]

BESTGEMONE=(2, 400, 0.0050000000000000001)
LISTGEMONE=[0, 0, 0, 0, 0, 0, 0, 0, 0, 0, 0, 0, 0, 0, 0, 0, 0, 1, 0, 0, 0, 0, 0, 0, 0, 0, 0, 0, 0, 0, 0, 0, 0, 0, 0, 0, 0, 0, 0, 0, 0, 0, 0, 0, 0, 0, 0, 0, 0, 0, 0, 0, 0, 0, 0, 0, 0, 0, 0, 0, 0, 0, 0, 0, 0, 0, 0, 0, 0, 0, 0, 0, 0, 0, 0, 0, 1, 0, 0, 0, 0, 0, 0, 0, 0, 0, 0, 0, 0, 0, 0, 0, 0, 0, 0, 0, 0, 0, 0, 0, 0, 0, 0, 0, 0, 0, 0, 0, 0, 0, 0, 0, 0, 0, 0, 0, 0, 0, 0, 0, 0, 0, 0, 0, 0, 0, 0, 0, 0, 0, 0, 0, 0, 0, 0, 0, 0, 0, 0, 0, 0, 0, 0, 0, 0, 0, 0, 0, 0, 0, 0, 0, 0, 0, 0, 0, 0, 0, 0, 0, 0, 0, 0, 0, 0, 0, 0, 0, 0, 0, 0, 0, 0, 0, 0, 0, 0, 0, 0, 0, 0, 0, 0, 0, 0, 0, 0, 0, 0, 0, 0, 0, 0, 0, 0, 0, 0, 0, 0, 0, 0, 0, 0, 0, 0, 0, 0, 0, 0, 0, 0, 0, 0, 0, 0, 0, 0, 0, 0, 0, 0, 0, 0, 0, 0, 0, 0, 0, 0, 0, 0, 0, 0, 0, 0, 0, 0, 0, 0, 0, 0, 0, 0, 0, 0, 0, 0, 0, 0, 0, 0, 0, 0, 0, 0, 0, 0, 0, 0, 0, 0, 0, 0, 0, 0, 0, 0, 0, 0, 0, 0, 0, 0, 0, 0, 0, 0, 0, 0, 0, 0, 0, 0, 0, 0, 0, 0, 0, 0, 0, 0, 0, 0, 0, 0, 0, 0, 0, 0, 0, 0, 0, 0, 0, 0, 0, 0, 0, 0, 0, 0, 0, 0, 0, 0, 0, 0, 0, 0, 0, 0, 0, 0, 0, 0, 0, 0, 0, 0, 0, 0, 0, 0, 0, 0, 0, 0, 0, 0, 0, 0, 0, 0, 0, 0, 0, 0, 0, 0, 0, 0, 0, 0, 0, 0, 0, 0, 0, 0, 0, 0, 0, 0, 0, 0, 0, 0, 0, 0, 0, 0, 0, 0, 0, 0, 0, 0, 0, 0, 0, 0, 0, 0, 0, 0, 0, 0, 0, 0, 0, 0, 0, 0, 0, 0, 0, 0, 0, 0, 0]

BESTGEMTWO=(7, 400, 0.017500000000000002)
LISTGEMTWO=[0, 0, 0, 0, 0, 0, 0, 0, 0, 0, 0, 0, 0, 0, 0, 0, 0, 1, 0, 0, 0, 0, 0, 0, 0, 0, 0, 0, 0, 0, 0, 0, 1, 0, 0, 0, 0, 1, 0, 0, 0, 0, 0, 0, 0, 0, 0, 1, 0, 0, 0, 0, 0, 0, 0, 0, 0, 0, 0, 0, 0, 0, 0, 0, 0, 0, 0, 0, 0, 0, 0, 0, 0, 0, 0, 0, 0, 0, 0, 0, 0, 0, 0, 0, 0, 0, 0, 0, 0, 0, 0, 0, 0, 0, 0, 0, 0, 0, 0, 0, 0, 0, 0, 0, 0, 0, 0, 0, 0, 0, 0, 0, 0, 0, 0, 0, 0, 0, 0, 0, 0, 0, 0, 0, 0, 0, 0, 0, 0, 0, 0, 0, 0, 0, 0, 0, 0, 0, 0, 0, 0, 0, 0, 0, 0, 0, 0, 0, 0, 0, 0, 0, 0, 0, 0, 0, 0, 0, 0, 0, 0, 0, 0, 0, 0, 0, 0, 0, 0, 0, 0, 0, 0, 0, 0, 0, 0, 0, 0, 0, 0, 1, 0, 0, 0, 0, 0, 0, 0, 0, 0, 0, 0, 0, 0, 0, 0, 0, 0, 0, 0, 0, 0, 0, 0, 0, 0, 0, 0, 0, 0, 0, 0, 0, 0, 0, 0, 0, 0, 0, 0, 0, 0, 0, 0, 0, 0, 0, 0, 0, 0, 0, 0, 0, 0, 0, 0, 0, 0, 0, 0, 0, 0, 0, 0, 0, 0, 0, 0, 0, 0, 0, 0, 0, 0, 0, 0, 0, 0, 0, 0, 0, 0, 0, 0, 0, 0, 0, 0, 0, 0, 0, 0, 0, 0, 0, 0, 0, 0, 0, 0, 0, 0, 0, 0, 0, 0, 0, 0, 0, 0, 0, 0, 0, 0, 0, 0, 0, 0, 0, 0, 0, 0, 0, 0, 0, 0, 0, 0, 0, 0, 0, 0, 0, 0, 0, 0, 0, 0, 0, 0, 0, 0, 0, 0, 0, 0, 0, 0, 0, 1, 0, 0, 0, 0, 0, 0, 0, 0, 0, 0, 0, 0, 0, 0, 0, 0, 0, 0, 0, 0, 0, 0, 0, 0, 0, 0, 1, 0, 0, 0, 0, 0, 0, 0, 0, 0, 0, 0, 0, 0, 0, 0, 0, 0, 0, 0, 0, 0, 0, 0, 0, 0, 0, 0, 0, 0, 0, 0, 0, 0, 0, 0, 0, 0, 0, 0, 0, 0, 0]

