# indices of halve split with split for parameters)
INDEXONE=[934, 613, 869, 449, 167, 913, 656, 30, 627, 274, 336, 977, 735, 901, 572, 617, 804, 23, 772, 2, 790, 555, 92, 195, 19, 430, 388, 84, 305, 491, 607, 166, 309, 711, 813, 675, 912, 527, 131, 428, 865, 504, 948, 137, 940, 679, 74, 88, 46, 201, 905, 639, 124, 417, 723, 673, 78, 546, 726, 390, 809, 693, 715, 224, 779, 478, 696, 276, 187, 159, 879, 626, 840, 608, 147, 59, 718, 800, 220, 633, 968, 487, 937, 667, 651, 184, 412, 98, 514, 671, 920, 780, 368, 556, 782, 827, 541, 601, 405, 58, 396, 263, 658, 386, 988, 366, 217, 475, 71, 272, 1, 692, 47, 573, 574, 598, 333, 340, 4, 924, 179, 814, 229, 244, 918, 935, 687, 621, 486, 532, 111, 971, 436, 523, 321, 695, 103, 256, 516, 861, 990, 792, 818, 680, 216, 214, 153, 297, 926, 158, 599, 806, 595, 845, 672, 422, 568, 858, 238, 796, 646, 113, 775, 255, 592, 808, 34, 741, 648, 678, 803, 459, 140, 373, 694, 41, 55, 686, 270, 218, 155, 649, 374, 531, 307, 126, 902, 610, 223, 985, 962, 142, 64, 954, 498, 511, 959, 191, 445, 512, 630, 196, 754, 132, 987, 207, 18, 538, 439, 437, 440, 164, 367, 664, 811, 904, 747, 953, 472, 958, 81, 72, 135, 415, 22, 134, 506, 183, 801, 925, 720, 325, 232, 324, 421, 115, 834, 579, 413, 492, 545, 352, 919, 239, 507, 890, 250, 609, 354, 540, 670, 483, 911, 288, 384, 361, 170, 587, 783, 16, 27, 700, 841, 760, 283, 17, 784, 73, 991, 205, 484, 956, 20, 338, 50, 880, 110, 685, 490, 998, 97, 327, 353, 550, 11, 676, 107, 303, 593, 500, 401, 284, 395, 245, 188, 982, 171, 362, 960, 769, 101, 44, 557, 278, 408, 724, 127, 689, 655, 910, 138, 946, 944, 766, 943, 54, 682, 509, 266, 360, 168, 365, 391, 665, 820, 785, 903, 409, 993, 398, 635, 402, 341, 356, 177, 423, 348, 382, 569, 450, 133, 508, 317, 666, 277, 821, 39, 729, 810, 493, 499, 235, 286, 371, 233, 563, 156, 227, 644, 141, 973, 349, 215, 881, 212, 970, 892, 318, 242, 848, 819, 24, 425, 335, 883, 798, 36, 393, 825, 76, 477, 343, 909, 377, 526, 496, 174, 37, 129, 473, 580, 931, 121, 709, 581, 619, 8, 533, 118, 702]
INDEXLPONE=[209, 786, 602, 394, 57, 657, 867, 457, 637, 520, 204, 620, 749, 253, 950, 443, 992, 570, 717, 949, 594, 864, 314, 392, 614, 699, 100, 691, 468, 522, 955, 844, 843, 833, 575, 82, 53, 114, 319, 257, 65, 77, 942, 316, 539, 584, 965, 262, 812, 875, 292, 136, 916, 306, 446, 105, 49, 330, 751, 26, 713, 863, 299, 740, 122, 852, 145, 246, 119, 447, 211, 186, 725, 94, 770, 116, 90, 410, 350, 529, 586, 537, 420, 268, 311, 978, 414, 899, 826, 482, 577, 600, 893, 176, 63, 285, 519, 294, 705, 596]
INDEXTWO=[885, 624, 375, 424, 460, 936, 219, 194, 871, 9, 157, 999, 983, 461, 125, 583, 647, 930, 369, 995, 650, 32, 776, 10, 612, 419, 163, 870, 957, 302, 228, 690, 585, 525, 722, 99, 571, 106, 787, 669, 788, 933, 29, 291, 454, 906, 456, 761, 108, 485, 378, 120, 927, 104, 102, 226, 887, 683, 929, 712, 941, 750, 996, 310, 567, 517, 759, 564, 755, 87, 719, 618, 830, 698, 914, 994, 165, 606, 62, 293, 831, 952, 275, 703, 154, 640, 463, 312, 553, 777, 387, 873, 623, 342, 467, 93, 923, 234, 851, 748, 60, 139, 829, 150, 444, 816, 70, 561, 951, 856, 178, 15, 25, 79, 320, 42, 249, 287, 895, 752, 795, 351, 476, 542, 975, 589, 359, 797, 252, 634, 807, 380, 261, 281, 731, 629, 267, 828, 642, 984, 149, 5, 605, 452, 888, 891, 230, 668, 799, 182, 764, 296, 518, 474, 202, 75, 438, 259, 961, 181, 66, 358, 347, 162, 225, 67, 762, 872, 886, 83, 997, 407, 301, 876, 738, 479, 43, 298, 339, 582, 597, 254, 565, 554, 802, 767, 939, 21, 173, 489, 823, 907, 197, 793, 544, 847, 947, 161, 144, 160, 849, 85, 662, 240, 842, 643, 282, 638, 455, 753, 7, 385, 95, 758, 860, 824, 241, 56, 33, 172, 403, 859, 265, 710, 552, 326, 822, 190, 733, 653, 603, 744, 548, 45, 882, 707, 835, 697, 974, 894, 832, 260, 513, 329, 300, 495, 68, 688, 331, 736, 488, 684, 734, 379, 728, 258, 290, 497, 355, 773, 175, 464, 442, 337, 3, 435, 558, 727, 981, 109, 0, 80, 434, 616, 622, 611, 771, 714, 469, 730, 549, 383, 917, 117, 659, 560, 289, 418, 480, 706, 466, 855, 69, 551, 152, 295, 502, 932, 757, 52, 501, 458, 346, 963, 397, 248, 411, 203, 547, 874, 357, 143, 35, 429, 641, 663, 878, 332, 986, 660, 967, 559, 742, 237, 12, 853, 269, 562, 837, 89, 48, 704, 588, 898, 716, 756, 815, 180, 221, 530, 521, 13, 304, 328, 40, 91, 451, 123, 590, 805, 453, 433, 243, 199, 448, 900, 989, 51, 130, 674, 213, 389, 432, 746, 543, 661, 465, 889, 322, 969, 897, 279, 426, 681, 922, 732, 236, 743, 112, 510, 481, 763, 721, 416, 645, 745, 264, 251, 866, 838, 208, 976, 896, 431, 857, 381, 271, 61, 739, 128]
INDEXLPTWO=[503, 185, 964, 364, 604, 884, 31, 28, 817, 774, 470, 938, 14, 6, 945, 404, 632, 441, 515, 505, 839, 308, 206, 836, 494, 737, 192, 677, 636, 536, 631, 370, 376, 427, 344, 534, 399, 462, 921, 231, 768, 868, 372, 980, 966, 198, 789, 708, 591, 877, 151, 96, 273, 615, 850, 625, 576, 169, 979, 846, 400, 313, 148, 928, 210, 652, 524, 701, 334, 908, 247, 535, 862, 628, 345, 193, 528, 38, 280, 146, 854, 794, 566, 86, 200, 791, 363, 781, 406, 471, 189, 972, 578, 778, 222, 915, 654, 323, 765, 315]

# learned parameters for cdtw and gem
# dtw ((error, size, error/size), (window, sqr))
# gem ((error, size, error/size), (St0, St1, E, sym, sqr))
BESTLEARNCONSDTWONE=((8, 100, 0.080000000000000002), (0.01, True))
LISTLEARNCONSDTWONE=[((8, 100, 0.080000000000000002), (0.01, True)), ((11, 100, 0.11), (0.02, True)), ((12, 100, 0.12), (0.0, True)), ((18, 100, 0.17999999999999999), (0.029999999999999999, True)), ((20, 100, 0.20000000000000001), (0.040000000000000001, True)), ((22, 100, 0.22), (0.050000000000000003, True)), ((26, 100, 0.26000000000000001), (0.059999999999999998, True)), ((28, 100, 0.28000000000000003), (0.070000000000000007, True)), ((29, 100, 0.28999999999999998), (0.080000000000000002, True)), ((29, 100, 0.28999999999999998), (0.089999999999999997, True)), ((30, 100, 0.29999999999999999), (0.10000000000000001, True)), ((32, 100, 0.32000000000000001), (0.11, True)), ((33, 100, 0.33000000000000002), (0.12, True)), ((33, 100, 0.33000000000000002), (0.13, True)), ((33, 100, 0.33000000000000002), (0.14000000000000001, True)), ((33, 100, 0.33000000000000002), (0.14999999999999999, True)), ((33, 100, 0.33000000000000002), (0.16, True)), ((34, 100, 0.34000000000000002), (0.17000000000000001, True)), ((34, 100, 0.34000000000000002), (0.17999999999999999, True)), ((35, 100, 0.34999999999999998), (0.19, True)), ((35, 100, 0.34999999999999998), (0.20000000000000001, True))]

BESTLEARNGEMONE=((0, 100, 0.0), (2, 2, 0.0625, True, True))
LISTLEARNGEMONE=[((0, 100, 0.0), (2, 2, 0.03125, True, True)), ((0, 100, 0.0), (2, 2, 0.0625, True, True)), ((0, 100, 0.0), (2, 2, 0.125, True, True)), ((1, 100, 0.01), (2, 2, 0.015625, True, True)), ((1, 100, 0.01), (2, 2, 0.25, True, True)), ((3, 100, 0.029999999999999999), (2, 2, 0.0078125, True, True)), ((4, 100, 0.040000000000000001), (2, 1, 0.03125, True, True)), ((5, 100, 0.050000000000000003), (2, 1, 0.015625, True, True)), ((5, 100, 0.050000000000000003), (2, 1, 0.0625, True, True)), ((7, 100, 0.070000000000000007), (2, 1, 0.0078125, True, True)), ((11, 100, 0.11), (2, 1, 0.125, True, True)), ((12, 100, 0.12), (1, 1, 0.0078125, True, True)), ((12, 100, 0.12), (1, 2, 0.0078125, True, True)), ((14, 100, 0.14000000000000001), (1, 1, 0.015625, True, True)), ((14, 100, 0.14000000000000001), (1, 2, 0.015625, True, True)), ((16, 100, 0.16), (1, 1, 0.03125, True, True)), ((16, 100, 0.16), (1, 2, 0.03125, True, True)), ((16, 100, 0.16), (2, 1, 0.00390625, True, True)), ((16, 100, 0.16), (2, 2, 0.5, True, True)), ((21, 100, 0.20999999999999999), (1, 1, 0.00390625, True, True)), ((21, 100, 0.20999999999999999), (1, 2, 0.00390625, True, True)), ((23, 100, 0.23000000000000001), (1, 1, 0.0625, True, True)), ((23, 100, 0.23000000000000001), (1, 2, 0.0625, True, True)), ((31, 100, 0.31), (1, 1, 0.125, True, True)), ((31, 100, 0.31), (1, 2, 0.125, True, True)), ((31, 100, 0.31), (2, 2, 0.00390625, True, True)), ((49, 100, 0.48999999999999999), (1, 1, 0.25, True, True)), ((49, 100, 0.48999999999999999), (1, 2, 0.25, True, True)), ((55, 100, 0.55000000000000004), (2, 1, 0.25, True, True)), ((57, 100, 0.56999999999999995), (2, 2, 0, True, True)), ((59, 100, 0.58999999999999997), (2, 1, 0, True, True)), ((67, 100, 0.67000000000000004), (1, 1, 0.5, True, True)), ((67, 100, 0.67000000000000004), (1, 2, 0.5, True, True)), ((77, 100, 0.77000000000000002), (1, 1, 0, True, True)), ((77, 100, 0.77000000000000002), (1, 2, 0, True, True)), ((86, 100, 0.85999999999999999), (2, 1, 0.5, True, True))]

BESTLEARNCONSDTWTWO=((8, 100, 0.080000000000000002), (0.01, True))
LISTLEARNCONSDTWTWO=[((8, 100, 0.080000000000000002), (0.01, True)), ((9, 100, 0.089999999999999997), (0.0, True)), ((9, 100, 0.089999999999999997), (0.02, True)), ((16, 100, 0.16), (0.029999999999999999, True)), ((21, 100, 0.20999999999999999), (0.040000000000000001, True)), ((32, 100, 0.32000000000000001), (0.050000000000000003, True)), ((32, 100, 0.32000000000000001), (0.059999999999999998, True)), ((34, 100, 0.34000000000000002), (0.070000000000000007, True)), ((36, 100, 0.35999999999999999), (0.080000000000000002, True)), ((37, 100, 0.37), (0.089999999999999997, True)), ((38, 100, 0.38), (0.10000000000000001, True)), ((39, 100, 0.39000000000000001), (0.11, True)), ((41, 100, 0.40999999999999998), (0.12, True)), ((41, 100, 0.40999999999999998), (0.13, True)), ((42, 100, 0.41999999999999998), (0.14000000000000001, True)), ((42, 100, 0.41999999999999998), (0.14999999999999999, True)), ((43, 100, 0.42999999999999999), (0.16, True)), ((43, 100, 0.42999999999999999), (0.17000000000000001, True)), ((44, 100, 0.44), (0.17999999999999999, True)), ((44, 100, 0.44), (0.19, True)), ((44, 100, 0.44), (0.20000000000000001, True))]

BESTLEARNGEMTWO=((2, 100, 0.02), (2, 2, 0.0625, True, True))
LISTLEARNGEMTWO=[((2, 100, 0.02), (2, 2, 0.015625, True, True)), ((2, 100, 0.02), (2, 2, 0.03125, True, True)), ((2, 100, 0.02), (2, 2, 0.0625, True, True)), ((2, 100, 0.02), (2, 2, 0.125, True, True)), ((3, 100, 0.029999999999999999), (2, 1, 0.015625, True, True)), ((3, 100, 0.029999999999999999), (2, 1, 0.03125, True, True)), ((3, 100, 0.029999999999999999), (2, 2, 0.25, True, True)), ((4, 100, 0.040000000000000001), (2, 1, 0.0625, True, True)), ((4, 100, 0.040000000000000001), (2, 2, 0.0078125, True, True)), ((5, 100, 0.050000000000000003), (2, 1, 0.0078125, True, True)), ((10, 100, 0.10000000000000001), (1, 1, 0.015625, True, True)), ((10, 100, 0.10000000000000001), (1, 2, 0.015625, True, True)), ((11, 100, 0.11), (1, 1, 0.03125, True, True)), ((11, 100, 0.11), (1, 2, 0.03125, True, True)), ((14, 100, 0.14000000000000001), (1, 1, 0.0078125, True, True)), ((14, 100, 0.14000000000000001), (1, 2, 0.0078125, True, True)), ((16, 100, 0.16), (2, 1, 0.125, True, True)), ((17, 100, 0.17000000000000001), (1, 1, 0.0625, True, True)), ((17, 100, 0.17000000000000001), (1, 2, 0.0625, True, True)), ((17, 100, 0.17000000000000001), (2, 1, 0.00390625, True, True)), ((18, 100, 0.17999999999999999), (1, 1, 0.00390625, True, True)), ((18, 100, 0.17999999999999999), (1, 2, 0.00390625, True, True)), ((20, 100, 0.20000000000000001), (2, 2, 0.00390625, True, True)), ((22, 100, 0.22), (2, 2, 0.5, True, True)), ((31, 100, 0.31), (1, 1, 0.125, True, True)), ((31, 100, 0.31), (1, 2, 0.125, True, True)), ((54, 100, 0.54000000000000004), (2, 2, 0, True, True)), ((55, 100, 0.55000000000000004), (1, 1, 0.25, True, True)), ((55, 100, 0.55000000000000004), (1, 2, 0.25, True, True)), ((55, 100, 0.55000000000000004), (2, 1, 0.25, True, True)), ((71, 100, 0.70999999999999996), (2, 1, 0, True, True)), ((73, 100, 0.72999999999999998), (1, 1, 0.5, True, True)), ((73, 100, 0.72999999999999998), (1, 2, 0.5, True, True)), ((76, 100, 0.76000000000000001), (1, 1, 0, True, True)), ((76, 100, 0.76000000000000001), (1, 2, 0, True, True)), ((88, 100, 0.88), (2, 1, 0.5, True, True))]


# error rates for different distance measures
# (error, size, error/size) and binary mask
BESTLPONE=(62, 400, 0.155)
LISTLPONE=[0, 0, 0, 0, 0, 1, 1, 0, 0, 0, 0, 0, 0, 0, 0, 0, 0, 0, 0, 0, 0, 0, 0, 0, 0, 0, 0, 0, 0, 0, 0, 0, 0, 0, 1, 0, 1, 0, 0, 0, 0, 1, 0, 0, 0, 0, 0, 0, 0, 0, 0, 0, 0, 0, 0, 0, 0, 0, 1, 1, 0, 0, 1, 0, 0, 1, 0, 0, 0, 0, 0, 0, 0, 0, 1, 0, 0, 0, 0, 0, 0, 0, 0, 0, 0, 0, 0, 0, 0, 0, 1, 0, 0, 0, 0, 0, 0, 0, 0, 0, 0, 0, 0, 0, 0, 0, 0, 0, 0, 0, 0, 0, 0, 0, 0, 0, 0, 0, 0, 0, 0, 0, 1, 1, 0, 0, 1, 0, 0, 0, 0, 0, 0, 0, 0, 0, 0, 0, 0, 0, 0, 0, 1, 0, 0, 0, 0, 0, 1, 0, 0, 0, 1, 0, 0, 0, 0, 0, 1, 0, 0, 0, 0, 1, 0, 0, 0, 0, 0, 0, 0, 0, 0, 0, 1, 0, 0, 1, 0, 0, 1, 0, 0, 0, 0, 1, 0, 0, 0, 0, 0, 0, 0, 0, 0, 0, 1, 0, 0, 0, 0, 0, 1, 0, 0, 0, 0, 0, 0, 0, 0, 0, 1, 0, 1, 0, 0, 0, 0, 1, 0, 0, 0, 0, 0, 0, 0, 0, 0, 1, 0, 0, 1, 0, 1, 0, 0, 0, 0, 0, 1, 0, 0, 1, 0, 0, 1, 0, 0, 0, 0, 0, 1, 0, 0, 0, 0, 0, 0, 1, 0, 1, 0, 0, 0, 1, 0, 0, 0, 0, 0, 0, 0, 0, 0, 1, 0, 0, 0, 0, 0, 0, 0, 0, 0, 0, 0, 0, 0, 0, 0, 0, 0, 0, 0, 0, 1, 0, 0, 0, 0, 0, 1, 0, 1, 1, 0, 1, 0, 0, 0, 0, 0, 1, 0, 0, 0, 0, 0, 0, 0, 0, 0, 0, 0, 0, 1, 0, 0, 0, 0, 0, 0, 0, 0, 1, 0, 0, 1, 0, 0, 1, 0, 1, 0, 0, 0, 0, 0, 1, 0, 0, 0, 1, 1, 0, 1, 1, 0, 0, 0, 0, 0, 0, 1, 1, 0, 0, 0, 1, 0, 0, 0, 0, 0, 0, 0, 0, 1, 0, 0, 0, 0, 0, 1, 0, 0, 1, 0, 0, 0, 1, 0, 0, 0, 0, 0, 0, 0, 0]

BESTLPTWO=(69, 400, 0.17249999999999999)
LISTLPTWO=[0, 0, 1, 0, 0, 0, 0, 1, 0, 0, 1, 0, 0, 0, 0, 0, 0, 1, 1, 0, 0, 0, 0, 0, 0, 0, 0, 0, 0, 0, 1, 1, 0, 0, 0, 1, 0, 0, 0, 0, 0, 0, 0, 0, 0, 0, 0, 1, 1, 1, 0, 0, 0, 0, 0, 0, 0, 0, 0, 0, 0, 0, 0, 0, 0, 0, 0, 0, 0, 0, 0, 0, 1, 0, 1, 1, 0, 0, 0, 0, 0, 0, 0, 0, 0, 0, 0, 0, 0, 1, 0, 0, 0, 0, 0, 0, 1, 0, 0, 1, 0, 0, 0, 0, 0, 1, 0, 0, 0, 0, 0, 0, 0, 0, 0, 1, 1, 0, 0, 0, 1, 0, 0, 0, 0, 0, 0, 0, 0, 0, 0, 0, 1, 0, 1, 0, 1, 0, 0, 0, 0, 0, 0, 0, 0, 0, 1, 1, 0, 0, 0, 0, 0, 0, 0, 0, 0, 1, 0, 0, 0, 0, 0, 0, 0, 1, 1, 0, 0, 0, 0, 0, 0, 0, 0, 1, 0, 0, 0, 1, 0, 1, 0, 0, 1, 1, 0, 1, 1, 1, 0, 0, 1, 0, 1, 0, 0, 1, 1, 1, 1, 0, 0, 1, 0, 0, 1, 0, 0, 0, 0, 0, 0, 0, 0, 0, 0, 0, 0, 0, 0, 0, 0, 0, 0, 0, 0, 0, 0, 0, 0, 0, 0, 0, 0, 0, 0, 1, 0, 0, 0, 0, 0, 0, 0, 0, 1, 0, 0, 0, 0, 0, 0, 0, 0, 0, 0, 0, 0, 0, 0, 0, 0, 0, 0, 0, 0, 0, 0, 0, 0, 0, 0, 0, 0, 0, 0, 0, 0, 0, 0, 0, 0, 0, 1, 0, 0, 0, 0, 1, 0, 0, 0, 0, 1, 0, 0, 0, 0, 1, 0, 0, 0, 0, 0, 0, 0, 0, 0, 0, 0, 0, 0, 0, 0, 0, 0, 0, 1, 1, 0, 0, 0, 1, 1, 1, 0, 0, 0, 0, 0, 0, 0, 0, 1, 1, 1, 0, 0, 1, 0, 0, 0, 0, 0, 0, 1, 0, 0, 0, 0, 0, 1, 0, 0, 0, 0, 0, 0, 0, 0, 0, 0, 0, 0, 1, 0, 0, 1, 0, 0, 0, 0, 0, 1, 0, 0, 0, 0, 0, 0, 0, 0, 1, 1, 0, 0, 1, 0, 0, 0, 0, 0, 1, 0, 0, 0, 0, 0, 0]

BESTFULLDTWONE=(209, 400, 0.52249999999999996)
LISTFULLDTWONE=[0, 0, 1, 1, 0, 0, 1, 0, 1, 0, 0, 1, 0, 0, 0, 0, 1, 0, 1, 0, 0, 1, 1, 0, 0, 0, 1, 0, 1, 0, 0, 0, 1, 1, 1, 1, 1, 0, 0, 0, 0, 1, 1, 1, 1, 0, 1, 0, 0, 1, 1, 0, 0, 1, 1, 0, 0, 0, 1, 1, 0, 0, 1, 1, 1, 1, 1, 0, 0, 0, 1, 0, 1, 0, 1, 1, 0, 1, 1, 1, 1, 1, 1, 0, 0, 0, 1, 0, 0, 1, 1, 1, 1, 0, 0, 1, 0, 0, 0, 1, 0, 0, 0, 0, 0, 0, 0, 1, 0, 0, 1, 0, 0, 1, 1, 0, 1, 1, 0, 1, 0, 1, 0, 0, 0, 0, 1, 0, 1, 0, 0, 0, 0, 1, 0, 1, 0, 1, 1, 1, 1, 1, 1, 0, 1, 0, 0, 1, 1, 0, 1, 0, 1, 0, 1, 0, 1, 1, 0, 1, 1, 0, 0, 1, 1, 0, 0, 0, 1, 0, 1, 0, 0, 1, 1, 0, 0, 0, 0, 1, 1, 0, 1, 1, 0, 0, 0, 0, 1, 0, 0, 0, 1, 0, 0, 0, 0, 0, 1, 1, 0, 0, 1, 0, 0, 0, 1, 1, 1, 1, 1, 0, 1, 0, 1, 0, 1, 1, 1, 0, 1, 1, 0, 1, 0, 0, 0, 0, 1, 1, 0, 1, 1, 1, 1, 1, 1, 1, 1, 0, 1, 1, 0, 1, 1, 0, 1, 0, 1, 1, 1, 0, 0, 1, 1, 1, 1, 1, 0, 1, 0, 1, 0, 1, 1, 1, 1, 0, 0, 1, 0, 0, 1, 0, 0, 1, 1, 1, 1, 1, 0, 0, 0, 1, 0, 0, 0, 1, 1, 0, 1, 1, 0, 0, 0, 0, 1, 1, 0, 0, 1, 1, 0, 0, 1, 1, 1, 1, 1, 1, 1, 1, 1, 1, 1, 1, 0, 0, 0, 1, 0, 1, 0, 1, 0, 0, 1, 0, 0, 0, 1, 0, 1, 1, 0, 1, 0, 1, 1, 1, 1, 1, 0, 1, 1, 1, 0, 0, 0, 1, 0, 1, 0, 1, 1, 0, 1, 1, 1, 0, 1, 1, 0, 0, 0, 1, 0, 1, 0, 1, 0, 1, 1, 1, 0, 1, 1, 0, 1, 0, 1, 1, 0, 1, 1, 0, 0, 0, 0, 1, 1, 1, 0, 1, 1, 1, 1, 1, 0, 1]

BESTFULLDTWTWO=(176, 400, 0.44)
LISTFULLDTWTWO=[1, 0, 0, 0, 0, 0, 1, 1, 1, 1, 1, 0, 1, 0, 1, 1, 0, 1, 0, 0, 0, 1, 1, 0, 0, 1, 1, 0, 0, 0, 0, 1, 1, 1, 0, 0, 0, 0, 0, 1, 0, 0, 0, 1, 1, 0, 1, 0, 1, 0, 0, 0, 0, 0, 0, 0, 0, 0, 0, 0, 1, 0, 0, 1, 1, 0, 0, 0, 1, 1, 0, 0, 1, 0, 1, 1, 0, 1, 1, 1, 0, 1, 0, 0, 0, 0, 0, 0, 0, 1, 0, 0, 1, 0, 0, 0, 1, 0, 0, 1, 1, 0, 1, 0, 0, 1, 0, 0, 1, 0, 0, 1, 0, 0, 1, 1, 1, 1, 0, 0, 0, 0, 1, 0, 0, 1, 1, 1, 0, 1, 0, 1, 1, 1, 1, 0, 1, 1, 0, 0, 0, 0, 0, 1, 1, 1, 1, 1, 1, 0, 0, 0, 0, 1, 0, 1, 0, 0, 0, 0, 1, 1, 1, 0, 0, 1, 0, 0, 1, 1, 0, 0, 1, 0, 0, 0, 0, 1, 1, 1, 1, 1, 0, 1, 0, 1, 1, 0, 1, 1, 1, 0, 0, 1, 1, 1, 1, 1, 0, 1, 1, 1, 0, 0, 0, 0, 1, 1, 1, 1, 0, 1, 0, 1, 1, 0, 0, 1, 0, 1, 0, 0, 0, 0, 0, 0, 1, 0, 0, 0, 0, 1, 1, 1, 1, 0, 0, 0, 0, 0, 0, 1, 0, 1, 0, 1, 1, 0, 0, 0, 1, 1, 0, 0, 0, 0, 1, 0, 1, 0, 0, 0, 1, 1, 0, 0, 1, 0, 1, 1, 1, 0, 0, 0, 1, 0, 0, 1, 1, 0, 1, 0, 0, 0, 1, 1, 1, 0, 0, 1, 0, 0, 1, 1, 1, 0, 0, 0, 0, 0, 0, 0, 0, 0, 0, 0, 0, 0, 0, 1, 0, 0, 0, 0, 0, 1, 1, 1, 0, 1, 1, 1, 1, 0, 1, 1, 0, 1, 0, 0, 0, 1, 1, 0, 1, 1, 0, 0, 0, 1, 0, 1, 0, 1, 0, 0, 1, 0, 1, 1, 1, 1, 0, 1, 1, 0, 0, 0, 1, 1, 0, 0, 1, 0, 1, 1, 0, 0, 1, 1, 0, 0, 0, 0, 1, 0, 1, 1, 0, 1, 1, 0, 0, 1, 0, 1, 0, 0, 1, 0, 0, 0, 1, 1, 0, 1, 0, 1, 0, 1]

BESTCONSDTWONE=(54, 400, 0.13500000000000001)
LISTCONSDTWONE=[0, 0, 1, 0, 0, 1, 1, 0, 0, 0, 0, 0, 0, 0, 0, 0, 0, 0, 0, 0, 0, 0, 0, 0, 0, 0, 0, 0, 0, 0, 0, 0, 0, 0, 1, 0, 1, 0, 0, 0, 0, 1, 0, 0, 0, 0, 0, 0, 0, 0, 0, 0, 0, 0, 0, 0, 0, 0, 1, 0, 0, 0, 0, 0, 0, 0, 0, 0, 0, 0, 0, 0, 0, 0, 1, 0, 0, 0, 0, 0, 0, 0, 0, 0, 0, 0, 0, 0, 0, 0, 1, 0, 0, 0, 0, 0, 0, 0, 0, 0, 0, 0, 0, 0, 0, 0, 0, 0, 0, 0, 0, 0, 0, 0, 0, 0, 0, 0, 0, 0, 0, 0, 0, 0, 0, 0, 1, 0, 0, 0, 0, 0, 0, 0, 0, 0, 0, 1, 0, 0, 0, 0, 1, 0, 0, 0, 0, 0, 1, 0, 0, 0, 1, 0, 0, 0, 0, 0, 0, 0, 0, 0, 0, 1, 0, 0, 0, 0, 0, 0, 1, 0, 0, 0, 1, 0, 0, 0, 0, 0, 1, 0, 0, 0, 0, 0, 0, 0, 0, 0, 0, 0, 0, 0, 0, 0, 0, 0, 0, 1, 0, 0, 1, 0, 0, 0, 0, 0, 0, 0, 1, 0, 1, 0, 0, 0, 1, 0, 0, 1, 0, 0, 0, 0, 0, 0, 0, 0, 0, 0, 0, 0, 1, 0, 1, 0, 0, 1, 0, 0, 1, 0, 0, 1, 0, 0, 1, 0, 0, 0, 0, 0, 0, 0, 0, 0, 0, 0, 0, 0, 0, 1, 0, 0, 0, 1, 0, 0, 0, 0, 0, 0, 0, 0, 0, 1, 0, 0, 0, 0, 0, 0, 0, 0, 0, 0, 0, 0, 0, 0, 0, 0, 0, 0, 0, 0, 1, 0, 0, 0, 0, 0, 0, 0, 0, 1, 0, 1, 0, 1, 0, 0, 0, 1, 0, 0, 0, 0, 0, 0, 0, 0, 0, 1, 0, 0, 1, 0, 0, 0, 0, 0, 0, 0, 0, 1, 0, 0, 0, 0, 0, 1, 0, 1, 0, 0, 0, 0, 0, 1, 0, 0, 0, 0, 1, 0, 1, 1, 0, 0, 0, 0, 0, 0, 1, 1, 0, 0, 0, 1, 0, 0, 0, 0, 0, 0, 0, 0, 1, 0, 0, 0, 0, 0, 1, 0, 0, 0, 1, 0, 0, 1, 0, 0, 0, 0, 0, 0, 0, 0]

BESTCONSDTWTWO=(44, 400, 0.11)
LISTCONSDTWTWO=[0, 0, 0, 0, 0, 0, 0, 1, 0, 0, 1, 0, 0, 0, 0, 0, 0, 1, 0, 0, 0, 0, 0, 0, 0, 0, 0, 0, 0, 0, 0, 1, 0, 0, 0, 0, 0, 0, 0, 0, 0, 0, 0, 0, 0, 0, 0, 0, 1, 0, 0, 0, 0, 0, 0, 0, 0, 0, 0, 0, 0, 0, 0, 0, 0, 0, 0, 0, 0, 0, 0, 0, 0, 0, 1, 1, 0, 0, 0, 0, 0, 0, 0, 0, 0, 0, 0, 0, 0, 1, 0, 0, 0, 0, 0, 0, 0, 0, 0, 1, 0, 0, 0, 0, 0, 0, 0, 0, 0, 0, 0, 0, 0, 0, 0, 1, 0, 0, 0, 0, 0, 0, 0, 0, 0, 0, 0, 0, 0, 0, 0, 0, 1, 0, 1, 0, 1, 1, 0, 0, 0, 0, 0, 0, 0, 1, 1, 1, 0, 0, 0, 0, 0, 0, 0, 0, 0, 0, 0, 0, 1, 0, 0, 0, 0, 1, 0, 0, 0, 0, 0, 0, 0, 0, 0, 1, 0, 0, 0, 0, 0, 1, 0, 0, 0, 0, 0, 0, 1, 1, 0, 0, 1, 0, 0, 0, 0, 1, 0, 0, 0, 0, 0, 0, 0, 0, 0, 0, 0, 0, 0, 0, 0, 0, 0, 0, 0, 0, 0, 0, 0, 0, 0, 0, 0, 0, 0, 0, 0, 0, 0, 1, 0, 0, 0, 0, 0, 0, 0, 0, 0, 0, 0, 0, 0, 1, 1, 0, 0, 0, 0, 0, 0, 0, 0, 0, 0, 0, 0, 0, 0, 0, 0, 0, 0, 0, 0, 0, 0, 0, 0, 0, 0, 0, 0, 0, 0, 0, 0, 0, 0, 0, 0, 0, 0, 0, 0, 0, 0, 1, 0, 0, 0, 0, 1, 0, 0, 0, 0, 0, 0, 0, 0, 0, 0, 0, 0, 0, 0, 1, 0, 0, 0, 0, 0, 0, 0, 0, 1, 1, 0, 0, 0, 0, 1, 0, 0, 0, 0, 0, 0, 0, 0, 0, 0, 1, 0, 0, 0, 1, 0, 0, 0, 0, 0, 0, 1, 0, 0, 1, 0, 0, 0, 0, 0, 0, 0, 0, 1, 0, 0, 0, 0, 0, 0, 1, 0, 0, 1, 0, 0, 0, 0, 0, 0, 0, 0, 0, 0, 0, 0, 0, 0, 1, 0, 1, 0, 0, 0, 0, 0, 0, 0, 1, 0, 0, 0, 0, 0, 0]

BESTGEMONE=(5, 400, 0.012500000000000001)
LISTGEMONE=[0, 0, 0, 0, 0, 0, 0, 0, 0, 0, 0, 0, 0, 0, 0, 0, 0, 0, 0, 0, 0, 0, 0, 0, 0, 0, 0, 0, 0, 0, 0, 0, 0, 0, 0, 0, 0, 0, 0, 0, 0, 0, 0, 0, 0, 0, 0, 0, 0, 0, 0, 0, 0, 0, 0, 0, 0, 0, 0, 0, 0, 0, 0, 0, 0, 0, 0, 0, 0, 0, 0, 0, 0, 0, 0, 0, 0, 0, 0, 0, 0, 0, 0, 0, 0, 0, 0, 0, 0, 0, 0, 0, 0, 0, 0, 0, 0, 0, 0, 0, 0, 0, 0, 0, 0, 0, 0, 0, 0, 0, 0, 0, 0, 0, 0, 0, 0, 0, 0, 0, 0, 0, 0, 0, 0, 0, 0, 0, 0, 0, 0, 0, 0, 0, 0, 0, 0, 0, 0, 0, 0, 0, 0, 0, 0, 0, 1, 0, 0, 0, 0, 0, 0, 0, 0, 0, 0, 0, 0, 0, 0, 0, 0, 0, 0, 0, 0, 0, 0, 0, 0, 0, 0, 0, 0, 0, 0, 0, 0, 0, 0, 0, 0, 0, 0, 0, 0, 0, 0, 0, 0, 0, 0, 0, 0, 0, 0, 0, 0, 0, 0, 0, 0, 0, 0, 0, 0, 0, 0, 0, 0, 0, 0, 0, 0, 0, 0, 0, 0, 0, 0, 0, 0, 0, 0, 0, 0, 0, 0, 0, 0, 0, 0, 0, 1, 0, 0, 0, 0, 0, 0, 0, 0, 0, 0, 0, 0, 0, 0, 0, 0, 0, 0, 0, 0, 0, 0, 0, 0, 0, 0, 0, 0, 0, 0, 0, 0, 0, 0, 0, 0, 0, 0, 0, 0, 0, 0, 0, 0, 0, 0, 0, 0, 0, 0, 0, 0, 0, 0, 0, 0, 0, 0, 0, 0, 0, 0, 0, 0, 0, 0, 0, 0, 0, 0, 0, 0, 0, 0, 0, 0, 0, 0, 0, 0, 0, 0, 0, 0, 0, 0, 0, 0, 0, 0, 0, 0, 0, 0, 0, 0, 0, 0, 0, 0, 0, 0, 0, 0, 0, 0, 0, 0, 0, 0, 0, 0, 0, 0, 1, 0, 0, 0, 0, 1, 0, 0, 0, 0, 0, 0, 0, 0, 0, 0, 0, 0, 0, 0, 0, 0, 0, 0, 0, 0, 0, 0, 0, 0, 0, 0, 0, 0, 0, 0, 0, 0, 0, 0, 0, 0, 1, 0, 0, 0, 0, 0, 0, 0, 0]

BESTGEMTWO=(5, 400, 0.012500000000000001)
LISTGEMTWO=[0, 0, 0, 0, 0, 0, 0, 0, 0, 0, 0, 0, 1, 0, 0, 0, 0, 0, 0, 0, 0, 0, 0, 0, 0, 0, 0, 0, 0, 0, 0, 0, 0, 0, 0, 0, 0, 0, 0, 0, 0, 0, 0, 0, 0, 0, 0, 0, 0, 0, 0, 0, 0, 0, 0, 0, 0, 0, 0, 0, 0, 0, 0, 0, 0, 0, 0, 0, 0, 0, 0, 0, 0, 0, 0, 0, 0, 0, 0, 0, 0, 0, 0, 0, 0, 0, 0, 0, 0, 0, 0, 0, 0, 0, 0, 0, 0, 0, 0, 0, 0, 0, 0, 0, 0, 0, 0, 0, 0, 0, 0, 0, 0, 0, 0, 1, 0, 0, 0, 0, 1, 0, 0, 0, 0, 0, 0, 0, 0, 0, 0, 0, 0, 0, 0, 0, 0, 0, 0, 0, 0, 0, 0, 0, 0, 0, 0, 0, 0, 0, 0, 0, 0, 0, 0, 0, 0, 0, 0, 0, 0, 0, 0, 0, 0, 0, 0, 0, 0, 0, 0, 0, 0, 0, 0, 0, 0, 0, 0, 0, 0, 0, 0, 0, 0, 0, 0, 0, 0, 0, 0, 0, 0, 0, 0, 0, 0, 0, 0, 0, 0, 0, 0, 0, 0, 0, 0, 0, 0, 0, 0, 0, 0, 0, 0, 0, 0, 0, 0, 0, 0, 0, 0, 0, 0, 0, 0, 0, 0, 0, 0, 0, 0, 0, 0, 0, 0, 0, 0, 0, 0, 0, 0, 0, 0, 0, 0, 0, 0, 0, 0, 0, 0, 0, 0, 0, 0, 0, 0, 0, 0, 0, 0, 0, 0, 0, 0, 0, 0, 0, 0, 0, 0, 0, 0, 0, 0, 0, 0, 0, 0, 0, 0, 0, 0, 0, 0, 0, 0, 0, 0, 0, 0, 0, 0, 0, 0, 0, 0, 0, 0, 0, 0, 0, 0, 0, 0, 0, 0, 0, 0, 0, 0, 0, 0, 0, 0, 0, 0, 0, 0, 0, 0, 0, 0, 0, 0, 0, 0, 0, 0, 0, 0, 0, 0, 0, 0, 0, 0, 0, 0, 0, 0, 0, 0, 0, 0, 0, 0, 0, 0, 0, 0, 0, 0, 0, 0, 0, 0, 0, 0, 0, 0, 0, 0, 0, 0, 0, 0, 0, 0, 0, 0, 0, 0, 0, 0, 0, 0, 0, 1, 0, 0, 1, 0, 0, 0, 0, 0, 0, 0, 0, 0, 0, 0, 0, 0, 0, 0, 0]

