# indices of halve split with split for parameters)
INDEXONE=[922, 218, 240, 867, 494, 966, 648, 516, 700, 706, 654, 208, 420, 995, 437, 387, 448, 774, 170, 801, 403, 518, 49, 63, 745, 669, 118, 484, 926, 615, 146, 771, 342, 455, 202, 267, 820, 275, 560, 149, 574, 748, 541, 482, 322, 15, 411, 234, 896, 588, 410, 61, 904, 651, 7, 206, 486, 95, 139, 857, 274, 421, 977, 422, 1, 778, 718, 951, 279, 304, 290, 239, 584, 758, 630, 864, 883, 952, 224, 568, 906, 876, 542, 819, 192, 317, 359, 583, 52, 57, 78, 821, 352, 960, 692, 18, 639, 436, 782, 722, 221, 843, 948, 802, 795, 957, 489, 754, 338, 576, 311, 626, 412, 375, 358, 235, 390, 107, 545, 401, 305, 814, 552, 136, 875, 266, 598, 355, 973, 128, 721, 731, 520, 677, 739, 423, 207, 954, 868, 468, 725, 461, 765, 491, 916, 475, 111, 964, 743, 198, 153, 694, 441, 853, 565, 968, 785, 979, 663, 593, 276, 138, 174, 434, 386, 682, 32, 806, 969, 987, 587, 862, 637, 950, 915, 535, 756, 408, 974, 561, 246, 907, 343, 741, 955, 547, 284, 214, 324, 737, 16, 710, 407, 439, 334, 325, 610, 212, 711, 277, 786, 933, 779, 335, 980, 46, 416, 472, 163, 244, 599, 490, 450, 839, 364, 856, 594, 981, 344, 93, 302, 195, 175, 925, 672, 873, 21, 172, 306, 0, 432, 232, 898, 13, 554, 499, 62, 371, 798, 812, 28, 942, 189, 64, 573, 787, 784, 308, 470, 496, 406, 378, 394, 937, 720, 750, 797, 228, 553, 389, 271, 292, 445, 140, 331, 27, 430, 986, 972, 51, 257, 653, 834, 427, 833, 546, 562, 132, 315, 540, 165, 658, 346, 652, 55, 861, 830, 255, 525, 752, 670, 34, 211, 581, 604, 808, 116, 356, 222, 763, 37, 289, 585, 676, 481, 10, 41, 22, 117, 827, 332, 905, 884, 792, 173, 835, 151, 43, 611, 845, 726, 757, 544, 825, 702, 962, 740, 177, 603, 321, 614, 719, 458, 781, 699, 60, 889, 104, 79, 236, 940, 264, 991, 790, 201, 645, 811, 381, 377, 295, 714, 634, 762, 58, 326, 158, 203, 953, 488, 433, 842, 817, 122, 878, 501, 150, 601, 816, 35, 112, 314, 508, 996, 428, 81, 196, 527, 935, 313, 99, 579, 607, 963, 919, 77, 269, 728, 886, 927, 259, 650, 666, 297, 735, 734, 982, 75, 24, 578, 48]
INDEXLPONE=[866, 454, 791, 629, 312, 5, 772, 73, 680, 156, 646, 273, 959, 261, 45, 397, 976, 248, 665, 580, 860, 85, 649, 961, 521, 299, 23, 260, 148, 507, 161, 509, 42, 978, 379, 483, 190, 531, 998, 618, 225, 687, 36, 135, 333, 301, 120, 339, 115, 429, 404, 265, 249, 897, 944, 415, 241, 903, 105, 550, 776, 350, 967, 993, 219, 983, 258, 923, 309, 577, 689, 349, 690, 47, 914, 800, 805, 180, 620, 727, 612, 466, 83, 647, 453, 695, 134, 851, 20, 298, 794, 623, 25, 893, 732, 186, 368, 106, 882, 913]
INDEXTWO=[465, 624, 476, 917, 852, 90, 723, 388, 632, 823, 398, 841, 572, 29, 130, 517, 376, 327, 965, 679, 519, 92, 348, 759, 307, 288, 796, 984, 38, 253, 74, 946, 810, 730, 242, 272, 641, 660, 84, 536, 424, 396, 705, 619, 586, 847, 671, 328, 543, 591, 469, 143, 463, 70, 838, 402, 216, 380, 320, 592, 474, 256, 457, 233, 498, 209, 102, 767, 54, 910, 353, 678, 360, 94, 590, 822, 487, 176, 837, 217, 871, 392, 504, 285, 686, 294, 746, 854, 418, 179, 366, 68, 215, 385, 210, 438, 895, 899, 602, 567, 831, 409, 76, 538, 251, 478, 323, 330, 753, 426, 892, 621, 799, 589, 154, 661, 345, 460, 638, 71, 502, 414, 363, 357, 870, 902, 635, 462, 100, 157, 87, 53, 557, 696, 828, 17, 365, 485, 655, 6, 178, 245, 231, 223, 688, 281, 558, 865, 471, 492, 341, 204, 287, 885, 514, 152, 849, 813, 141, 282, 729, 473, 65, 858, 768, 456, 749, 464, 683, 631, 681, 435, 744, 989, 129, 291, 532, 67, 347, 452, 990, 82, 570, 582, 775, 3, 569, 548, 848, 155, 698, 121, 395, 640, 191, 888, 303, 340, 793, 96, 98, 526, 537, 529, 4, 337, 809, 815, 296, 701, 522, 393, 628, 571, 97, 773, 872, 970, 941, 80, 627, 644, 869, 510, 901, 881, 855, 613, 444, 329, 879, 9, 760, 939, 956, 936, 12, 803, 187, 824, 369, 193, 947, 110, 200, 566, 108, 742, 166, 766, 755, 836, 26, 72, 911, 181, 442, 596, 425, 159, 747, 125, 205, 372, 14, 127, 220, 230, 145, 144, 243, 636, 928, 894, 738, 399, 938, 850, 693, 147, 770, 929, 804, 254, 780, 310, 559, 949, 59, 101, 162, 707, 39, 918, 704, 33, 477, 515, 164, 673, 506, 992, 943, 643, 534, 530, 846, 237, 278, 413, 182, 900, 533, 840, 497, 50, 656, 30, 877, 493, 194, 556, 226, 263, 280, 443, 674, 383, 495, 268, 789, 185, 512, 891, 523, 908, 400, 716, 137, 123, 713, 446, 124, 912, 300, 675, 633, 431, 370, 31, 761, 114, 783, 459, 932, 361, 597, 524, 354, 286, 874, 829, 684, 86, 19, 44, 113, 447, 625, 777, 89, 807, 733, 697, 668, 551, 608, 374, 262, 971, 503, 667, 318, 319, 131, 685, 605, 920, 417, 826, 975, 549, 595, 564, 997, 563, 708, 909, 160, 362]
INDEXLPTWO=[188, 451, 373, 863, 270, 88, 91, 384, 405, 103, 500, 2, 382, 930, 539, 184, 642, 606, 832, 480, 283, 238, 367, 250, 657, 199, 213, 736, 479, 229, 171, 751, 252, 575, 818, 126, 11, 351, 724, 336, 921, 691, 616, 66, 40, 513, 293, 505, 69, 880, 715, 119, 109, 56, 528, 985, 931, 419, 703, 622, 859, 844, 167, 887, 600, 934, 709, 555, 712, 391, 664, 440, 788, 8, 467, 769, 988, 945, 169, 924, 958, 609, 133, 999, 890, 168, 659, 764, 717, 449, 994, 227, 183, 511, 617, 197, 316, 662, 247, 142]

# learned parameters for cdtw and gem
# dtw ((error, size, error/size), (window, sqr))
# gem ((error, size, error/size), (St0, St1, E, sym, sqr))
BESTLEARNCONSDTWONE=((5, 100, 0.050000000000000003), (0.01, True))
LISTLEARNCONSDTWONE=[((5, 100, 0.050000000000000003), (0.01, True)), ((9, 100, 0.089999999999999997), (0.0, True)), ((10, 100, 0.10000000000000001), (0.02, True)), ((17, 100, 0.17000000000000001), (0.029999999999999999, True)), ((22, 100, 0.22), (0.040000000000000001, True)), ((24, 100, 0.23999999999999999), (0.050000000000000003, True)), ((25, 100, 0.25), (0.059999999999999998, True)), ((26, 100, 0.26000000000000001), (0.070000000000000007, True)), ((29, 100, 0.28999999999999998), (0.080000000000000002, True)), ((30, 100, 0.29999999999999999), (0.089999999999999997, True)), ((32, 100, 0.32000000000000001), (0.10000000000000001, True)), ((33, 100, 0.33000000000000002), (0.11, True)), ((34, 100, 0.34000000000000002), (0.12, True)), ((34, 100, 0.34000000000000002), (0.13, True)), ((35, 100, 0.34999999999999998), (0.14000000000000001, True)), ((36, 100, 0.35999999999999999), (0.14999999999999999, True)), ((37, 100, 0.37), (0.16, True)), ((37, 100, 0.37), (0.17000000000000001, True)), ((37, 100, 0.37), (0.17999999999999999, True)), ((37, 100, 0.37), (0.19, True)), ((37, 100, 0.37), (0.20000000000000001, True))]

BESTLEARNGEMONE=((2, 100, 0.02), (2, 2, 0.03125, True, True))
LISTLEARNGEMONE=[((2, 100, 0.02), (2, 1, 0.03125, True, True)), ((2, 100, 0.02), (2, 2, 0.0078125, True, True)), ((2, 100, 0.02), (2, 2, 0.015625, True, True)), ((2, 100, 0.02), (2, 2, 0.03125, True, True)), ((2, 100, 0.02), (2, 2, 0.0625, True, True)), ((2, 100, 0.02), (2, 2, 0.125, True, True)), ((2, 100, 0.02), (2, 2, 0.25, True, True)), ((4, 100, 0.040000000000000001), (2, 1, 0.0078125, True, True)), ((4, 100, 0.040000000000000001), (2, 1, 0.015625, True, True)), ((4, 100, 0.040000000000000001), (2, 1, 0.0625, True, True)), ((9, 100, 0.089999999999999997), (2, 1, 0.00390625, True, True)), ((12, 100, 0.12), (2, 1, 0.125, True, True)), ((16, 100, 0.16), (2, 2, 0.00390625, True, True)), ((18, 100, 0.17999999999999999), (1, 1, 0.0078125, True, True)), ((18, 100, 0.17999999999999999), (1, 1, 0.015625, True, True)), ((18, 100, 0.17999999999999999), (1, 2, 0.0078125, True, True)), ((18, 100, 0.17999999999999999), (1, 2, 0.015625, True, True)), ((20, 100, 0.20000000000000001), (1, 1, 0.03125, True, True)), ((20, 100, 0.20000000000000001), (1, 2, 0.03125, True, True)), ((20, 100, 0.20000000000000001), (2, 2, 0.5, True, True)), ((21, 100, 0.20999999999999999), (1, 1, 0.00390625, True, True)), ((21, 100, 0.20999999999999999), (1, 2, 0.00390625, True, True)), ((29, 100, 0.28999999999999998), (1, 1, 0.0625, True, True)), ((29, 100, 0.28999999999999998), (1, 2, 0.0625, True, True)), ((35, 100, 0.34999999999999998), (1, 1, 0.125, True, True)), ((35, 100, 0.34999999999999998), (1, 2, 0.125, True, True)), ((40, 100, 0.40000000000000002), (2, 2, 0, True, True)), ((45, 100, 0.45000000000000001), (2, 1, 0.25, True, True)), ((47, 100, 0.46999999999999997), (1, 1, 0.25, True, True)), ((47, 100, 0.46999999999999997), (1, 2, 0.25, True, True)), ((56, 100, 0.56000000000000005), (2, 1, 0, True, True)), ((70, 100, 0.69999999999999996), (1, 1, 0.5, True, True)), ((70, 100, 0.69999999999999996), (1, 2, 0.5, True, True)), ((82, 100, 0.81999999999999995), (1, 1, 0, True, True)), ((82, 100, 0.81999999999999995), (1, 2, 0, True, True)), ((83, 100, 0.82999999999999996), (2, 1, 0.5, True, True))]

BESTLEARNCONSDTWTWO=((11, 100, 0.11), (0.01, True))
LISTLEARNCONSDTWTWO=[((11, 100, 0.11), (0.01, True)), ((12, 100, 0.12), (0.02, True)), ((16, 100, 0.16), (0.0, True)), ((17, 100, 0.17000000000000001), (0.029999999999999999, True)), ((19, 100, 0.19), (0.040000000000000001, True)), ((24, 100, 0.23999999999999999), (0.050000000000000003, True)), ((25, 100, 0.25), (0.059999999999999998, True)), ((28, 100, 0.28000000000000003), (0.070000000000000007, True)), ((28, 100, 0.28000000000000003), (0.080000000000000002, True)), ((29, 100, 0.28999999999999998), (0.089999999999999997, True)), ((29, 100, 0.28999999999999998), (0.10000000000000001, True)), ((29, 100, 0.28999999999999998), (0.11, True)), ((29, 100, 0.28999999999999998), (0.12, True)), ((30, 100, 0.29999999999999999), (0.13, True)), ((30, 100, 0.29999999999999999), (0.14000000000000001, True)), ((30, 100, 0.29999999999999999), (0.14999999999999999, True)), ((30, 100, 0.29999999999999999), (0.16, True)), ((30, 100, 0.29999999999999999), (0.17000000000000001, True)), ((30, 100, 0.29999999999999999), (0.17999999999999999, True)), ((30, 100, 0.29999999999999999), (0.19, True)), ((30, 100, 0.29999999999999999), (0.20000000000000001, True))]

BESTLEARNGEMTWO=((1, 100, 0.01), (2, 2, 0.0625, True, True))
LISTLEARNGEMTWO=[((1, 100, 0.01), (2, 2, 0.015625, True, True)), ((1, 100, 0.01), (2, 2, 0.03125, True, True)), ((1, 100, 0.01), (2, 2, 0.0625, True, True)), ((1, 100, 0.01), (2, 2, 0.125, True, True)), ((1, 100, 0.01), (2, 2, 0.25, True, True)), ((2, 100, 0.02), (2, 1, 0.03125, True, True)), ((2, 100, 0.02), (2, 1, 0.0625, True, True)), ((3, 100, 0.029999999999999999), (2, 1, 0.015625, True, True)), ((4, 100, 0.040000000000000001), (2, 2, 0.0078125, True, True)), ((7, 100, 0.070000000000000007), (2, 1, 0.0078125, True, True)), ((8, 100, 0.080000000000000002), (2, 1, 0.125, True, True)), ((15, 100, 0.14999999999999999), (1, 1, 0.015625, True, True)), ((15, 100, 0.14999999999999999), (1, 2, 0.015625, True, True)), ((16, 100, 0.16), (1, 1, 0.0078125, True, True)), ((16, 100, 0.16), (1, 2, 0.0078125, True, True)), ((16, 100, 0.16), (2, 2, 0.00390625, True, True)), ((17, 100, 0.17000000000000001), (2, 2, 0.5, True, True)), ((18, 100, 0.17999999999999999), (1, 1, 0.03125, True, True)), ((18, 100, 0.17999999999999999), (1, 2, 0.03125, True, True)), ((18, 100, 0.17999999999999999), (2, 1, 0.00390625, True, True)), ((21, 100, 0.20999999999999999), (1, 1, 0.00390625, True, True)), ((21, 100, 0.20999999999999999), (1, 2, 0.00390625, True, True)), ((27, 100, 0.27000000000000002), (1, 1, 0.0625, True, True)), ((27, 100, 0.27000000000000002), (1, 2, 0.0625, True, True)), ((36, 100, 0.35999999999999999), (1, 1, 0.125, True, True)), ((36, 100, 0.35999999999999999), (1, 2, 0.125, True, True)), ((36, 100, 0.35999999999999999), (2, 1, 0.25, True, True)), ((43, 100, 0.42999999999999999), (1, 1, 0.25, True, True)), ((43, 100, 0.42999999999999999), (1, 2, 0.25, True, True)), ((46, 100, 0.46000000000000002), (2, 2, 0, True, True)), ((57, 100, 0.56999999999999995), (2, 1, 0, True, True)), ((65, 100, 0.65000000000000002), (1, 1, 0.5, True, True)), ((65, 100, 0.65000000000000002), (1, 2, 0.5, True, True)), ((76, 100, 0.76000000000000001), (2, 1, 0.5, True, True)), ((77, 100, 0.77000000000000002), (1, 1, 0, True, True)), ((77, 100, 0.77000000000000002), (1, 2, 0, True, True))]


# error rates for different distance measures
# (error, size, error/size) and binary mask
BESTLPONE=(60, 400, 0.14999999999999999)
LISTLPONE=[1, 0, 1, 1, 0, 0, 0, 0, 1, 1, 0, 0, 1, 0, 0, 0, 0, 0, 0, 0, 0, 0, 0, 0, 0, 0, 0, 0, 1, 0, 0, 0, 0, 0, 0, 1, 0, 0, 0, 0, 0, 1, 0, 0, 1, 0, 0, 0, 0, 0, 0, 0, 0, 0, 0, 1, 0, 0, 0, 0, 0, 1, 0, 0, 0, 0, 0, 0, 0, 0, 0, 1, 0, 0, 0, 0, 0, 0, 0, 0, 0, 0, 1, 0, 0, 0, 0, 0, 1, 0, 0, 0, 0, 0, 0, 0, 0, 0, 0, 0, 0, 0, 0, 1, 1, 0, 1, 1, 0, 0, 0, 0, 0, 1, 0, 0, 0, 0, 1, 0, 0, 0, 0, 0, 0, 0, 0, 0, 0, 0, 0, 1, 0, 0, 0, 0, 0, 1, 0, 0, 0, 0, 0, 0, 0, 0, 0, 1, 0, 0, 1, 1, 0, 1, 0, 0, 0, 0, 0, 0, 0, 0, 0, 0, 0, 0, 0, 0, 0, 1, 0, 0, 0, 0, 0, 0, 1, 1, 0, 0, 0, 0, 0, 0, 1, 0, 0, 0, 0, 0, 0, 0, 0, 0, 0, 0, 0, 1, 0, 0, 1, 0, 0, 0, 0, 0, 1, 0, 0, 1, 0, 0, 0, 0, 0, 0, 1, 0, 0, 0, 0, 0, 0, 1, 0, 0, 1, 1, 0, 0, 0, 1, 0, 0, 0, 0, 0, 1, 1, 0, 0, 0, 0, 0, 0, 0, 0, 0, 0, 0, 1, 0, 0, 0, 0, 0, 0, 1, 0, 0, 0, 0, 0, 0, 0, 0, 0, 1, 0, 0, 1, 0, 0, 0, 0, 0, 0, 0, 0, 0, 0, 0, 0, 0, 0, 0, 1, 1, 0, 0, 0, 0, 0, 0, 0, 0, 0, 0, 1, 0, 0, 0, 0, 0, 0, 0, 0, 0, 0, 0, 0, 0, 0, 0, 1, 0, 0, 0, 0, 0, 1, 0, 0, 1, 0, 0, 0, 0, 0, 0, 0, 0, 0, 0, 0, 0, 0, 0, 0, 0, 0, 0, 0, 0, 0, 1, 1, 0, 0, 0, 0, 0, 1, 0, 0, 0, 0, 0, 0, 0, 0, 0, 0, 0, 0, 0, 0, 1, 0, 0, 0, 1, 0, 0, 0, 0, 0, 0, 0, 1, 0, 0, 0, 0, 0, 0, 0, 0, 0, 0, 0, 1, 0, 0, 0, 0, 0, 0, 1, 0]

BESTLPTWO=(70, 400, 0.17499999999999999)
LISTLPTWO=[0, 0, 0, 0, 0, 0, 0, 0, 0, 0, 0, 0, 0, 0, 0, 0, 0, 0, 0, 0, 0, 0, 0, 1, 0, 0, 0, 0, 0, 0, 0, 0, 0, 0, 0, 0, 0, 1, 0, 0, 0, 0, 0, 0, 0, 0, 0, 0, 0, 0, 0, 0, 0, 0, 0, 0, 0, 0, 0, 0, 0, 1, 1, 1, 0, 0, 0, 1, 0, 1, 0, 0, 0, 0, 0, 0, 0, 1, 0, 0, 0, 0, 1, 1, 0, 0, 0, 1, 0, 0, 0, 1, 0, 0, 0, 0, 0, 0, 0, 0, 0, 1, 0, 0, 1, 0, 0, 0, 1, 0, 0, 0, 0, 0, 0, 1, 0, 0, 0, 0, 0, 0, 0, 0, 0, 0, 0, 0, 0, 1, 0, 0, 1, 0, 0, 1, 0, 1, 0, 0, 0, 0, 0, 0, 0, 0, 0, 0, 0, 0, 0, 0, 0, 0, 0, 1, 1, 1, 0, 1, 0, 0, 0, 0, 1, 0, 1, 0, 0, 0, 0, 0, 0, 0, 0, 0, 0, 1, 0, 0, 0, 0, 0, 1, 0, 0, 1, 0, 1, 1, 0, 0, 0, 0, 0, 0, 0, 0, 0, 0, 0, 1, 0, 1, 0, 0, 0, 1, 0, 0, 0, 0, 0, 0, 0, 0, 0, 1, 0, 0, 0, 0, 0, 0, 0, 0, 0, 0, 0, 0, 0, 0, 0, 0, 0, 0, 1, 0, 0, 0, 1, 0, 0, 0, 1, 0, 1, 0, 0, 1, 0, 0, 0, 0, 1, 0, 0, 0, 0, 0, 0, 0, 0, 1, 0, 0, 0, 1, 0, 1, 1, 0, 0, 0, 0, 1, 0, 0, 0, 1, 1, 0, 0, 1, 0, 0, 0, 0, 0, 0, 0, 0, 0, 0, 0, 0, 0, 0, 0, 0, 0, 0, 0, 0, 1, 1, 1, 1, 0, 0, 0, 0, 0, 0, 0, 0, 1, 0, 0, 1, 1, 0, 0, 0, 0, 0, 0, 0, 1, 1, 0, 0, 0, 0, 0, 0, 0, 1, 0, 0, 0, 0, 0, 1, 0, 0, 0, 1, 0, 0, 1, 0, 0, 0, 0, 0, 0, 0, 0, 0, 0, 1, 0, 0, 0, 0, 0, 0, 0, 1, 0, 0, 0, 1, 1, 0, 0, 0, 0, 0, 0, 0, 0, 0, 0, 0, 0, 1, 0, 0, 0, 0, 1, 0, 0, 0, 1, 0, 1, 0]

BESTFULLDTWONE=(197, 400, 0.49249999999999999)
LISTFULLDTWONE=[1, 1, 0, 1, 0, 1, 1, 0, 1, 1, 0, 0, 1, 0, 1, 0, 1, 0, 1, 1, 0, 0, 0, 0, 1, 1, 0, 0, 1, 0, 0, 0, 1, 1, 0, 1, 0, 0, 1, 0, 1, 1, 0, 1, 1, 1, 0, 0, 1, 1, 0, 1, 1, 0, 0, 1, 1, 0, 0, 0, 0, 1, 1, 1, 1, 1, 0, 0, 0, 0, 1, 1, 1, 1, 0, 1, 0, 1, 1, 1, 0, 0, 1, 0, 0, 0, 0, 1, 0, 1, 0, 1, 1, 0, 0, 1, 0, 0, 0, 0, 0, 0, 1, 1, 0, 1, 1, 1, 0, 1, 1, 0, 1, 0, 1, 1, 1, 0, 1, 1, 1, 1, 1, 1, 0, 0, 0, 1, 1, 0, 0, 1, 0, 0, 1, 1, 0, 1, 1, 1, 1, 0, 0, 0, 1, 1, 0, 1, 1, 0, 0, 1, 1, 1, 0, 0, 0, 0, 1, 1, 0, 1, 0, 0, 0, 0, 1, 0, 1, 0, 1, 1, 0, 1, 0, 1, 1, 1, 0, 0, 0, 0, 1, 0, 1, 0, 1, 0, 1, 0, 1, 0, 0, 1, 1, 1, 0, 0, 1, 0, 1, 0, 1, 1, 0, 0, 1, 1, 1, 0, 1, 1, 1, 1, 1, 0, 1, 0, 1, 0, 0, 0, 0, 1, 1, 0, 0, 1, 0, 1, 0, 1, 0, 1, 1, 0, 1, 1, 1, 1, 0, 1, 0, 1, 1, 0, 1, 1, 1, 0, 1, 0, 1, 1, 0, 0, 1, 0, 0, 0, 0, 1, 1, 0, 0, 0, 0, 0, 0, 0, 1, 0, 0, 1, 1, 0, 1, 0, 0, 1, 0, 0, 0, 1, 0, 1, 1, 1, 1, 0, 1, 0, 1, 1, 0, 0, 1, 1, 1, 0, 0, 1, 1, 0, 1, 0, 0, 0, 0, 1, 1, 1, 1, 1, 1, 0, 0, 0, 0, 0, 1, 0, 1, 1, 1, 0, 1, 1, 0, 0, 0, 0, 0, 1, 1, 1, 0, 1, 0, 1, 1, 0, 0, 0, 1, 0, 1, 1, 1, 0, 1, 1, 0, 1, 0, 0, 0, 1, 1, 1, 0, 0, 1, 1, 0, 0, 0, 1, 0, 0, 0, 1, 0, 0, 0, 0, 0, 0, 1, 0, 1, 0, 0, 0, 0, 0, 0, 1, 0, 0, 0, 1, 1, 0, 0, 0, 1, 1, 1, 0]

BESTFULLDTWTWO=(199, 400, 0.4975)
LISTFULLDTWTWO=[0, 0, 1, 0, 0, 0, 1, 1, 1, 1, 0, 0, 0, 0, 1, 0, 1, 0, 0, 0, 1, 1, 0, 0, 0, 1, 1, 0, 1, 0, 1, 1, 0, 0, 0, 1, 1, 1, 0, 0, 0, 0, 0, 1, 1, 1, 1, 1, 1, 1, 0, 0, 0, 0, 0, 0, 1, 1, 1, 1, 1, 1, 0, 1, 0, 1, 1, 1, 0, 1, 0, 0, 1, 0, 1, 1, 1, 1, 0, 0, 1, 0, 1, 1, 0, 0, 0, 1, 0, 0, 0, 1, 0, 1, 0, 0, 0, 0, 0, 1, 0, 0, 1, 1, 1, 1, 1, 0, 1, 1, 1, 0, 1, 1, 0, 1, 1, 1, 1, 0, 0, 1, 1, 0, 0, 0, 1, 0, 1, 1, 1, 1, 0, 1, 1, 1, 1, 0, 1, 0, 0, 0, 0, 1, 0, 1, 1, 0, 1, 0, 1, 0, 1, 1, 0, 1, 1, 1, 0, 0, 0, 1, 1, 1, 1, 1, 1, 0, 0, 1, 0, 0, 1, 0, 0, 1, 1, 1, 0, 1, 0, 0, 0, 1, 0, 0, 1, 1, 1, 1, 0, 0, 0, 0, 0, 1, 1, 1, 0, 0, 0, 1, 1, 1, 0, 1, 0, 0, 0, 0, 0, 0, 1, 0, 0, 0, 0, 1, 1, 0, 1, 0, 1, 1, 0, 1, 0, 0, 0, 1, 1, 1, 1, 1, 0, 0, 1, 1, 0, 0, 0, 0, 0, 1, 1, 0, 1, 1, 0, 1, 1, 1, 0, 1, 0, 0, 1, 0, 0, 0, 1, 1, 1, 0, 1, 1, 1, 1, 0, 0, 0, 1, 1, 0, 1, 0, 0, 1, 0, 1, 1, 0, 0, 1, 1, 0, 0, 0, 1, 1, 0, 0, 0, 0, 0, 0, 1, 0, 0, 0, 0, 0, 1, 0, 1, 1, 1, 0, 0, 1, 0, 0, 1, 1, 0, 0, 1, 0, 0, 1, 1, 0, 0, 0, 1, 1, 1, 0, 1, 0, 0, 1, 1, 1, 1, 0, 0, 1, 1, 0, 1, 1, 0, 1, 0, 1, 1, 1, 1, 1, 0, 1, 0, 0, 0, 0, 0, 0, 1, 0, 1, 1, 0, 1, 0, 0, 0, 1, 1, 1, 0, 0, 0, 1, 1, 1, 0, 1, 0, 0, 1, 0, 1, 1, 0, 1, 0, 1, 1, 1, 0, 1, 0, 0, 0, 0, 1, 0, 1, 1]

BESTCONSDTWONE=(42, 400, 0.105)
LISTCONSDTWONE=[0, 0, 0, 0, 0, 0, 0, 0, 1, 1, 0, 0, 0, 0, 0, 0, 0, 0, 0, 0, 0, 0, 0, 0, 1, 0, 0, 0, 1, 0, 0, 0, 0, 1, 0, 0, 0, 0, 0, 0, 0, 1, 0, 0, 1, 0, 0, 0, 0, 0, 0, 0, 0, 0, 0, 1, 0, 0, 0, 0, 0, 1, 0, 0, 0, 0, 0, 0, 0, 0, 0, 1, 0, 0, 0, 0, 0, 0, 0, 0, 0, 0, 0, 0, 0, 0, 0, 0, 0, 0, 0, 0, 0, 0, 0, 0, 0, 0, 0, 0, 0, 0, 0, 0, 0, 0, 1, 1, 0, 0, 0, 0, 0, 0, 0, 0, 0, 0, 1, 0, 0, 0, 0, 0, 0, 0, 0, 0, 0, 0, 0, 1, 0, 0, 0, 0, 0, 0, 0, 0, 0, 0, 0, 0, 0, 0, 0, 1, 0, 0, 0, 1, 0, 0, 0, 0, 0, 0, 0, 0, 0, 0, 0, 0, 0, 0, 0, 0, 0, 0, 0, 0, 0, 0, 0, 0, 1, 0, 0, 0, 0, 0, 0, 0, 1, 0, 0, 0, 0, 0, 0, 0, 0, 0, 0, 0, 0, 1, 0, 0, 1, 0, 0, 0, 0, 0, 1, 0, 0, 0, 0, 0, 0, 0, 0, 0, 1, 0, 0, 0, 0, 0, 0, 0, 0, 0, 1, 0, 0, 0, 0, 1, 0, 0, 0, 0, 0, 1, 1, 0, 0, 0, 0, 0, 0, 0, 1, 0, 0, 0, 1, 0, 0, 0, 0, 0, 0, 0, 0, 0, 0, 0, 0, 0, 0, 0, 0, 0, 0, 0, 1, 0, 0, 0, 0, 0, 0, 0, 0, 1, 0, 0, 0, 0, 0, 0, 0, 1, 0, 0, 0, 0, 0, 0, 0, 0, 0, 0, 1, 0, 0, 0, 0, 0, 0, 0, 0, 0, 0, 0, 0, 0, 0, 0, 1, 0, 0, 0, 0, 0, 1, 0, 0, 1, 0, 0, 0, 0, 0, 0, 0, 0, 0, 0, 1, 0, 0, 0, 0, 0, 0, 0, 0, 0, 0, 0, 0, 0, 0, 0, 0, 0, 0, 0, 0, 0, 0, 0, 1, 0, 0, 0, 0, 0, 0, 0, 0, 1, 0, 0, 0, 1, 0, 0, 0, 0, 0, 0, 0, 0, 1, 0, 0, 0, 0, 0, 0, 0, 0, 0, 0, 1, 0, 0, 0, 0, 0, 0, 1, 0]

BESTCONSDTWTWO=(52, 400, 0.13)
LISTCONSDTWTWO=[0, 0, 0, 0, 0, 0, 0, 0, 0, 0, 0, 0, 0, 0, 1, 0, 0, 0, 0, 0, 0, 0, 0, 0, 0, 0, 0, 0, 0, 0, 0, 0, 0, 0, 0, 0, 0, 1, 0, 0, 0, 0, 0, 0, 0, 0, 0, 0, 0, 0, 0, 0, 0, 0, 0, 0, 0, 0, 0, 0, 0, 1, 1, 1, 0, 0, 0, 1, 0, 0, 0, 0, 1, 0, 0, 0, 0, 1, 0, 0, 0, 0, 1, 0, 0, 0, 0, 1, 0, 0, 0, 0, 0, 0, 0, 0, 0, 0, 0, 0, 0, 0, 0, 0, 0, 0, 0, 0, 0, 0, 0, 0, 0, 0, 0, 1, 0, 0, 0, 0, 0, 0, 0, 0, 0, 0, 0, 0, 0, 1, 0, 0, 0, 0, 0, 1, 0, 0, 0, 0, 0, 0, 0, 0, 0, 0, 0, 0, 0, 0, 0, 0, 0, 0, 0, 1, 0, 1, 0, 0, 0, 0, 0, 0, 1, 0, 1, 0, 0, 0, 0, 0, 1, 0, 1, 0, 0, 1, 0, 0, 0, 0, 0, 1, 0, 0, 1, 0, 0, 1, 0, 0, 0, 0, 0, 0, 0, 0, 0, 0, 0, 1, 0, 1, 0, 0, 0, 0, 0, 0, 0, 0, 0, 0, 0, 0, 0, 1, 0, 0, 0, 0, 1, 0, 0, 0, 0, 0, 0, 0, 0, 0, 0, 0, 0, 0, 1, 1, 0, 0, 0, 0, 0, 0, 1, 0, 1, 0, 0, 1, 0, 0, 0, 0, 0, 0, 0, 0, 0, 0, 1, 0, 0, 1, 0, 0, 0, 1, 0, 0, 0, 0, 0, 0, 0, 0, 0, 0, 0, 1, 0, 0, 0, 1, 0, 0, 0, 0, 0, 0, 0, 0, 0, 0, 0, 0, 0, 0, 0, 0, 0, 0, 0, 0, 0, 1, 1, 0, 0, 0, 0, 0, 0, 0, 0, 0, 1, 0, 0, 1, 1, 0, 0, 0, 0, 0, 0, 0, 1, 1, 0, 0, 1, 1, 0, 1, 0, 0, 0, 0, 0, 0, 0, 1, 0, 0, 0, 1, 0, 0, 0, 0, 0, 0, 0, 0, 0, 0, 0, 0, 1, 0, 0, 0, 0, 0, 0, 0, 0, 1, 0, 0, 0, 0, 0, 0, 0, 0, 0, 0, 0, 0, 0, 0, 0, 0, 0, 1, 0, 0, 0, 0, 0, 0, 0, 0, 0, 0, 0, 0]

BESTGEMONE=(7, 400, 0.017500000000000002)
LISTGEMONE=[0, 0, 0, 0, 0, 0, 0, 0, 0, 0, 0, 0, 0, 0, 0, 0, 0, 0, 0, 0, 0, 0, 0, 0, 0, 0, 0, 0, 0, 0, 0, 0, 0, 0, 0, 0, 0, 0, 0, 0, 0, 0, 0, 0, 0, 0, 0, 0, 0, 0, 0, 0, 0, 0, 0, 0, 0, 0, 0, 0, 0, 1, 0, 0, 0, 0, 0, 0, 0, 0, 0, 0, 0, 0, 0, 0, 0, 0, 0, 0, 0, 0, 0, 0, 0, 0, 0, 0, 0, 0, 0, 0, 0, 0, 0, 0, 0, 0, 0, 0, 0, 0, 0, 0, 1, 0, 0, 0, 1, 0, 0, 0, 0, 0, 0, 0, 0, 0, 0, 0, 0, 0, 0, 0, 0, 0, 0, 0, 0, 0, 0, 0, 0, 0, 0, 0, 0, 1, 0, 0, 0, 0, 0, 0, 0, 0, 0, 0, 0, 0, 0, 0, 0, 0, 0, 0, 0, 0, 0, 0, 0, 0, 0, 0, 0, 0, 0, 0, 0, 0, 0, 0, 0, 0, 0, 1, 0, 0, 0, 0, 0, 0, 0, 0, 0, 0, 0, 0, 0, 0, 0, 0, 0, 0, 0, 0, 0, 0, 0, 0, 0, 0, 0, 0, 0, 0, 1, 0, 0, 0, 0, 0, 0, 0, 0, 0, 0, 0, 0, 0, 0, 0, 0, 0, 0, 0, 0, 0, 0, 0, 0, 0, 0, 0, 0, 0, 0, 0, 0, 0, 0, 0, 0, 0, 0, 0, 0, 0, 0, 0, 0, 0, 0, 0, 0, 0, 0, 0, 0, 0, 0, 0, 0, 0, 0, 0, 0, 0, 0, 0, 0, 0, 0, 0, 0, 0, 0, 0, 0, 0, 0, 0, 0, 0, 0, 0, 0, 0, 0, 0, 0, 0, 0, 0, 0, 0, 0, 0, 0, 0, 0, 0, 0, 0, 1, 0, 0, 0, 0, 0, 0, 0, 0, 0, 0, 0, 0, 0, 0, 0, 0, 0, 0, 0, 0, 0, 0, 0, 0, 0, 0, 0, 0, 0, 0, 0, 0, 0, 0, 0, 0, 0, 0, 0, 0, 0, 0, 0, 0, 0, 0, 0, 0, 0, 0, 0, 0, 0, 0, 0, 0, 0, 0, 0, 0, 0, 0, 0, 0, 0, 0, 0, 0, 0, 0, 0, 0, 0, 0, 0, 0, 0, 0, 0, 0, 0, 0, 0, 0, 0, 0, 0, 0, 0, 0, 0, 0, 0, 0, 0]

BESTGEMTWO=(4, 400, 0.01)
LISTGEMTWO=[0, 0, 0, 0, 0, 0, 0, 0, 0, 0, 0, 0, 0, 0, 0, 0, 0, 0, 0, 0, 0, 0, 0, 0, 0, 0, 0, 0, 0, 0, 0, 0, 0, 0, 0, 0, 0, 0, 0, 0, 0, 0, 0, 0, 0, 0, 0, 0, 0, 0, 0, 0, 0, 0, 0, 0, 0, 0, 0, 0, 0, 0, 0, 1, 0, 0, 0, 0, 0, 0, 0, 0, 0, 0, 0, 0, 0, 0, 0, 0, 0, 0, 0, 0, 0, 0, 0, 0, 0, 0, 0, 0, 0, 0, 0, 0, 0, 0, 0, 0, 0, 0, 0, 0, 0, 0, 0, 0, 0, 0, 0, 0, 0, 0, 0, 1, 0, 0, 0, 0, 0, 0, 0, 0, 0, 0, 0, 0, 0, 0, 0, 0, 0, 0, 0, 0, 0, 0, 0, 0, 0, 0, 0, 0, 0, 0, 0, 0, 0, 0, 0, 0, 0, 0, 0, 0, 0, 0, 0, 0, 0, 0, 0, 0, 0, 0, 0, 0, 0, 0, 0, 0, 0, 0, 0, 0, 0, 0, 0, 0, 0, 0, 0, 0, 0, 0, 0, 0, 0, 0, 0, 0, 0, 0, 0, 0, 0, 0, 0, 0, 0, 0, 0, 0, 0, 0, 0, 0, 0, 0, 0, 0, 0, 0, 0, 0, 0, 0, 0, 0, 0, 0, 0, 0, 0, 0, 0, 0, 0, 0, 0, 0, 0, 0, 0, 0, 0, 0, 0, 0, 0, 0, 0, 0, 1, 0, 0, 0, 0, 0, 0, 0, 0, 0, 0, 0, 0, 0, 0, 0, 0, 0, 0, 0, 0, 0, 0, 0, 0, 0, 0, 0, 0, 0, 0, 0, 0, 0, 0, 0, 0, 0, 0, 0, 0, 0, 0, 0, 0, 0, 0, 0, 0, 0, 0, 0, 0, 0, 0, 0, 0, 0, 0, 0, 0, 0, 0, 0, 0, 0, 0, 0, 0, 0, 0, 0, 0, 0, 0, 1, 0, 0, 0, 0, 0, 0, 0, 0, 0, 0, 0, 0, 0, 0, 0, 0, 0, 0, 0, 0, 0, 0, 0, 0, 0, 0, 0, 0, 0, 0, 0, 0, 0, 0, 0, 0, 0, 0, 0, 0, 0, 0, 0, 0, 0, 0, 0, 0, 0, 0, 0, 0, 0, 0, 0, 0, 0, 0, 0, 0, 0, 0, 0, 0, 0, 0, 0, 0, 0, 0, 0, 0, 0, 0, 0, 0, 0, 0, 0, 0]

