# indices of halve split with split for parameters)
INDEXONE=[104, 209, 57, 814, 736, 4, 415, 521, 918, 494, 288, 777, 962, 219, 21, 48, 767, 309, 703, 86, 264, 666, 305, 207, 981, 158, 138, 710, 95, 501, 980, 834, 541, 846, 944, 820, 307, 314, 275, 234, 136, 745, 19, 470, 69, 798, 429, 684, 440, 717, 865, 951, 441, 588, 400, 879, 675, 49, 38, 849, 737, 956, 606, 645, 16, 884, 571, 7, 76, 672, 40, 577, 147, 177, 298, 954, 639, 516, 689, 960, 921, 815, 287, 520, 952, 773, 733, 542, 529, 611, 698, 975, 691, 247, 365, 715, 953, 852, 129, 721, 969, 125, 783, 801, 385, 478, 12, 650, 71, 108, 616, 833, 575, 636, 294, 800, 87, 988, 82, 303, 680, 807, 781, 162, 907, 134, 598, 230, 9, 79, 412, 322, 13, 487, 336, 345, 668, 406, 576, 465, 143, 154, 640, 972, 418, 811, 993, 840, 480, 631, 959, 333, 881, 227, 383, 934, 313, 282, 853, 435, 891, 353, 909, 135, 573, 601, 637, 460, 128, 928, 940, 965, 32, 644, 166, 59, 548, 362, 771, 791, 118, 971, 482, 625, 633, 466, 758, 444, 693, 927, 998, 708, 629, 206, 838, 509, 742, 451, 786, 779, 350, 738, 11, 253, 669, 378, 654, 37, 848, 945, 678, 382, 671, 381, 310, 553, 728, 662, 869, 958, 220, 473, 803, 123, 397, 278, 486, 861, 504, 54, 420, 752, 339, 613, 113, 3, 688, 528, 370, 424, 391, 23, 522, 699, 604, 594, 235, 552, 137, 763, 292, 898, 682, 746, 772, 961, 432, 161, 410, 164, 160, 862, 551, 475, 371, 221, 2, 142, 407, 242, 622, 210, 790, 224, 270, 977, 560, 964, 299, 831, 257, 985, 35, 277, 479, 545, 925, 269, 498, 159, 842, 285, 955, 36, 308, 608, 532, 508, 203, 919, 874, 148, 109, 26, 618, 817, 583, 596, 687, 867, 185, 572, 105, 318, 557, 851, 261, 331, 641, 41, 107, 190, 677, 329, 741, 211, 506, 428, 437, 115, 769, 665, 493, 810, 323, 155, 293, 248, 172, 794, 266, 624, 885, 178, 764, 864, 793, 236, 938, 33, 761, 914, 732, 923, 739, 983, 416, 398, 272, 110, 617, 674, 273, 100, 77, 335, 133, 239, 663, 796, 719, 195, 267, 377, 743, 392, 821, 260, 396, 565, 586, 711, 447, 630, 877, 132, 83, 837, 343, 244, 890, 530, 602, 754, 289, 204, 808, 65, 10, 464]
INDEXLPONE=[389, 785, 452, 283, 632, 626, 455, 775, 254, 740, 222, 567, 140, 354, 505, 615, 53, 519, 782, 467, 634, 511, 202, 911, 74, 593, 892, 297, 868, 623, 686, 20, 214, 713, 315, 725, 537, 582, 555, 80, 366, 906, 579, 0, 51, 180, 63, 870, 170, 970, 250, 726, 52, 676, 334, 843, 215, 931, 517, 547, 949, 827, 836, 92, 908, 197, 122, 327, 153, 527, 97, 367, 194, 997, 859, 813, 589, 64, 932, 358, 199, 171, 355, 499, 766, 476, 926, 578, 809, 905, 290, 30, 312, 368, 750, 910, 249, 102, 252, 804]
INDEXTWO=[512, 226, 886, 384, 876, 213, 514, 196, 984, 187, 387, 887, 151, 724, 751, 483, 847, 976, 856, 744, 584, 31, 797, 716, 987, 93, 612, 311, 301, 372, 448, 208, 360, 231, 875, 419, 564, 462, 973, 948, 240, 340, 916, 723, 433, 872, 401, 518, 543, 497, 237, 157, 44, 920, 924, 889, 436, 306, 756, 70, 880, 438, 697, 450, 328, 46, 395, 330, 523, 642, 179, 454, 556, 72, 585, 646, 319, 610, 316, 439, 866, 930, 258, 554, 873, 755, 937, 540, 913, 933, 619, 694, 168, 574, 702, 679, 342, 912, 5, 942, 780, 857, 649, 341, 896, 399, 845, 525, 223, 835, 735, 43, 982, 458, 692, 822, 491, 643, 286, 544, 15, 603, 704, 883, 446, 356, 614, 376, 966, 657, 106, 599, 191, 943, 357, 146, 472, 568, 500, 409, 829, 939, 787, 655, 979, 656, 29, 291, 673, 539, 408, 411, 587, 664, 638, 947, 681, 284, 899, 789, 176, 459, 217, 27, 268, 749, 538, 88, 685, 232, 379, 259, 75, 546, 563, 652, 149, 349, 700, 825, 183, 181, 903, 34, 696, 660, 502, 359, 156, 580, 28, 795, 839, 120, 141, 748, 878, 55, 449, 212, 477, 112, 850, 216, 901, 515, 116, 753, 85, 62, 169, 561, 60, 510, 456, 405, 453, 653, 731, 117, 683, 114, 421, 375, 96, 855, 999, 854, 592, 770, 897, 22, 121, 484, 265, 68, 50, 361, 670, 174, 1, 347, 489, 324, 718, 182, 296, 760, 792, 200, 963, 427, 661, 326, 17, 425, 73, 443, 784, 559, 818, 431, 471, 241, 600, 492, 295, 302, 150, 18, 393, 426, 768, 627, 524, 344, 8, 276, 89, 320, 844, 243, 828, 94, 58, 513, 488, 720, 900, 201, 205, 659, 714, 651, 722, 413, 78, 98, 658, 957, 823, 978, 990, 126, 812, 325, 706, 373, 423, 620, 25, 595, 24, 45, 173, 757, 936, 893, 218, 496, 281, 101, 363, 824, 806, 549, 747, 263, 894, 430, 163, 56, 569, 434, 61, 463, 607, 228, 707, 709, 490, 729, 119, 274, 468, 774, 917, 238, 469, 904, 279, 788, 967, 778, 526, 103, 255, 193, 233, 888, 765, 648, 332, 533, 701, 404, 280, 186, 995, 591, 922, 994, 871, 929, 621, 188, 131, 882, 445, 337, 474, 380, 124, 485, 386, 830, 841, 111, 390, 507, 317, 566, 66, 481, 609, 628, 364, 422, 986, 84]
INDEXLPTWO=[6, 759, 950, 175, 81, 712, 338, 144, 989, 495, 991, 90, 42, 860, 915, 403, 762, 605, 727, 776, 394, 667, 39, 374, 251, 348, 67, 946, 184, 935, 99, 352, 145, 351, 461, 974, 91, 590, 690, 799, 647, 246, 225, 863, 47, 503, 457, 346, 558, 581, 858, 417, 705, 369, 414, 300, 695, 832, 816, 802, 902, 536, 734, 992, 941, 388, 968, 535, 730, 597, 826, 165, 635, 321, 570, 192, 127, 805, 402, 14, 139, 442, 198, 550, 534, 130, 304, 562, 271, 996, 152, 256, 531, 245, 167, 229, 262, 895, 189, 819]

# learned parameters for cdtw and gem
# dtw ((error, size, error/size), (window, sqr))
# gem ((error, size, error/size), (St0, St1, E, sym, sqr))
BESTLEARNCONSDTWONE=((13, 100, 0.13), (0.01, True))
LISTLEARNCONSDTWONE=[((13, 100, 0.13), (0.01, True)), ((15, 100, 0.14999999999999999), (0.0, True)), ((15, 100, 0.14999999999999999), (0.02, True)), ((25, 100, 0.25), (0.029999999999999999, True)), ((27, 100, 0.27000000000000002), (0.040000000000000001, True)), ((30, 100, 0.29999999999999999), (0.050000000000000003, True)), ((34, 100, 0.34000000000000002), (0.059999999999999998, True)), ((34, 100, 0.34000000000000002), (0.070000000000000007, True)), ((34, 100, 0.34000000000000002), (0.080000000000000002, True)), ((34, 100, 0.34000000000000002), (0.089999999999999997, True)), ((34, 100, 0.34000000000000002), (0.10000000000000001, True)), ((36, 100, 0.35999999999999999), (0.11, True)), ((36, 100, 0.35999999999999999), (0.12, True)), ((37, 100, 0.37), (0.13, True)), ((37, 100, 0.37), (0.14000000000000001, True)), ((37, 100, 0.37), (0.14999999999999999, True)), ((37, 100, 0.37), (0.16, True)), ((38, 100, 0.38), (0.17000000000000001, True)), ((39, 100, 0.39000000000000001), (0.17999999999999999, True)), ((39, 100, 0.39000000000000001), (0.19, True)), ((39, 100, 0.39000000000000001), (0.20000000000000001, True))]

BESTLEARNGEMONE=((1, 100, 0.01), (2, 2, 0.125, True, True))
LISTLEARNGEMONE=[((1, 100, 0.01), (2, 2, 0.03125, True, True)), ((1, 100, 0.01), (2, 2, 0.0625, True, True)), ((1, 100, 0.01), (2, 2, 0.125, True, True)), ((1, 100, 0.01), (2, 2, 0.25, True, True)), ((2, 100, 0.02), (2, 2, 0.015625, True, True)), ((4, 100, 0.040000000000000001), (2, 1, 0.03125, True, True)), ((6, 100, 0.059999999999999998), (2, 1, 0.015625, True, True)), ((7, 100, 0.070000000000000007), (2, 2, 0.0078125, True, True)), ((8, 100, 0.080000000000000002), (2, 1, 0.0625, True, True)), ((14, 100, 0.14000000000000001), (1, 1, 0.015625, True, True)), ((14, 100, 0.14000000000000001), (1, 2, 0.015625, True, True)), ((14, 100, 0.14000000000000001), (2, 1, 0.0078125, True, True)), ((16, 100, 0.16), (1, 1, 0.0078125, True, True)), ((16, 100, 0.16), (1, 2, 0.0078125, True, True)), ((17, 100, 0.17000000000000001), (1, 1, 0.03125, True, True)), ((17, 100, 0.17000000000000001), (1, 2, 0.03125, True, True)), ((17, 100, 0.17000000000000001), (2, 1, 0.125, True, True)), ((17, 100, 0.17000000000000001), (2, 2, 0.5, True, True)), ((22, 100, 0.22), (1, 1, 0.0625, True, True)), ((22, 100, 0.22), (1, 2, 0.0625, True, True)), ((23, 100, 0.23000000000000001), (1, 1, 0.00390625, True, True)), ((23, 100, 0.23000000000000001), (1, 2, 0.00390625, True, True)), ((24, 100, 0.23999999999999999), (2, 2, 0.00390625, True, True)), ((30, 100, 0.29999999999999999), (2, 1, 0.00390625, True, True)), ((31, 100, 0.31), (1, 1, 0.125, True, True)), ((31, 100, 0.31), (1, 2, 0.125, True, True)), ((44, 100, 0.44), (1, 1, 0.25, True, True)), ((44, 100, 0.44), (1, 2, 0.25, True, True)), ((46, 100, 0.46000000000000002), (2, 1, 0.25, True, True)), ((54, 100, 0.54000000000000004), (2, 2, 0, True, True)), ((70, 100, 0.69999999999999996), (2, 1, 0, True, True)), ((71, 100, 0.70999999999999996), (1, 1, 0.5, True, True)), ((71, 100, 0.70999999999999996), (1, 2, 0.5, True, True)), ((74, 100, 0.73999999999999999), (1, 1, 0, True, True)), ((74, 100, 0.73999999999999999), (1, 2, 0, True, True)), ((82, 100, 0.81999999999999995), (2, 1, 0.5, True, True))]

BESTLEARNCONSDTWTWO=((5, 100, 0.050000000000000003), (0.01, True))
LISTLEARNCONSDTWTWO=[((5, 100, 0.050000000000000003), (0.01, True)), ((8, 100, 0.080000000000000002), (0.02, True)), ((9, 100, 0.089999999999999997), (0.0, True)), ((16, 100, 0.16), (0.029999999999999999, True)), ((21, 100, 0.20999999999999999), (0.040000000000000001, True)), ((26, 100, 0.26000000000000001), (0.050000000000000003, True)), ((26, 100, 0.26000000000000001), (0.059999999999999998, True)), ((28, 100, 0.28000000000000003), (0.070000000000000007, True)), ((29, 100, 0.28999999999999998), (0.080000000000000002, True)), ((29, 100, 0.28999999999999998), (0.089999999999999997, True)), ((29, 100, 0.28999999999999998), (0.10000000000000001, True)), ((30, 100, 0.29999999999999999), (0.11, True)), ((30, 100, 0.29999999999999999), (0.12, True)), ((32, 100, 0.32000000000000001), (0.13, True)), ((33, 100, 0.33000000000000002), (0.14000000000000001, True)), ((33, 100, 0.33000000000000002), (0.14999999999999999, True)), ((33, 100, 0.33000000000000002), (0.16, True)), ((33, 100, 0.33000000000000002), (0.17000000000000001, True)), ((34, 100, 0.34000000000000002), (0.17999999999999999, True)), ((34, 100, 0.34000000000000002), (0.19, True)), ((34, 100, 0.34000000000000002), (0.20000000000000001, True))]

BESTLEARNGEMTWO=((2, 100, 0.02), (2, 2, 0.0625, True, True))
LISTLEARNGEMTWO=[((2, 100, 0.02), (2, 2, 0.0078125, True, True)), ((2, 100, 0.02), (2, 2, 0.015625, True, True)), ((2, 100, 0.02), (2, 2, 0.03125, True, True)), ((2, 100, 0.02), (2, 2, 0.0625, True, True)), ((2, 100, 0.02), (2, 2, 0.125, True, True)), ((2, 100, 0.02), (2, 2, 0.25, True, True)), ((3, 100, 0.029999999999999999), (2, 1, 0.03125, True, True)), ((4, 100, 0.040000000000000001), (2, 1, 0.015625, True, True)), ((4, 100, 0.040000000000000001), (2, 1, 0.0625, True, True)), ((5, 100, 0.050000000000000003), (2, 1, 0.0078125, True, True)), ((9, 100, 0.089999999999999997), (2, 1, 0.125, True, True)), ((11, 100, 0.11), (2, 1, 0.00390625, True, True)), ((15, 100, 0.14999999999999999), (1, 1, 0.0078125, True, True)), ((15, 100, 0.14999999999999999), (1, 2, 0.0078125, True, True)), ((15, 100, 0.14999999999999999), (2, 2, 0.5, True, True)), ((16, 100, 0.16), (2, 2, 0.00390625, True, True)), ((18, 100, 0.17999999999999999), (1, 1, 0.00390625, True, True)), ((18, 100, 0.17999999999999999), (1, 1, 0.015625, True, True)), ((18, 100, 0.17999999999999999), (1, 2, 0.00390625, True, True)), ((18, 100, 0.17999999999999999), (1, 2, 0.015625, True, True)), ((22, 100, 0.22), (1, 1, 0.03125, True, True)), ((22, 100, 0.22), (1, 2, 0.03125, True, True)), ((26, 100, 0.26000000000000001), (1, 1, 0.0625, True, True)), ((26, 100, 0.26000000000000001), (1, 2, 0.0625, True, True)), ((33, 100, 0.33000000000000002), (1, 1, 0.125, True, True)), ((33, 100, 0.33000000000000002), (1, 2, 0.125, True, True)), ((39, 100, 0.39000000000000001), (2, 1, 0.25, True, True)), ((43, 100, 0.42999999999999999), (1, 1, 0.25, True, True)), ((43, 100, 0.42999999999999999), (1, 2, 0.25, True, True)), ((54, 100, 0.54000000000000004), (2, 2, 0, True, True)), ((58, 100, 0.57999999999999996), (2, 1, 0, True, True)), ((59, 100, 0.58999999999999997), (1, 1, 0.5, True, True)), ((59, 100, 0.58999999999999997), (1, 2, 0.5, True, True)), ((75, 100, 0.75), (1, 1, 0, True, True)), ((75, 100, 0.75), (1, 2, 0, True, True)), ((75, 100, 0.75), (2, 1, 0.5, True, True))]


# error rates for different distance measures
# (error, size, error/size) and binary mask
BESTLPONE=(57, 400, 0.14249999999999999)
LISTLPONE=[0, 0, 0, 0, 0, 0, 0, 0, 0, 0, 0, 1, 0, 0, 1, 0, 1, 0, 0, 0, 0, 1, 0, 0, 0, 0, 0, 0, 0, 0, 0, 0, 0, 1, 0, 0, 0, 0, 0, 0, 0, 0, 0, 0, 0, 0, 0, 0, 0, 1, 0, 0, 0, 0, 0, 0, 0, 0, 0, 1, 0, 0, 0, 1, 1, 0, 0, 0, 0, 0, 0, 1, 1, 0, 0, 0, 0, 0, 1, 0, 0, 1, 0, 0, 0, 0, 0, 0, 1, 0, 0, 0, 0, 0, 0, 1, 0, 1, 0, 0, 0, 0, 0, 0, 0, 1, 1, 0, 0, 1, 0, 0, 0, 0, 0, 0, 0, 0, 0, 0, 0, 0, 0, 0, 0, 0, 0, 1, 0, 0, 0, 0, 0, 0, 0, 0, 1, 1, 0, 0, 0, 0, 0, 0, 0, 1, 0, 0, 0, 0, 1, 0, 0, 1, 0, 0, 0, 1, 1, 0, 0, 0, 0, 0, 0, 0, 0, 0, 0, 0, 0, 0, 0, 0, 0, 0, 0, 0, 0, 0, 0, 0, 0, 0, 0, 0, 0, 0, 0, 0, 0, 1, 0, 0, 0, 0, 0, 1, 1, 0, 1, 0, 0, 0, 0, 0, 0, 1, 1, 0, 0, 0, 0, 0, 0, 0, 0, 0, 0, 0, 0, 0, 0, 0, 0, 0, 0, 0, 1, 0, 1, 0, 0, 0, 0, 0, 0, 0, 0, 0, 0, 0, 0, 0, 0, 1, 0, 0, 0, 0, 0, 0, 0, 0, 0, 0, 0, 1, 0, 0, 0, 0, 0, 0, 1, 0, 0, 0, 0, 0, 0, 0, 0, 0, 0, 0, 0, 1, 1, 0, 1, 0, 0, 0, 1, 1, 1, 0, 0, 0, 0, 1, 0, 0, 0, 0, 0, 1, 0, 0, 0, 0, 0, 0, 0, 0, 0, 0, 1, 0, 0, 0, 0, 0, 0, 0, 1, 0, 0, 0, 0, 0, 0, 0, 0, 0, 0, 0, 0, 0, 0, 0, 1, 0, 0, 1, 0, 0, 0, 0, 0, 0, 0, 0, 0, 0, 0, 0, 0, 0, 1, 0, 0, 0, 0, 0, 1, 0, 0, 0, 0, 0, 0, 0, 0, 0, 0, 1, 0, 0, 0, 0, 1, 0, 0, 0, 0, 0, 0, 0, 0, 0, 0, 0, 0, 0, 0, 0, 0, 1, 0, 1, 0, 1, 0, 0, 0, 0, 0, 0]

BESTLPTWO=(59, 400, 0.14749999999999999)
LISTLPTWO=[0, 0, 0, 0, 0, 0, 0, 0, 0, 0, 0, 0, 0, 1, 0, 0, 0, 0, 0, 0, 0, 0, 0, 1, 0, 0, 0, 0, 0, 1, 0, 0, 0, 0, 0, 0, 0, 0, 0, 0, 1, 0, 0, 0, 0, 0, 1, 0, 0, 0, 1, 1, 0, 1, 1, 0, 0, 0, 1, 0, 1, 0, 1, 0, 0, 0, 0, 0, 0, 0, 0, 0, 0, 0, 0, 0, 0, 0, 0, 0, 0, 1, 0, 0, 0, 0, 0, 0, 0, 0, 0, 1, 0, 0, 0, 0, 0, 1, 0, 0, 0, 0, 0, 0, 0, 0, 0, 0, 0, 0, 0, 0, 0, 0, 0, 0, 0, 0, 0, 0, 0, 0, 0, 0, 0, 0, 0, 0, 0, 0, 0, 0, 0, 0, 0, 0, 0, 0, 0, 0, 1, 0, 0, 0, 0, 1, 0, 0, 0, 0, 1, 0, 0, 0, 0, 0, 0, 0, 0, 0, 1, 0, 0, 0, 1, 1, 0, 0, 0, 1, 0, 0, 0, 1, 0, 0, 0, 0, 1, 1, 0, 0, 0, 0, 0, 1, 0, 0, 0, 0, 0, 1, 0, 0, 0, 1, 0, 0, 0, 1, 0, 0, 0, 0, 0, 0, 0, 0, 0, 0, 0, 0, 0, 0, 0, 0, 0, 0, 1, 0, 0, 0, 1, 1, 0, 0, 0, 1, 0, 0, 0, 0, 0, 0, 0, 1, 0, 0, 0, 0, 0, 0, 1, 0, 0, 0, 0, 0, 0, 1, 0, 0, 1, 0, 1, 0, 0, 0, 0, 0, 1, 1, 0, 0, 0, 0, 0, 0, 0, 0, 0, 0, 1, 0, 0, 0, 0, 0, 0, 0, 0, 1, 0, 0, 0, 0, 0, 0, 0, 0, 0, 0, 0, 0, 0, 0, 0, 0, 0, 0, 0, 1, 0, 1, 0, 0, 1, 0, 0, 0, 0, 1, 0, 0, 1, 0, 0, 0, 0, 0, 0, 0, 0, 0, 0, 0, 0, 0, 0, 0, 0, 0, 1, 0, 0, 0, 0, 1, 0, 1, 0, 0, 0, 0, 0, 0, 0, 1, 0, 0, 0, 0, 0, 0, 1, 0, 0, 0, 1, 0, 0, 0, 0, 0, 0, 0, 0, 0, 0, 0, 1, 1, 0, 0, 0, 0, 0, 0, 0, 0, 0, 0, 0, 1, 0, 1, 0, 0, 1, 0, 0, 0, 0, 0, 0, 0, 0, 0, 1, 0]

BESTFULLDTWONE=(195, 400, 0.48749999999999999)
LISTFULLDTWONE=[1, 1, 1, 1, 0, 0, 1, 1, 0, 0, 1, 1, 0, 0, 0, 0, 1, 1, 0, 1, 0, 1, 1, 0, 1, 0, 1, 0, 0, 0, 0, 1, 0, 1, 1, 0, 0, 0, 0, 0, 1, 1, 0, 1, 1, 1, 0, 0, 1, 1, 0, 1, 1, 1, 1, 1, 1, 0, 1, 1, 0, 0, 0, 0, 1, 0, 0, 0, 1, 1, 0, 1, 1, 0, 1, 1, 0, 0, 1, 0, 0, 0, 1, 0, 1, 0, 0, 0, 1, 0, 0, 0, 0, 1, 1, 1, 0, 0, 0, 0, 0, 0, 0, 1, 1, 1, 1, 0, 0, 1, 0, 1, 0, 1, 0, 1, 0, 0, 0, 1, 0, 0, 1, 0, 0, 0, 0, 1, 1, 0, 0, 1, 1, 1, 0, 1, 1, 1, 1, 0, 0, 0, 0, 0, 0, 1, 0, 1, 0, 1, 0, 1, 0, 1, 0, 0, 1, 0, 1, 0, 1, 0, 0, 0, 1, 0, 0, 0, 1, 1, 1, 0, 1, 0, 0, 1, 1, 1, 1, 1, 0, 0, 1, 1, 1, 0, 1, 0, 0, 0, 0, 1, 0, 1, 0, 0, 1, 1, 1, 1, 1, 0, 0, 0, 1, 0, 0, 0, 1, 1, 0, 1, 1, 1, 1, 0, 0, 0, 1, 0, 1, 1, 1, 0, 0, 0, 1, 1, 1, 1, 1, 0, 1, 0, 0, 0, 0, 1, 1, 0, 0, 0, 0, 1, 1, 1, 1, 0, 1, 0, 1, 0, 0, 0, 1, 0, 1, 1, 0, 0, 1, 1, 1, 1, 1, 0, 0, 0, 0, 0, 0, 0, 0, 1, 0, 1, 1, 1, 1, 0, 1, 0, 0, 1, 1, 1, 1, 0, 1, 0, 0, 1, 1, 0, 1, 0, 1, 1, 0, 0, 1, 1, 1, 0, 0, 0, 1, 0, 1, 1, 1, 0, 1, 1, 0, 0, 1, 0, 1, 0, 0, 0, 0, 1, 0, 1, 0, 0, 1, 1, 0, 1, 1, 0, 1, 1, 1, 1, 1, 1, 0, 0, 1, 0, 0, 1, 0, 1, 0, 0, 0, 0, 0, 1, 1, 1, 1, 0, 1, 1, 0, 1, 0, 1, 0, 1, 1, 1, 0, 1, 0, 0, 1, 0, 1, 0, 1, 1, 0, 0, 1, 1, 1, 0, 0, 0, 1, 0, 1, 0, 0, 1, 0, 1, 1, 0, 0, 1, 0, 0]

BESTFULLDTWTWO=(204, 400, 0.51000000000000001)
LISTFULLDTWTWO=[1, 0, 1, 1, 0, 0, 0, 0, 0, 0, 0, 0, 0, 1, 0, 0, 1, 0, 0, 1, 1, 1, 1, 1, 0, 0, 0, 1, 1, 0, 1, 0, 1, 0, 0, 1, 0, 0, 1, 1, 0, 1, 1, 1, 0, 0, 1, 0, 1, 0, 0, 1, 1, 1, 1, 0, 0, 0, 1, 0, 1, 0, 1, 1, 1, 0, 0, 0, 1, 0, 0, 1, 0, 1, 1, 1, 1, 0, 1, 1, 1, 1, 0, 0, 0, 1, 1, 1, 0, 0, 1, 0, 0, 1, 1, 0, 1, 1, 0, 1, 1, 0, 0, 1, 1, 0, 0, 1, 0, 0, 0, 0, 0, 0, 1, 1, 0, 0, 0, 1, 1, 0, 0, 0, 1, 1, 1, 1, 1, 1, 0, 1, 0, 1, 0, 0, 1, 1, 0, 0, 1, 1, 0, 1, 0, 1, 0, 1, 0, 1, 1, 0, 1, 0, 1, 0, 0, 1, 0, 0, 1, 0, 0, 0, 0, 1, 1, 0, 1, 1, 0, 0, 1, 0, 0, 1, 0, 1, 1, 1, 0, 0, 1, 0, 0, 1, 0, 1, 1, 1, 0, 0, 1, 0, 0, 1, 1, 0, 1, 0, 1, 0, 1, 1, 0, 0, 1, 1, 1, 1, 0, 1, 1, 1, 1, 0, 1, 0, 1, 0, 0, 1, 1, 0, 0, 0, 0, 1, 1, 1, 0, 0, 0, 0, 0, 1, 0, 1, 1, 0, 1, 1, 1, 1, 0, 0, 0, 1, 0, 1, 0, 1, 1, 0, 1, 0, 0, 1, 1, 1, 1, 1, 1, 0, 0, 0, 0, 0, 0, 1, 0, 1, 1, 1, 1, 1, 1, 0, 0, 1, 0, 0, 1, 0, 1, 0, 1, 0, 0, 1, 1, 1, 1, 0, 0, 1, 0, 0, 0, 1, 1, 1, 1, 0, 1, 1, 1, 1, 1, 0, 0, 1, 1, 1, 1, 0, 0, 0, 1, 0, 1, 1, 1, 0, 0, 1, 1, 0, 1, 0, 1, 1, 1, 0, 1, 0, 0, 0, 0, 1, 1, 0, 0, 0, 0, 0, 0, 0, 1, 1, 0, 0, 1, 1, 1, 0, 1, 0, 1, 1, 0, 1, 1, 1, 0, 0, 1, 0, 0, 1, 1, 1, 0, 0, 0, 0, 0, 1, 1, 1, 1, 1, 1, 0, 0, 1, 0, 0, 1, 1, 0, 0, 1, 1, 0, 1, 1, 1, 0, 0]

BESTCONSDTWONE=(46, 400, 0.115)
LISTCONSDTWONE=[0, 0, 0, 0, 0, 0, 0, 0, 0, 0, 0, 1, 0, 0, 0, 0, 1, 0, 0, 0, 0, 1, 0, 0, 0, 0, 0, 0, 0, 0, 0, 0, 0, 1, 0, 0, 0, 0, 0, 0, 0, 1, 0, 0, 0, 0, 0, 0, 1, 0, 0, 0, 0, 0, 0, 0, 0, 0, 0, 1, 0, 0, 0, 0, 0, 0, 0, 0, 0, 0, 0, 1, 1, 0, 0, 0, 0, 0, 1, 0, 0, 0, 0, 0, 0, 0, 0, 0, 1, 0, 0, 0, 0, 0, 0, 0, 0, 0, 1, 0, 0, 0, 0, 0, 0, 0, 1, 0, 0, 1, 0, 0, 0, 0, 0, 0, 0, 0, 0, 0, 0, 0, 0, 0, 0, 0, 0, 1, 0, 0, 0, 0, 0, 0, 0, 0, 1, 1, 0, 0, 0, 0, 0, 0, 0, 0, 0, 0, 0, 0, 0, 0, 0, 1, 0, 0, 0, 0, 0, 0, 1, 0, 0, 0, 0, 0, 0, 0, 0, 0, 0, 0, 0, 0, 0, 0, 0, 0, 0, 0, 0, 0, 0, 1, 0, 0, 0, 0, 0, 0, 0, 0, 0, 1, 0, 0, 0, 1, 1, 0, 0, 0, 0, 0, 0, 0, 0, 0, 0, 0, 0, 0, 0, 0, 0, 0, 0, 0, 1, 1, 0, 0, 0, 0, 0, 0, 0, 0, 1, 0, 0, 0, 0, 0, 0, 0, 0, 0, 0, 0, 0, 0, 0, 1, 0, 1, 0, 0, 0, 0, 0, 0, 0, 0, 0, 0, 0, 1, 0, 0, 0, 0, 0, 0, 0, 0, 0, 0, 0, 0, 0, 0, 0, 0, 0, 0, 0, 1, 0, 0, 1, 0, 0, 0, 1, 1, 0, 0, 0, 0, 0, 0, 1, 0, 0, 0, 0, 1, 0, 0, 0, 0, 0, 0, 0, 0, 0, 0, 1, 0, 0, 0, 0, 0, 0, 0, 1, 0, 0, 0, 0, 0, 0, 0, 0, 0, 0, 0, 0, 0, 0, 0, 1, 0, 0, 1, 0, 0, 1, 0, 0, 0, 0, 0, 0, 0, 0, 0, 0, 0, 0, 1, 0, 0, 0, 1, 1, 0, 0, 0, 0, 0, 0, 0, 0, 0, 0, 1, 0, 0, 0, 0, 0, 0, 0, 0, 0, 0, 0, 0, 0, 0, 0, 0, 0, 0, 0, 0, 0, 0, 0, 1, 0, 1, 0, 0, 0, 0, 0, 0]

BESTCONSDTWTWO=(46, 400, 0.115)
LISTCONSDTWTWO=[0, 0, 0, 0, 0, 0, 0, 0, 0, 0, 0, 0, 0, 1, 0, 0, 0, 0, 0, 1, 0, 0, 0, 0, 0, 0, 0, 0, 0, 1, 0, 0, 0, 0, 0, 0, 0, 0, 0, 0, 0, 0, 1, 0, 0, 0, 0, 0, 0, 0, 0, 1, 0, 1, 0, 0, 0, 0, 1, 0, 1, 0, 0, 0, 0, 0, 0, 0, 0, 0, 0, 0, 0, 0, 0, 0, 0, 0, 0, 0, 0, 1, 0, 0, 0, 0, 0, 1, 0, 0, 0, 0, 0, 0, 0, 0, 0, 1, 0, 0, 0, 0, 0, 0, 0, 0, 0, 0, 0, 0, 0, 0, 0, 0, 0, 0, 0, 0, 0, 0, 0, 0, 0, 0, 0, 0, 0, 0, 0, 0, 0, 0, 0, 0, 0, 0, 0, 0, 0, 0, 0, 0, 0, 0, 0, 1, 0, 0, 0, 0, 1, 0, 0, 0, 0, 0, 0, 0, 0, 0, 1, 0, 0, 0, 1, 1, 0, 0, 0, 1, 0, 0, 0, 0, 0, 0, 0, 0, 1, 1, 0, 0, 0, 0, 0, 1, 0, 0, 1, 0, 0, 0, 0, 0, 0, 1, 0, 0, 0, 1, 0, 0, 0, 0, 0, 0, 0, 0, 0, 0, 0, 0, 0, 0, 0, 0, 0, 0, 1, 0, 0, 0, 1, 0, 0, 0, 0, 1, 0, 0, 0, 0, 0, 0, 0, 1, 0, 0, 0, 0, 0, 0, 1, 0, 0, 0, 0, 0, 0, 1, 0, 0, 1, 0, 1, 0, 0, 0, 0, 0, 1, 1, 0, 0, 0, 0, 0, 0, 0, 0, 0, 0, 1, 0, 0, 0, 1, 0, 0, 0, 0, 0, 0, 0, 0, 0, 0, 0, 0, 0, 0, 0, 0, 0, 0, 0, 0, 0, 0, 0, 0, 1, 0, 0, 0, 0, 1, 0, 0, 0, 0, 1, 0, 0, 1, 0, 0, 0, 0, 0, 0, 0, 0, 0, 0, 0, 0, 0, 0, 0, 0, 0, 1, 0, 0, 0, 0, 0, 0, 1, 0, 0, 0, 0, 0, 0, 0, 0, 0, 0, 0, 0, 0, 0, 1, 0, 1, 0, 1, 0, 0, 0, 0, 0, 0, 0, 0, 0, 0, 0, 0, 1, 0, 0, 0, 0, 0, 0, 0, 0, 0, 0, 0, 0, 0, 0, 0, 0, 0, 0, 0, 0, 1, 0, 0, 0, 0, 0, 0, 0]

BESTGEMONE=(3, 400, 0.0074999999999999997)
LISTGEMONE=[0, 0, 0, 0, 0, 0, 0, 0, 0, 0, 0, 0, 0, 0, 0, 0, 0, 0, 0, 0, 0, 0, 0, 0, 0, 0, 0, 0, 0, 0, 0, 0, 0, 0, 0, 0, 0, 0, 0, 0, 0, 0, 0, 0, 0, 0, 0, 0, 0, 0, 0, 0, 0, 0, 0, 0, 0, 0, 0, 0, 0, 0, 0, 0, 0, 0, 0, 0, 0, 0, 0, 0, 0, 0, 0, 0, 0, 0, 0, 0, 0, 0, 0, 0, 0, 0, 0, 0, 0, 0, 0, 0, 0, 0, 0, 0, 0, 0, 0, 0, 0, 0, 0, 0, 0, 0, 0, 0, 0, 0, 0, 0, 0, 0, 0, 0, 0, 0, 0, 0, 0, 0, 0, 0, 0, 0, 0, 0, 0, 0, 0, 0, 0, 0, 0, 0, 0, 0, 0, 0, 0, 0, 0, 0, 0, 0, 0, 0, 0, 0, 0, 0, 0, 0, 0, 0, 0, 0, 0, 0, 0, 0, 0, 0, 0, 0, 0, 0, 0, 0, 0, 0, 0, 0, 0, 0, 0, 0, 0, 0, 0, 0, 0, 0, 0, 0, 0, 0, 0, 0, 0, 0, 0, 0, 0, 0, 0, 0, 0, 0, 0, 0, 0, 0, 0, 0, 0, 0, 0, 0, 0, 0, 0, 0, 0, 0, 0, 0, 0, 0, 0, 0, 0, 0, 0, 0, 0, 0, 0, 0, 0, 0, 0, 0, 0, 0, 0, 0, 0, 0, 0, 0, 0, 0, 0, 0, 0, 0, 0, 0, 0, 0, 0, 0, 0, 0, 0, 0, 0, 0, 0, 0, 0, 0, 0, 0, 0, 0, 0, 0, 0, 0, 0, 0, 0, 0, 0, 0, 0, 0, 0, 0, 0, 0, 0, 0, 0, 0, 0, 0, 0, 0, 0, 0, 0, 0, 0, 0, 0, 0, 0, 0, 0, 0, 0, 0, 0, 0, 0, 0, 0, 0, 0, 0, 0, 0, 0, 0, 0, 0, 0, 0, 0, 0, 0, 0, 0, 0, 0, 0, 0, 0, 1, 0, 0, 0, 0, 0, 0, 0, 0, 0, 0, 0, 0, 0, 0, 0, 0, 0, 0, 0, 0, 0, 0, 1, 1, 0, 0, 0, 0, 0, 0, 0, 0, 0, 0, 0, 0, 0, 0, 0, 0, 0, 0, 0, 0, 0, 0, 0, 0, 0, 0, 0, 0, 0, 0, 0, 0, 0, 0, 0, 0, 0, 0, 0, 0, 0, 0, 0]

BESTGEMTWO=(6, 400, 0.014999999999999999)
LISTGEMTWO=[0, 0, 0, 0, 0, 0, 0, 0, 0, 0, 0, 0, 0, 0, 0, 0, 0, 0, 0, 0, 0, 0, 0, 0, 0, 0, 0, 0, 0, 0, 0, 0, 0, 0, 0, 0, 0, 0, 0, 0, 0, 0, 0, 0, 0, 0, 0, 0, 0, 0, 0, 0, 0, 0, 0, 0, 0, 0, 0, 0, 0, 0, 0, 0, 0, 0, 0, 0, 0, 0, 0, 0, 0, 0, 0, 0, 0, 0, 0, 0, 0, 0, 0, 0, 0, 0, 0, 0, 0, 0, 0, 0, 0, 0, 0, 0, 0, 0, 0, 0, 0, 0, 0, 0, 0, 0, 0, 0, 0, 0, 0, 0, 0, 0, 0, 0, 0, 0, 0, 0, 0, 0, 0, 0, 0, 0, 0, 0, 0, 0, 0, 0, 0, 0, 0, 0, 0, 0, 0, 0, 0, 0, 0, 0, 0, 0, 0, 0, 0, 0, 0, 0, 0, 0, 0, 0, 0, 0, 0, 0, 0, 0, 0, 0, 0, 0, 0, 0, 0, 0, 0, 0, 0, 0, 0, 0, 0, 0, 0, 0, 0, 0, 0, 0, 0, 0, 0, 0, 0, 0, 0, 1, 0, 0, 0, 0, 0, 0, 0, 0, 0, 0, 0, 0, 0, 0, 0, 0, 0, 0, 0, 0, 0, 0, 0, 0, 0, 0, 0, 0, 0, 0, 1, 0, 0, 0, 0, 0, 0, 0, 0, 0, 0, 0, 0, 0, 0, 0, 0, 0, 0, 0, 0, 0, 0, 0, 0, 0, 0, 1, 0, 0, 1, 0, 0, 0, 0, 0, 0, 0, 0, 0, 0, 0, 0, 0, 0, 0, 0, 0, 0, 0, 0, 0, 0, 0, 0, 0, 0, 0, 0, 0, 0, 0, 0, 0, 0, 0, 0, 0, 0, 0, 0, 0, 0, 0, 0, 0, 0, 0, 0, 0, 0, 0, 0, 0, 0, 0, 0, 0, 0, 0, 0, 0, 0, 0, 0, 0, 0, 0, 0, 0, 0, 0, 0, 0, 0, 0, 0, 0, 0, 0, 0, 0, 0, 0, 0, 0, 0, 0, 0, 0, 0, 0, 0, 0, 0, 0, 0, 0, 0, 0, 0, 0, 0, 0, 0, 0, 1, 0, 0, 0, 0, 0, 0, 0, 0, 0, 0, 0, 0, 0, 0, 0, 0, 0, 0, 0, 0, 0, 0, 0, 0, 0, 0, 0, 0, 0, 0, 0, 0, 0, 0, 1, 0, 0, 0, 0, 0, 0]

