# indices of halve split with split for parameters)
INDEXONE=[743, 242, 250, 952, 194, 402, 939, 117, 201, 21, 461, 910, 453, 542, 338, 669, 162, 682, 83, 746, 877, 411, 834, 39, 124, 534, 808, 40, 799, 364, 714, 594, 187, 565, 296, 957, 197, 8, 111, 210, 971, 549, 271, 715, 440, 63, 680, 647, 182, 372, 959, 315, 796, 115, 529, 469, 85, 59, 449, 907, 423, 319, 114, 825, 934, 202, 505, 80, 965, 993, 193, 462, 650, 113, 475, 557, 904, 171, 723, 790, 72, 554, 265, 511, 772, 207, 905, 273, 18, 279, 88, 978, 6, 521, 351, 676, 612, 294, 268, 223, 747, 32, 317, 607, 981, 836, 147, 66, 222, 69, 797, 700, 579, 234, 154, 988, 822, 710, 346, 766, 141, 835, 830, 280, 104, 613, 24, 586, 745, 841, 487, 258, 310, 354, 912, 991, 968, 881, 499, 270, 699, 205, 216, 657, 867, 176, 585, 371, 173, 249, 71, 587, 330, 546, 178, 504, 208, 995, 430, 390, 55, 662, 344, 37, 395, 404, 788, 262, 241, 415, 785, 875, 801, 794, 800, 824, 919, 776, 401, 771, 894, 275, 518, 132, 184, 857, 23, 559, 211, 629, 331, 419, 139, 872, 77, 578, 356, 458, 610, 556, 306, 328, 653, 954, 725, 932, 814, 855, 67, 555, 685, 638, 0, 774, 157, 649, 566, 927, 76, 425, 274, 467, 593, 711, 20, 908, 533, 217, 324, 510, 964, 500, 174, 967, 956, 909, 447, 213, 90, 630, 574, 865, 107, 291, 126, 652, 56, 791, 4, 51, 261, 180, 634, 68, 668, 43, 515, 495, 702, 778, 459, 41, 936, 880, 54, 192, 582, 92, 994, 918, 228, 497, 885, 633, 307, 588, 288, 311, 851, 974, 970, 190, 817, 767, 692, 266, 138, 969, 209, 837, 300, 240, 709, 860, 442, 976, 256, 502, 539, 915, 118, 943, 62, 513, 169, 551, 620, 975, 866, 152, 675, 944, 243, 140, 606, 143, 888, 931, 864, 342, 703, 759, 2, 93, 519, 61, 903, 628, 387, 382, 407, 654, 297, 805, 100, 789, 763, 514, 558, 451, 87, 736, 484, 795, 601, 524, 852, 396, 807, 53, 889, 761, 829, 727, 239, 998, 958, 569, 618, 941, 632, 648, 479, 878, 285, 671, 660, 31, 148, 646, 378, 172, 170, 678, 424, 251, 121, 642, 101, 947, 408, 366, 602, 247, 225, 252, 302, 470, 435, 84, 567, 827, 28, 742, 913, 754, 212, 36, 46, 631]
INDEXLPONE=[16, 955, 750, 82, 215, 431, 716, 818, 859, 530, 434, 659, 843, 456, 48, 122, 433, 185, 189, 677, 70, 624, 753, 177, 455, 165, 940, 119, 137, 14, 245, 770, 987, 544, 277, 819, 977, 353, 985, 792, 863, 689, 179, 687, 739, 950, 902, 591, 897, 75, 933, 358, 492, 664, 493, 322, 334, 95, 651, 868, 686, 301, 879, 961, 737, 820, 938, 267, 464, 570, 418, 953, 421, 722, 284, 89, 541, 561, 883, 47, 38, 220, 379, 755, 410, 388, 564, 717, 619, 348, 527, 929, 568, 520, 882, 377, 891, 584, 204, 920]
INDEXTWO=[672, 181, 263, 713, 681, 226, 45, 833, 166, 996, 145, 422, 123, 708, 844, 813, 552, 130, 580, 543, 335, 598, 11, 394, 892, 826, 109, 720, 397, 436, 195, 626, 719, 845, 548, 691, 803, 196, 980, 235, 810, 704, 896, 259, 191, 150, 999, 49, 376, 597, 359, 990, 221, 471, 219, 416, 850, 414, 149, 309, 503, 832, 403, 336, 693, 856, 621, 86, 409, 443, 129, 325, 506, 439, 156, 573, 488, 327, 937, 186, 98, 398, 163, 611, 343, 3, 705, 203, 540, 99, 44, 886, 370, 380, 854, 318, 233, 890, 230, 741, 666, 793, 293, 312, 583, 917, 690, 417, 721, 728, 282, 9, 876, 347, 264, 757, 846, 942, 102, 604, 357, 286, 269, 609, 476, 916, 608, 303, 842, 428, 127, 696, 438, 732, 847, 523, 295, 997, 198, 287, 768, 545, 945, 773, 718, 29, 313, 547, 200, 764, 96, 783, 278, 389, 596, 643, 798, 244, 726, 516, 949, 361, 253, 112, 472, 134, 893, 214, 283, 590, 948, 786, 670, 146, 305, 413, 35, 25, 229, 531, 160, 227, 437, 605, 777, 674, 665, 924, 79, 735, 167, 457, 623, 560, 399, 486, 576, 254, 811, 526, 481, 50, 984, 133, 91, 683, 350, 701, 562, 603, 839, 482, 762, 815, 563, 535, 730, 183, 823, 345, 276, 485, 899, 135, 323, 33, 874, 760, 374, 749, 158, 125, 352, 900, 748, 320, 962, 536, 81, 363, 373, 575, 381, 641, 697, 400, 538, 405, 775, 478, 463, 466, 986, 314, 595, 694, 507, 30, 787, 862, 615, 501, 922, 930, 384, 337, 871, 52, 15, 238, 349, 935, 231, 840, 206, 911, 923, 420, 392, 97, 332, 765, 490, 802, 477, 525, 571, 577, 489, 901, 989, 432, 304, 589, 517, 367, 94, 340, 884, 12, 553, 661, 333, 635, 452, 921, 360, 532, 828, 858, 508, 474, 355, 17, 733, 758, 159, 10, 116, 110, 779, 622, 973, 769, 695, 460, 131, 329, 260, 873, 972, 78, 731, 581, 812, 103, 780, 816, 599, 105, 65, 614, 161, 616, 663, 272, 120, 362, 751, 321, 963, 491, 528, 446, 365, 299, 326, 153, 992, 522, 550, 782, 698, 57, 383, 369, 74, 108, 512, 60, 468, 784, 448, 734, 688, 740, 308, 426, 806, 237, 537, 427, 445, 627, 838, 951, 199, 255, 895, 224, 849, 34, 966, 26, 960, 136, 465, 19, 368, 248]
INDEXLPTWO=[441, 391, 861, 341, 128, 926, 289, 232, 64, 744, 298, 483, 712, 752, 887, 22, 640, 5, 684, 106, 707, 679, 914, 983, 756, 982, 738, 869, 667, 572, 946, 236, 73, 42, 168, 450, 7, 257, 429, 292, 218, 656, 444, 636, 870, 281, 58, 729, 13, 375, 781, 831, 151, 473, 509, 496, 144, 142, 164, 175, 188, 928, 658, 1, 339, 412, 592, 979, 898, 925, 316, 454, 645, 625, 386, 246, 393, 821, 724, 600, 385, 290, 809, 480, 673, 644, 637, 494, 498, 906, 617, 706, 639, 848, 406, 27, 155, 853, 804, 655]

# learned parameters for cdtw and gem
# dtw ((error, size, error/size), (window, sqr))
# gem ((error, size, error/size), (St0, St1, E, sym, sqr))
BESTLEARNCONSDTWONE=((4, 100, 0.040000000000000001), (0.01, True))
LISTLEARNCONSDTWONE=[((4, 100, 0.040000000000000001), (0.01, True)), ((7, 100, 0.070000000000000007), (0.0, True)), ((10, 100, 0.10000000000000001), (0.02, True)), ((17, 100, 0.17000000000000001), (0.029999999999999999, True)), ((27, 100, 0.27000000000000002), (0.040000000000000001, True)), ((30, 100, 0.29999999999999999), (0.050000000000000003, True)), ((31, 100, 0.31), (0.059999999999999998, True)), ((32, 100, 0.32000000000000001), (0.070000000000000007, True)), ((32, 100, 0.32000000000000001), (0.080000000000000002, True)), ((33, 100, 0.33000000000000002), (0.089999999999999997, True)), ((33, 100, 0.33000000000000002), (0.10000000000000001, True)), ((33, 100, 0.33000000000000002), (0.11, True)), ((33, 100, 0.33000000000000002), (0.12, True)), ((33, 100, 0.33000000000000002), (0.13, True)), ((34, 100, 0.34000000000000002), (0.14000000000000001, True)), ((34, 100, 0.34000000000000002), (0.14999999999999999, True)), ((35, 100, 0.34999999999999998), (0.16, True)), ((35, 100, 0.34999999999999998), (0.17000000000000001, True)), ((35, 100, 0.34999999999999998), (0.17999999999999999, True)), ((35, 100, 0.34999999999999998), (0.19, True)), ((35, 100, 0.34999999999999998), (0.20000000000000001, True))]

BESTLEARNGEMONE=((1, 100, 0.01), (2, 1, 0.0625, True, True))
LISTLEARNGEMONE=[((1, 100, 0.01), (2, 1, 0.03125, True, True)), ((1, 100, 0.01), (2, 1, 0.0625, True, True)), ((1, 100, 0.01), (2, 2, 0.25, True, True)), ((2, 100, 0.02), (2, 1, 0.015625, True, True)), ((2, 100, 0.02), (2, 2, 0.015625, True, True)), ((2, 100, 0.02), (2, 2, 0.03125, True, True)), ((2, 100, 0.02), (2, 2, 0.0625, True, True)), ((2, 100, 0.02), (2, 2, 0.125, True, True)), ((4, 100, 0.040000000000000001), (2, 1, 0.0078125, True, True)), ((7, 100, 0.070000000000000007), (1, 1, 0.015625, True, True)), ((7, 100, 0.070000000000000007), (1, 2, 0.015625, True, True)), ((7, 100, 0.070000000000000007), (2, 1, 0.125, True, True)), ((7, 100, 0.070000000000000007), (2, 2, 0.0078125, True, True)), ((10, 100, 0.10000000000000001), (1, 1, 0.0078125, True, True)), ((10, 100, 0.10000000000000001), (1, 1, 0.03125, True, True)), ((10, 100, 0.10000000000000001), (1, 2, 0.0078125, True, True)), ((10, 100, 0.10000000000000001), (1, 2, 0.03125, True, True)), ((14, 100, 0.14000000000000001), (2, 2, 0.5, True, True)), ((15, 100, 0.14999999999999999), (1, 1, 0.00390625, True, True)), ((15, 100, 0.14999999999999999), (1, 2, 0.00390625, True, True)), ((16, 100, 0.16), (2, 1, 0.00390625, True, True)), ((18, 100, 0.17999999999999999), (1, 1, 0.0625, True, True)), ((18, 100, 0.17999999999999999), (1, 2, 0.0625, True, True)), ((25, 100, 0.25), (2, 2, 0.00390625, True, True)), ((27, 100, 0.27000000000000002), (1, 1, 0.125, True, True)), ((27, 100, 0.27000000000000002), (1, 2, 0.125, True, True)), ((35, 100, 0.34999999999999998), (2, 1, 0.25, True, True)), ((38, 100, 0.38), (1, 1, 0.25, True, True)), ((38, 100, 0.38), (1, 2, 0.25, True, True)), ((52, 100, 0.52000000000000002), (2, 1, 0, True, True)), ((58, 100, 0.57999999999999996), (2, 2, 0, True, True)), ((62, 100, 0.62), (1, 1, 0.5, True, True)), ((62, 100, 0.62), (1, 2, 0.5, True, True)), ((68, 100, 0.68000000000000005), (1, 1, 0, True, True)), ((68, 100, 0.68000000000000005), (1, 2, 0, True, True)), ((79, 100, 0.79000000000000004), (2, 1, 0.5, True, True))]

BESTLEARNCONSDTWTWO=((9, 100, 0.089999999999999997), (0.01, True))
LISTLEARNCONSDTWTWO=[((9, 100, 0.089999999999999997), (0.01, True)), ((11, 100, 0.11), (0.0, True)), ((14, 100, 0.14000000000000001), (0.02, True)), ((20, 100, 0.20000000000000001), (0.029999999999999999, True)), ((22, 100, 0.22), (0.040000000000000001, True)), ((24, 100, 0.23999999999999999), (0.050000000000000003, True)), ((27, 100, 0.27000000000000002), (0.059999999999999998, True)), ((29, 100, 0.28999999999999998), (0.070000000000000007, True)), ((30, 100, 0.29999999999999999), (0.080000000000000002, True)), ((31, 100, 0.31), (0.089999999999999997, True)), ((32, 100, 0.32000000000000001), (0.10000000000000001, True)), ((32, 100, 0.32000000000000001), (0.11, True)), ((32, 100, 0.32000000000000001), (0.12, True)), ((33, 100, 0.33000000000000002), (0.13, True)), ((33, 100, 0.33000000000000002), (0.14000000000000001, True)), ((33, 100, 0.33000000000000002), (0.14999999999999999, True)), ((33, 100, 0.33000000000000002), (0.16, True)), ((33, 100, 0.33000000000000002), (0.17000000000000001, True)), ((33, 100, 0.33000000000000002), (0.17999999999999999, True)), ((33, 100, 0.33000000000000002), (0.19, True)), ((33, 100, 0.33000000000000002), (0.20000000000000001, True))]

BESTLEARNGEMTWO=((2, 100, 0.02), (2, 2, 0.125, True, True))
LISTLEARNGEMTWO=[((2, 100, 0.02), (2, 2, 0.03125, True, True)), ((2, 100, 0.02), (2, 2, 0.0625, True, True)), ((2, 100, 0.02), (2, 2, 0.125, True, True)), ((2, 100, 0.02), (2, 2, 0.25, True, True)), ((3, 100, 0.029999999999999999), (2, 2, 0.015625, True, True)), ((7, 100, 0.070000000000000007), (2, 1, 0.03125, True, True)), ((8, 100, 0.080000000000000002), (2, 1, 0.015625, True, True)), ((9, 100, 0.089999999999999997), (1, 1, 0.0078125, True, True)), ((9, 100, 0.089999999999999997), (1, 1, 0.015625, True, True)), ((9, 100, 0.089999999999999997), (1, 2, 0.0078125, True, True)), ((9, 100, 0.089999999999999997), (1, 2, 0.015625, True, True)), ((9, 100, 0.089999999999999997), (2, 1, 0.0078125, True, True)), ((10, 100, 0.10000000000000001), (2, 1, 0.0625, True, True)), ((10, 100, 0.10000000000000001), (2, 2, 0.0078125, True, True)), ((13, 100, 0.13), (1, 1, 0.03125, True, True)), ((13, 100, 0.13), (1, 2, 0.03125, True, True)), ((15, 100, 0.14999999999999999), (1, 1, 0.00390625, True, True)), ((15, 100, 0.14999999999999999), (1, 2, 0.00390625, True, True)), ((19, 100, 0.19), (1, 1, 0.0625, True, True)), ((19, 100, 0.19), (1, 2, 0.0625, True, True)), ((24, 100, 0.23999999999999999), (2, 2, 0.5, True, True)), ((25, 100, 0.25), (2, 1, 0.125, True, True)), ((26, 100, 0.26000000000000001), (2, 1, 0.00390625, True, True)), ((27, 100, 0.27000000000000002), (1, 1, 0.125, True, True)), ((27, 100, 0.27000000000000002), (1, 2, 0.125, True, True)), ((28, 100, 0.28000000000000003), (2, 2, 0.00390625, True, True)), ((49, 100, 0.48999999999999999), (1, 1, 0.25, True, True)), ((49, 100, 0.48999999999999999), (1, 2, 0.25, True, True)), ((51, 100, 0.51000000000000001), (2, 2, 0, True, True)), ((61, 100, 0.60999999999999999), (2, 1, 0, True, True)), ((62, 100, 0.62), (2, 1, 0.25, True, True)), ((70, 100, 0.69999999999999996), (1, 1, 0.5, True, True)), ((70, 100, 0.69999999999999996), (1, 2, 0.5, True, True)), ((71, 100, 0.70999999999999996), (1, 1, 0, True, True)), ((71, 100, 0.70999999999999996), (1, 2, 0, True, True)), ((88, 100, 0.88), (2, 1, 0.5, True, True))]


# error rates for different distance measures
# (error, size, error/size) and binary mask
BESTLPONE=(69, 400, 0.17249999999999999)
LISTLPONE=[0, 0, 1, 0, 1, 0, 0, 0, 0, 1, 0, 1, 0, 1, 0, 0, 0, 0, 0, 0, 0, 0, 0, 0, 0, 0, 0, 0, 0, 0, 0, 1, 0, 0, 0, 0, 1, 0, 0, 0, 0, 0, 0, 1, 0, 0, 0, 0, 0, 1, 1, 0, 0, 0, 1, 0, 0, 0, 0, 0, 0, 0, 0, 1, 0, 0, 0, 0, 0, 0, 0, 0, 0, 0, 0, 1, 0, 1, 0, 0, 0, 0, 0, 0, 0, 0, 0, 0, 0, 0, 0, 1, 0, 0, 0, 0, 0, 0, 1, 0, 0, 0, 0, 0, 0, 0, 1, 0, 1, 0, 0, 1, 0, 0, 0, 0, 0, 0, 0, 1, 0, 0, 1, 0, 0, 0, 0, 0, 0, 0, 0, 0, 0, 0, 1, 0, 0, 0, 0, 0, 1, 0, 0, 0, 1, 1, 0, 1, 1, 1, 0, 0, 0, 1, 0, 1, 0, 0, 0, 1, 0, 0, 0, 0, 0, 0, 0, 0, 0, 0, 0, 0, 0, 0, 0, 0, 0, 0, 1, 0, 0, 0, 0, 0, 0, 0, 0, 0, 0, 0, 0, 0, 0, 0, 0, 1, 0, 0, 0, 0, 0, 0, 0, 0, 0, 0, 0, 0, 1, 0, 0, 0, 0, 0, 1, 0, 0, 0, 0, 0, 0, 0, 0, 1, 0, 0, 0, 0, 0, 0, 1, 0, 0, 0, 0, 0, 0, 0, 0, 0, 0, 0, 0, 0, 1, 0, 0, 0, 0, 0, 1, 0, 0, 1, 1, 0, 0, 1, 0, 0, 0, 0, 0, 1, 0, 0, 1, 0, 1, 0, 0, 0, 0, 0, 0, 0, 0, 0, 0, 0, 1, 0, 0, 1, 0, 0, 0, 0, 0, 0, 0, 1, 0, 0, 0, 0, 1, 0, 0, 0, 0, 0, 0, 0, 0, 0, 0, 0, 0, 1, 0, 0, 1, 0, 0, 0, 0, 1, 0, 0, 0, 1, 0, 0, 0, 0, 1, 0, 0, 0, 0, 0, 0, 0, 0, 0, 0, 0, 0, 1, 0, 0, 0, 1, 0, 0, 0, 0, 0, 0, 0, 1, 1, 0, 1, 0, 1, 1, 0, 0, 0, 0, 1, 0, 1, 0, 1, 0, 0, 0, 0, 1, 0, 0, 0, 0, 0, 0, 0, 0, 1, 0, 0, 0, 0, 1, 0, 0, 0, 0, 0, 0, 0, 0, 0, 1, 1, 0, 0, 0]

BESTLPTWO=(62, 400, 0.155)
LISTLPTWO=[0, 0, 0, 0, 0, 0, 0, 0, 0, 0, 0, 0, 0, 0, 0, 1, 0, 0, 0, 0, 0, 0, 0, 0, 0, 0, 0, 0, 0, 0, 0, 0, 0, 0, 0, 0, 0, 0, 0, 0, 0, 0, 0, 1, 0, 0, 0, 0, 0, 0, 0, 0, 0, 0, 0, 1, 0, 0, 0, 0, 0, 0, 0, 0, 0, 0, 0, 0, 1, 0, 0, 0, 0, 0, 0, 0, 0, 0, 0, 0, 0, 0, 0, 0, 0, 0, 0, 0, 0, 1, 0, 0, 0, 0, 1, 0, 1, 0, 1, 0, 1, 0, 0, 0, 0, 0, 1, 0, 0, 0, 1, 0, 0, 0, 0, 0, 1, 0, 0, 0, 0, 0, 0, 0, 0, 0, 0, 0, 0, 0, 0, 0, 0, 0, 0, 0, 0, 0, 0, 0, 1, 0, 0, 0, 0, 0, 0, 0, 1, 0, 0, 0, 0, 0, 0, 0, 0, 1, 1, 0, 0, 0, 0, 0, 0, 0, 0, 0, 0, 0, 0, 1, 0, 0, 0, 0, 0, 0, 1, 0, 1, 1, 0, 0, 1, 0, 0, 1, 0, 0, 0, 1, 0, 0, 0, 0, 0, 1, 1, 1, 0, 0, 0, 0, 0, 0, 1, 0, 0, 0, 0, 0, 1, 1, 0, 0, 0, 0, 0, 0, 0, 1, 0, 0, 0, 0, 0, 0, 0, 1, 0, 0, 0, 0, 1, 0, 0, 0, 0, 0, 0, 0, 0, 0, 1, 0, 0, 0, 0, 1, 0, 0, 1, 0, 0, 1, 0, 0, 0, 0, 0, 0, 1, 1, 0, 0, 0, 1, 0, 1, 0, 0, 0, 0, 1, 1, 0, 1, 0, 0, 0, 0, 0, 1, 0, 0, 0, 1, 1, 0, 0, 0, 0, 0, 0, 1, 0, 0, 0, 1, 0, 1, 0, 0, 0, 0, 0, 0, 0, 0, 1, 0, 0, 1, 0, 0, 0, 0, 0, 0, 0, 0, 0, 0, 1, 0, 0, 0, 0, 0, 0, 0, 1, 0, 0, 0, 0, 1, 0, 0, 0, 0, 1, 0, 0, 0, 0, 0, 0, 0, 0, 0, 0, 0, 0, 1, 0, 1, 0, 0, 0, 0, 0, 0, 0, 1, 0, 1, 0, 0, 0, 0, 0, 0, 0, 0, 0, 0, 0, 1, 0, 0, 1, 0, 0, 0, 0, 0, 0, 0, 1, 0, 0, 0, 0, 0, 0, 0, 0, 0]

BESTFULLDTWONE=(201, 400, 0.50249999999999995)
LISTFULLDTWONE=[1, 0, 1, 1, 1, 0, 1, 0, 1, 0, 0, 1, 1, 1, 0, 1, 0, 0, 1, 0, 0, 0, 1, 0, 0, 1, 0, 0, 1, 1, 1, 1, 0, 0, 0, 1, 1, 1, 0, 0, 0, 0, 0, 1, 1, 0, 0, 0, 0, 0, 0, 0, 1, 1, 1, 1, 1, 1, 1, 0, 1, 1, 1, 1, 0, 0, 0, 0, 0, 0, 0, 0, 0, 0, 1, 0, 0, 1, 1, 0, 1, 1, 0, 0, 1, 0, 1, 0, 1, 0, 0, 1, 0, 1, 1, 0, 0, 0, 0, 1, 1, 1, 0, 0, 1, 1, 1, 1, 1, 1, 1, 1, 1, 0, 0, 0, 1, 0, 0, 1, 0, 0, 1, 1, 1, 0, 1, 1, 1, 0, 1, 0, 0, 1, 1, 0, 1, 0, 0, 0, 1, 1, 1, 1, 1, 1, 1, 1, 1, 1, 0, 1, 0, 0, 0, 1, 0, 0, 0, 1, 0, 0, 1, 0, 0, 0, 0, 0, 0, 1, 0, 0, 1, 1, 1, 0, 0, 1, 1, 1, 1, 0, 0, 0, 0, 0, 1, 1, 1, 1, 0, 1, 0, 0, 0, 1, 1, 0, 0, 0, 0, 1, 0, 0, 1, 0, 1, 0, 1, 1, 1, 1, 1, 0, 1, 0, 0, 0, 1, 0, 0, 0, 1, 1, 1, 0, 1, 0, 1, 1, 1, 0, 0, 1, 0, 0, 1, 0, 0, 0, 1, 0, 0, 1, 0, 1, 1, 1, 0, 0, 1, 0, 1, 1, 1, 0, 1, 1, 1, 1, 0, 0, 0, 1, 1, 0, 1, 1, 1, 0, 0, 0, 1, 0, 0, 1, 1, 1, 0, 0, 1, 0, 0, 1, 1, 0, 1, 1, 1, 0, 0, 0, 1, 1, 1, 0, 1, 0, 1, 1, 0, 1, 1, 0, 0, 1, 0, 0, 1, 1, 1, 1, 0, 0, 0, 0, 1, 1, 1, 1, 1, 1, 0, 0, 1, 1, 1, 1, 0, 1, 0, 0, 1, 1, 1, 0, 0, 0, 1, 1, 1, 0, 0, 0, 0, 1, 0, 0, 0, 1, 0, 0, 1, 0, 1, 1, 0, 1, 0, 1, 0, 1, 0, 1, 1, 1, 1, 0, 1, 1, 0, 1, 1, 0, 0, 1, 0, 0, 1, 0, 1, 0, 0, 1, 0, 0, 0, 1, 0, 0, 1, 1, 0, 1, 0, 1, 0, 1, 0, 1]

BESTFULLDTWTWO=(209, 400, 0.52249999999999996)
LISTFULLDTWTWO=[1, 0, 0, 1, 1, 0, 1, 1, 0, 0, 0, 1, 0, 1, 0, 1, 0, 1, 1, 1, 1, 0, 0, 1, 1, 1, 1, 0, 0, 0, 0, 0, 0, 0, 1, 0, 1, 0, 0, 1, 0, 1, 1, 0, 0, 0, 0, 0, 1, 1, 0, 0, 0, 1, 1, 1, 1, 1, 0, 1, 0, 0, 0, 0, 0, 0, 0, 1, 0, 1, 0, 1, 0, 1, 1, 1, 1, 0, 1, 0, 0, 0, 1, 0, 1, 0, 0, 0, 1, 0, 0, 1, 1, 1, 1, 1, 1, 0, 1, 0, 1, 1, 1, 0, 1, 0, 1, 1, 0, 0, 0, 1, 0, 0, 0, 0, 1, 1, 1, 0, 0, 0, 0, 0, 1, 1, 0, 1, 0, 0, 1, 1, 0, 0, 1, 1, 0, 0, 0, 1, 1, 1, 1, 0, 0, 0, 1, 0, 1, 0, 0, 0, 0, 0, 0, 0, 1, 0, 1, 1, 0, 1, 0, 0, 1, 0, 0, 0, 1, 1, 1, 1, 1, 0, 1, 1, 0, 0, 0, 1, 1, 1, 1, 0, 1, 1, 1, 1, 0, 0, 0, 0, 1, 1, 1, 1, 1, 1, 1, 1, 1, 1, 0, 1, 1, 0, 1, 0, 1, 0, 1, 1, 0, 0, 0, 1, 0, 0, 1, 1, 0, 0, 0, 0, 1, 0, 1, 1, 1, 1, 0, 1, 1, 0, 1, 1, 0, 1, 1, 1, 0, 1, 1, 0, 1, 1, 1, 0, 0, 1, 0, 0, 0, 0, 0, 1, 1, 0, 0, 1, 0, 0, 1, 1, 1, 1, 1, 0, 1, 0, 1, 0, 0, 1, 1, 0, 1, 1, 0, 0, 1, 0, 1, 0, 1, 1, 0, 1, 1, 0, 0, 1, 0, 1, 0, 1, 0, 1, 0, 1, 0, 1, 1, 1, 1, 0, 1, 1, 1, 1, 1, 1, 1, 1, 0, 0, 0, 0, 1, 1, 1, 0, 1, 0, 0, 1, 0, 1, 1, 0, 1, 0, 1, 1, 1, 0, 1, 1, 1, 1, 1, 0, 1, 0, 1, 1, 0, 1, 0, 0, 0, 0, 0, 1, 1, 1, 0, 0, 0, 0, 1, 0, 0, 1, 0, 0, 1, 1, 1, 1, 1, 1, 1, 0, 0, 1, 1, 0, 0, 0, 1, 1, 1, 1, 0, 0, 1, 1, 0, 1, 0, 0, 1, 0, 0, 1, 0, 0, 1, 1]

BESTCONSDTWONE=(54, 400, 0.13500000000000001)
LISTCONSDTWONE=[0, 0, 1, 0, 1, 0, 0, 0, 0, 1, 0, 1, 0, 0, 0, 0, 0, 0, 0, 0, 0, 0, 0, 0, 0, 0, 0, 0, 0, 0, 0, 1, 0, 0, 0, 0, 1, 1, 0, 0, 0, 0, 0, 0, 1, 0, 0, 0, 0, 1, 0, 0, 0, 0, 1, 0, 0, 0, 0, 0, 0, 0, 0, 1, 0, 0, 0, 0, 0, 0, 0, 0, 0, 0, 0, 0, 0, 1, 0, 0, 0, 0, 0, 0, 0, 0, 0, 0, 0, 0, 0, 1, 0, 0, 0, 0, 0, 0, 1, 0, 0, 0, 0, 0, 0, 0, 1, 1, 1, 0, 0, 1, 0, 0, 0, 0, 0, 0, 0, 1, 0, 0, 0, 0, 0, 0, 0, 0, 1, 0, 0, 0, 0, 0, 1, 0, 0, 0, 0, 0, 1, 0, 0, 0, 0, 1, 0, 0, 1, 0, 0, 0, 0, 0, 0, 1, 0, 0, 0, 0, 0, 0, 0, 0, 0, 0, 0, 0, 0, 0, 0, 0, 0, 0, 0, 0, 0, 0, 0, 0, 0, 0, 0, 0, 0, 0, 0, 0, 0, 0, 0, 0, 0, 0, 0, 1, 0, 0, 0, 0, 0, 0, 0, 0, 0, 0, 0, 0, 1, 0, 0, 0, 0, 0, 1, 0, 0, 0, 0, 0, 0, 0, 0, 0, 0, 1, 0, 0, 0, 0, 1, 0, 0, 0, 0, 0, 0, 0, 0, 0, 0, 0, 0, 0, 0, 0, 0, 0, 0, 0, 1, 0, 0, 0, 1, 0, 0, 1, 0, 0, 0, 0, 0, 1, 0, 0, 1, 0, 1, 0, 0, 0, 0, 0, 0, 0, 0, 0, 0, 0, 1, 0, 0, 0, 0, 0, 1, 0, 0, 0, 0, 0, 0, 0, 0, 0, 1, 0, 0, 1, 0, 0, 0, 0, 0, 0, 0, 0, 0, 1, 0, 0, 0, 0, 0, 0, 0, 1, 0, 0, 0, 0, 0, 0, 0, 0, 1, 0, 0, 0, 0, 0, 0, 1, 0, 0, 0, 0, 0, 1, 0, 0, 0, 0, 0, 0, 0, 0, 0, 0, 0, 1, 0, 0, 1, 0, 1, 1, 0, 0, 0, 0, 1, 0, 0, 0, 1, 0, 0, 0, 0, 1, 0, 0, 0, 0, 0, 0, 0, 0, 0, 0, 0, 0, 0, 0, 0, 0, 0, 0, 0, 0, 0, 0, 0, 1, 1, 0, 0, 0]

BESTCONSDTWTWO=(45, 400, 0.1125)
LISTCONSDTWTWO=[0, 0, 0, 0, 0, 0, 0, 0, 0, 0, 0, 0, 0, 0, 0, 1, 0, 1, 0, 0, 0, 0, 0, 0, 0, 0, 0, 0, 0, 0, 0, 0, 0, 0, 0, 0, 1, 0, 0, 0, 0, 0, 0, 0, 0, 0, 0, 0, 0, 0, 0, 0, 0, 0, 0, 1, 0, 0, 0, 0, 0, 0, 0, 0, 0, 0, 0, 0, 0, 0, 1, 0, 0, 0, 1, 0, 0, 0, 0, 0, 0, 0, 0, 0, 0, 0, 0, 0, 0, 0, 0, 0, 0, 0, 1, 0, 1, 0, 1, 0, 1, 0, 0, 0, 0, 0, 1, 0, 0, 0, 0, 0, 0, 0, 0, 0, 1, 0, 0, 0, 0, 0, 0, 0, 0, 1, 0, 0, 0, 0, 0, 0, 0, 0, 0, 0, 0, 0, 0, 0, 1, 0, 0, 0, 0, 0, 0, 0, 1, 0, 0, 0, 0, 1, 0, 0, 0, 0, 1, 0, 0, 0, 0, 0, 0, 0, 0, 0, 1, 0, 0, 1, 0, 0, 0, 0, 0, 0, 0, 0, 0, 1, 0, 0, 1, 0, 0, 0, 0, 0, 0, 1, 0, 0, 0, 0, 0, 1, 0, 1, 0, 0, 0, 0, 0, 0, 0, 0, 0, 0, 0, 0, 0, 0, 0, 0, 0, 0, 0, 0, 0, 0, 0, 0, 0, 0, 0, 0, 0, 1, 0, 0, 0, 0, 1, 0, 0, 1, 0, 0, 0, 0, 0, 0, 0, 0, 0, 0, 0, 0, 0, 0, 0, 0, 0, 1, 0, 0, 0, 0, 0, 0, 0, 1, 0, 0, 0, 0, 0, 0, 0, 0, 0, 0, 1, 0, 0, 0, 0, 0, 0, 0, 0, 0, 0, 0, 0, 1, 1, 0, 0, 0, 0, 0, 0, 1, 0, 0, 0, 1, 0, 1, 0, 1, 0, 0, 1, 0, 1, 0, 1, 0, 0, 0, 0, 0, 0, 0, 0, 0, 0, 0, 0, 0, 0, 0, 0, 0, 0, 0, 0, 0, 1, 0, 0, 0, 0, 1, 0, 0, 0, 0, 1, 0, 0, 0, 0, 0, 0, 0, 0, 0, 0, 0, 0, 0, 0, 0, 0, 0, 0, 0, 0, 0, 0, 0, 0, 1, 0, 0, 0, 0, 0, 0, 0, 0, 0, 0, 0, 0, 0, 0, 1, 0, 0, 0, 0, 1, 0, 0, 0, 0, 0, 0, 0, 0, 0, 0, 0, 0]

BESTGEMONE=(20, 400, 0.050000000000000003)
LISTGEMONE=[1, 0, 0, 0, 0, 0, 0, 0, 0, 0, 0, 0, 0, 0, 0, 0, 0, 0, 0, 0, 0, 0, 0, 0, 0, 0, 0, 0, 0, 0, 0, 0, 0, 0, 0, 0, 0, 0, 0, 1, 0, 0, 0, 0, 0, 0, 0, 0, 0, 0, 0, 0, 0, 0, 0, 0, 0, 0, 0, 0, 0, 0, 0, 1, 0, 0, 0, 0, 0, 0, 0, 0, 0, 0, 1, 0, 0, 0, 0, 0, 0, 0, 0, 0, 0, 0, 0, 0, 0, 0, 0, 0, 0, 0, 1, 0, 0, 0, 0, 0, 0, 0, 0, 0, 0, 0, 0, 0, 0, 0, 1, 0, 0, 0, 0, 0, 0, 0, 0, 0, 0, 0, 0, 0, 0, 0, 0, 0, 0, 0, 0, 0, 1, 0, 0, 0, 0, 0, 0, 0, 0, 0, 0, 0, 0, 0, 0, 0, 0, 0, 0, 0, 0, 0, 0, 0, 0, 0, 0, 0, 0, 0, 0, 0, 0, 0, 0, 0, 0, 0, 0, 0, 0, 0, 0, 0, 0, 0, 0, 1, 0, 0, 0, 0, 0, 0, 0, 0, 0, 0, 0, 0, 0, 0, 0, 0, 0, 0, 0, 0, 0, 0, 0, 0, 0, 0, 0, 0, 0, 1, 0, 0, 0, 0, 0, 0, 0, 0, 0, 0, 0, 0, 0, 0, 0, 0, 0, 0, 0, 0, 0, 0, 0, 1, 0, 0, 0, 0, 0, 0, 0, 0, 0, 1, 0, 0, 0, 0, 0, 0, 0, 0, 0, 0, 0, 0, 0, 0, 0, 0, 0, 0, 0, 0, 0, 0, 0, 1, 0, 0, 0, 0, 0, 0, 0, 0, 0, 1, 0, 0, 0, 0, 0, 0, 0, 0, 0, 0, 1, 0, 0, 0, 0, 0, 0, 0, 0, 0, 0, 0, 0, 0, 0, 0, 0, 0, 0, 0, 0, 0, 0, 0, 0, 0, 0, 0, 0, 1, 0, 0, 0, 1, 0, 0, 0, 0, 0, 1, 1, 0, 0, 0, 0, 0, 0, 0, 0, 0, 0, 0, 0, 0, 0, 1, 0, 0, 0, 0, 0, 0, 0, 0, 0, 0, 0, 0, 0, 0, 0, 0, 0, 0, 0, 0, 0, 0, 0, 0, 0, 1, 0, 0, 0, 0, 0, 0, 0, 0, 0, 0, 0, 0, 0, 0, 0, 0, 0, 0, 0, 0, 0, 0, 0, 0, 0, 0, 0, 0, 0, 0]

BESTGEMTWO=(6, 400, 0.014999999999999999)
LISTGEMTWO=[0, 0, 0, 0, 0, 0, 0, 0, 0, 0, 0, 0, 0, 0, 0, 0, 0, 0, 0, 0, 0, 0, 0, 0, 0, 0, 0, 0, 0, 0, 0, 0, 0, 0, 0, 0, 0, 0, 0, 0, 0, 0, 0, 0, 0, 0, 0, 0, 0, 0, 0, 0, 0, 0, 0, 1, 0, 0, 0, 0, 0, 0, 0, 0, 0, 0, 0, 0, 0, 0, 0, 0, 0, 0, 0, 0, 0, 0, 0, 0, 0, 0, 0, 0, 0, 0, 0, 0, 0, 0, 0, 0, 0, 0, 0, 0, 1, 0, 0, 0, 0, 0, 0, 0, 0, 0, 0, 0, 0, 0, 0, 0, 0, 0, 0, 0, 0, 0, 0, 0, 0, 0, 0, 0, 0, 0, 0, 0, 0, 0, 0, 0, 0, 0, 0, 0, 0, 0, 0, 0, 0, 0, 0, 0, 0, 0, 0, 0, 1, 0, 0, 0, 0, 0, 0, 0, 0, 0, 0, 0, 0, 0, 0, 0, 0, 0, 0, 0, 0, 0, 0, 0, 0, 0, 0, 0, 0, 0, 0, 0, 0, 0, 0, 0, 0, 0, 0, 0, 0, 0, 0, 0, 0, 0, 0, 0, 0, 0, 0, 0, 1, 0, 0, 0, 0, 0, 0, 0, 0, 0, 0, 0, 0, 0, 0, 1, 0, 0, 0, 0, 0, 0, 0, 0, 0, 0, 0, 0, 0, 0, 0, 0, 0, 0, 0, 0, 0, 0, 0, 0, 0, 0, 0, 0, 0, 0, 0, 0, 0, 0, 0, 0, 0, 0, 0, 0, 0, 0, 0, 0, 0, 0, 0, 0, 0, 0, 0, 0, 0, 0, 0, 0, 0, 0, 0, 0, 0, 0, 0, 0, 0, 0, 0, 0, 0, 0, 0, 0, 0, 0, 0, 0, 0, 0, 0, 0, 0, 0, 0, 0, 0, 1, 0, 0, 0, 0, 0, 0, 0, 0, 0, 0, 0, 0, 0, 0, 0, 0, 0, 0, 0, 0, 0, 0, 0, 0, 0, 0, 0, 0, 0, 0, 0, 0, 0, 0, 0, 0, 0, 0, 0, 0, 0, 0, 0, 0, 0, 0, 0, 0, 0, 0, 0, 0, 0, 0, 0, 0, 0, 0, 0, 0, 0, 0, 0, 0, 0, 0, 0, 0, 0, 0, 0, 0, 0, 0, 0, 0, 0, 0, 0, 0, 0, 0, 0, 0, 0, 0, 0, 0, 0, 0, 0, 0, 0, 0, 0, 0, 0, 0]

