# indices of halve split with split for parameters)
INDEXONE=[528, 10, 321, 657, 368, 831, 724, 989, 582, 609, 917, 700, 618, 997, 844, 633, 48, 530, 791, 520, 416, 908, 284, 359, 514, 750, 16, 127, 82, 5, 314, 364, 50, 850, 166, 116, 433, 550, 237, 594, 32, 66, 659, 365, 418, 464, 453, 417, 76, 726, 264, 469, 144, 901, 331, 98, 313, 455, 873, 369, 86, 669, 336, 471, 783, 118, 475, 959, 703, 706, 875, 99, 297, 605, 565, 77, 222, 46, 759, 819, 183, 742, 613, 448, 741, 394, 836, 551, 160, 604, 744, 868, 252, 596, 344, 37, 981, 38, 333, 157, 886, 488, 265, 112, 650, 577, 280, 571, 629, 158, 668, 869, 983, 944, 715, 232, 146, 558, 586, 356, 482, 126, 213, 315, 481, 293, 573, 491, 806, 648, 43, 286, 728, 861, 370, 407, 722, 423, 18, 588, 9, 339, 484, 124, 713, 880, 862, 366, 483, 255, 651, 492, 210, 220, 458, 719, 479, 25, 696, 188, 535, 192, 379, 279, 305, 159, 35, 599, 879, 560, 626, 191, 443, 382, 203, 955, 845, 943, 591, 267, 162, 274, 527, 916, 672, 816, 689, 679, 508, 569, 270, 598, 982, 538, 206, 472, 115, 42, 383, 257, 788, 579, 554, 882, 44, 8, 494, 935, 914, 111, 374, 513, 814, 216, 627, 553, 739, 940, 180, 589, 246, 897, 408, 829, 761, 399, 108, 770, 855, 87, 345, 323, 168, 758, 110, 638, 94, 945, 828, 902, 503, 789, 259, 23, 600, 85, 532, 628, 114, 608, 319, 611, 347, 542, 34, 120, 913, 537, 714, 473, 870, 172, 999, 337, 100, 442, 353, 653, 496, 195, 746, 227, 468, 201, 287, 500, 718, 821, 470, 805, 52, 445, 54, 667, 81, 737, 885, 568, 766, 942, 708, 454, 546, 137, 179, 961, 645, 467, 273, 143, 151, 624, 849, 354, 485, 175, 534, 691, 317, 24, 670, 80, 294, 682, 324, 145, 853, 971, 641, 927, 103, 329, 593, 249, 911, 793, 149, 637, 65, 212, 282, 350, 390, 150, 214, 890, 1, 424, 973, 734, 977, 803, 295, 767, 14, 204, 182, 181, 89, 830, 817, 148, 515, 389, 361, 968, 979, 510, 141, 975, 631, 896, 954, 303, 867, 135, 97, 123, 376, 842, 67, 83, 664, 281, 660, 919, 884, 208, 920, 238, 840, 387, 570, 444, 476, 552, 223, 895, 800, 652, 738, 602, 705, 969, 904, 957, 298, 170, 610, 102]
INDEXLPONE=[316, 459, 854, 11, 978, 727, 771, 563, 541, 747, 881, 502, 684, 421, 260, 460, 665, 386, 636, 401, 757, 412, 643, 725, 478, 693, 612, 248, 866, 234, 523, 952, 575, 922, 931, 263, 413, 524, 939, 358, 398, 678, 754, 244, 970, 489, 225, 932, 859, 19, 841, 721, 529, 851, 194, 619, 998, 90, 898, 949, 918, 775, 883, 202, 395, 755, 29, 752, 104, 7, 363, 929, 326, 285, 763, 614, 794, 31, 716, 656, 808, 328, 330, 964, 474, 743, 540, 243, 585, 951, 536, 2, 253, 953, 463, 745, 441, 991, 396, 795]
INDEXTWO=[837, 967, 820, 731, 405, 858, 430, 198, 74, 119, 521, 723, 663, 360, 55, 709, 400, 773, 996, 601, 717, 511, 338, 562, 556, 516, 335, 392, 61, 780, 84, 73, 720, 838, 325, 698, 615, 113, 226, 306, 378, 792, 893, 874, 756, 822, 33, 349, 912, 921, 825, 832, 928, 429, 477, 905, 673, 153, 839, 635, 938, 199, 768, 266, 231, 304, 889, 576, 230, 647, 597, 269, 271, 242, 165, 251, 620, 658, 753, 617, 646, 649, 522, 578, 936, 49, 863, 733, 39, 167, 384, 710, 676, 531, 782, 903, 184, 786, 122, 41, 215, 995, 207, 697, 209, 584, 694, 217, 161, 449, 261, 450, 22, 625, 671, 466, 447, 634, 169, 621, 59, 434, 196, 544, 915, 310, 595, 545, 301, 924, 899, 533, 53, 375, 96, 332, 357, 12, 765, 686, 966, 910, 129, 178, 748, 235, 69, 318, 732, 707, 877, 431, 40, 736, 685, 695, 410, 125, 843, 729, 878, 373, 60, 327, 352, 362, 296, 428, 864, 894, 495, 712, 809, 988, 262, 506, 888, 239, 205, 807, 661, 435, 348, 21, 501, 566, 245, 228, 764, 539, 681, 644, 699, 28, 751, 462, 241, 176, 963, 848, 78, 311, 189, 580, 173, 956, 564, 334, 965, 925, 887, 406, 616, 986, 440, 142, 857, 630, 13, 677, 193, 683, 993, 976, 240, 497, 823, 592, 58, 64, 393, 254, 57, 804, 233, 30, 933, 906, 117, 346, 526, 876, 960, 587, 762, 498, 56, 256, 790, 351, 847, 824, 994, 451, 426, 277, 131, 675, 900, 425, 519, 827, 411, 155, 779, 934, 456, 730, 17, 810, 623, 402, 388, 68, 815, 312, 381, 439, 436, 984, 517, 655, 415, 504, 923, 818, 27, 486, 291, 171, 812, 446, 798, 872, 224, 275, 941, 342, 4, 590, 309, 300, 36, 340, 164, 833, 774, 92, 197, 509, 559, 787, 288, 343, 101, 427, 308, 797, 777, 701, 385, 211, 45, 826, 403, 704, 972, 186, 128, 740, 548, 711, 909, 62, 174, 91, 152, 156, 51, 583, 666, 926, 139, 948, 606, 221, 93, 0, 947, 622, 778, 130, 835, 834, 371, 572, 26, 499, 419, 105, 414, 79, 642, 147, 518, 507, 320, 937, 106, 341, 561, 799, 811, 404, 134, 218, 154, 603, 860, 163, 974, 452, 367, 71, 250, 95, 258, 133, 749, 278, 992, 229, 70, 132, 990, 289, 109, 907, 480, 688]
INDEXLPTWO=[493, 322, 372, 735, 680, 692, 505, 557, 781, 946, 987, 268, 236, 871, 397, 567, 930, 702, 138, 438, 639, 432, 950, 422, 769, 136, 865, 15, 290, 88, 307, 6, 856, 607, 980, 512, 461, 892, 3, 549, 247, 555, 107, 272, 377, 140, 200, 302, 187, 985, 72, 219, 121, 662, 776, 785, 802, 654, 962, 177, 760, 687, 487, 292, 640, 276, 190, 852, 891, 574, 784, 75, 690, 465, 437, 525, 380, 772, 490, 457, 299, 20, 355, 674, 846, 543, 420, 391, 185, 581, 547, 813, 47, 796, 958, 283, 409, 63, 632, 801]

# learned parameters for cdtw and gem
# dtw ((error, size, error/size), (window, sqr))
# gem ((error, size, error/size), (St0, St1, E, sym, sqr))
BESTLEARNCONSDTWONE=((11, 100, 0.11), (0.01, True))
LISTLEARNCONSDTWONE=[((11, 100, 0.11), (0.01, True)), ((12, 100, 0.12), (0.02, True)), ((15, 100, 0.14999999999999999), (0.0, True)), ((24, 100, 0.23999999999999999), (0.029999999999999999, True)), ((25, 100, 0.25), (0.040000000000000001, True)), ((29, 100, 0.28999999999999998), (0.050000000000000003, True)), ((29, 100, 0.28999999999999998), (0.059999999999999998, True)), ((31, 100, 0.31), (0.070000000000000007, True)), ((33, 100, 0.33000000000000002), (0.080000000000000002, True)), ((34, 100, 0.34000000000000002), (0.089999999999999997, True)), ((34, 100, 0.34000000000000002), (0.10000000000000001, True)), ((34, 100, 0.34000000000000002), (0.11, True)), ((36, 100, 0.35999999999999999), (0.12, True)), ((36, 100, 0.35999999999999999), (0.13, True)), ((36, 100, 0.35999999999999999), (0.14000000000000001, True)), ((36, 100, 0.35999999999999999), (0.14999999999999999, True)), ((36, 100, 0.35999999999999999), (0.16, True)), ((36, 100, 0.35999999999999999), (0.17000000000000001, True)), ((36, 100, 0.35999999999999999), (0.17999999999999999, True)), ((36, 100, 0.35999999999999999), (0.19, True)), ((36, 100, 0.35999999999999999), (0.20000000000000001, True))]

BESTLEARNGEMONE=((3, 100, 0.029999999999999999), (2, 2, 0.0625, True, True))
LISTLEARNGEMONE=[((3, 100, 0.029999999999999999), (2, 2, 0.015625, True, True)), ((3, 100, 0.029999999999999999), (2, 2, 0.03125, True, True)), ((3, 100, 0.029999999999999999), (2, 2, 0.0625, True, True)), ((3, 100, 0.029999999999999999), (2, 2, 0.125, True, True)), ((3, 100, 0.029999999999999999), (2, 2, 0.25, True, True)), ((5, 100, 0.050000000000000003), (2, 1, 0.0078125, True, True)), ((5, 100, 0.050000000000000003), (2, 1, 0.015625, True, True)), ((5, 100, 0.050000000000000003), (2, 1, 0.03125, True, True)), ((5, 100, 0.050000000000000003), (2, 1, 0.0625, True, True)), ((8, 100, 0.080000000000000002), (2, 2, 0.0078125, True, True)), ((14, 100, 0.14000000000000001), (1, 1, 0.0078125, True, True)), ((14, 100, 0.14000000000000001), (1, 2, 0.0078125, True, True)), ((16, 100, 0.16), (1, 1, 0.015625, True, True)), ((16, 100, 0.16), (1, 2, 0.015625, True, True)), ((16, 100, 0.16), (2, 1, 0.00390625, True, True)), ((16, 100, 0.16), (2, 1, 0.125, True, True)), ((17, 100, 0.17000000000000001), (1, 1, 0.00390625, True, True)), ((17, 100, 0.17000000000000001), (1, 2, 0.00390625, True, True)), ((19, 100, 0.19), (2, 2, 0.00390625, True, True)), ((21, 100, 0.20999999999999999), (1, 1, 0.03125, True, True)), ((21, 100, 0.20999999999999999), (1, 2, 0.03125, True, True)), ((23, 100, 0.23000000000000001), (2, 2, 0.5, True, True)), ((30, 100, 0.29999999999999999), (1, 1, 0.0625, True, True)), ((30, 100, 0.29999999999999999), (1, 2, 0.0625, True, True)), ((33, 100, 0.33000000000000002), (1, 1, 0.125, True, True)), ((33, 100, 0.33000000000000002), (1, 2, 0.125, True, True)), ((39, 100, 0.39000000000000001), (2, 1, 0.25, True, True)), ((46, 100, 0.46000000000000002), (1, 1, 0.25, True, True)), ((46, 100, 0.46000000000000002), (1, 2, 0.25, True, True)), ((48, 100, 0.47999999999999998), (2, 2, 0, True, True)), ((53, 100, 0.53000000000000003), (2, 1, 0, True, True)), ((65, 100, 0.65000000000000002), (1, 1, 0.5, True, True)), ((65, 100, 0.65000000000000002), (1, 2, 0.5, True, True)), ((71, 100, 0.70999999999999996), (1, 1, 0, True, True)), ((71, 100, 0.70999999999999996), (1, 2, 0, True, True)), ((83, 100, 0.82999999999999996), (2, 1, 0.5, True, True))]

BESTLEARNCONSDTWTWO=((9, 100, 0.089999999999999997), (0.01, True))
LISTLEARNCONSDTWTWO=[((9, 100, 0.089999999999999997), (0.01, True)), ((11, 100, 0.11), (0.0, True)), ((11, 100, 0.11), (0.02, True)), ((15, 100, 0.14999999999999999), (0.029999999999999999, True)), ((21, 100, 0.20999999999999999), (0.040000000000000001, True)), ((23, 100, 0.23000000000000001), (0.050000000000000003, True)), ((26, 100, 0.26000000000000001), (0.059999999999999998, True)), ((28, 100, 0.28000000000000003), (0.070000000000000007, True)), ((31, 100, 0.31), (0.080000000000000002, True)), ((34, 100, 0.34000000000000002), (0.089999999999999997, True)), ((35, 100, 0.34999999999999998), (0.10000000000000001, True)), ((35, 100, 0.34999999999999998), (0.11, True)), ((35, 100, 0.34999999999999998), (0.12, True)), ((35, 100, 0.34999999999999998), (0.13, True)), ((35, 100, 0.34999999999999998), (0.14000000000000001, True)), ((35, 100, 0.34999999999999998), (0.14999999999999999, True)), ((35, 100, 0.34999999999999998), (0.16, True)), ((35, 100, 0.34999999999999998), (0.17000000000000001, True)), ((35, 100, 0.34999999999999998), (0.17999999999999999, True)), ((35, 100, 0.34999999999999998), (0.19, True)), ((35, 100, 0.34999999999999998), (0.20000000000000001, True))]

BESTLEARNGEMTWO=((2, 100, 0.02), (2, 2, 0.03125, True, True))
LISTLEARNGEMTWO=[((2, 100, 0.02), (2, 1, 0.015625, True, True)), ((2, 100, 0.02), (2, 1, 0.03125, True, True)), ((2, 100, 0.02), (2, 2, 0.015625, True, True)), ((2, 100, 0.02), (2, 2, 0.03125, True, True)), ((2, 100, 0.02), (2, 2, 0.0625, True, True)), ((2, 100, 0.02), (2, 2, 0.125, True, True)), ((2, 100, 0.02), (2, 2, 0.25, True, True)), ((3, 100, 0.029999999999999999), (2, 1, 0.0625, True, True)), ((4, 100, 0.040000000000000001), (2, 2, 0.0078125, True, True)), ((5, 100, 0.050000000000000003), (2, 1, 0.0078125, True, True)), ((7, 100, 0.070000000000000007), (2, 1, 0.125, True, True)), ((13, 100, 0.13), (2, 1, 0.00390625, True, True)), ((17, 100, 0.17000000000000001), (2, 2, 0.00390625, True, True)), ((20, 100, 0.20000000000000001), (2, 2, 0.5, True, True)), ((21, 100, 0.20999999999999999), (1, 1, 0.0078125, True, True)), ((21, 100, 0.20999999999999999), (1, 2, 0.0078125, True, True)), ((22, 100, 0.22), (1, 1, 0.015625, True, True)), ((22, 100, 0.22), (1, 2, 0.015625, True, True)), ((24, 100, 0.23999999999999999), (1, 1, 0.03125, True, True)), ((24, 100, 0.23999999999999999), (1, 2, 0.03125, True, True)), ((27, 100, 0.27000000000000002), (1, 1, 0.00390625, True, True)), ((27, 100, 0.27000000000000002), (1, 2, 0.00390625, True, True)), ((29, 100, 0.28999999999999998), (1, 1, 0.0625, True, True)), ((29, 100, 0.28999999999999998), (1, 2, 0.0625, True, True)), ((36, 100, 0.35999999999999999), (1, 1, 0.125, True, True)), ((36, 100, 0.35999999999999999), (1, 2, 0.125, True, True)), ((48, 100, 0.47999999999999998), (2, 1, 0.25, True, True)), ((50, 100, 0.5), (2, 2, 0, True, True)), ((52, 100, 0.52000000000000002), (1, 1, 0.25, True, True)), ((52, 100, 0.52000000000000002), (1, 2, 0.25, True, True)), ((53, 100, 0.53000000000000003), (2, 1, 0, True, True)), ((69, 100, 0.68999999999999995), (1, 1, 0.5, True, True)), ((69, 100, 0.68999999999999995), (1, 2, 0.5, True, True)), ((79, 100, 0.79000000000000004), (1, 1, 0, True, True)), ((79, 100, 0.79000000000000004), (1, 2, 0, True, True)), ((79, 100, 0.79000000000000004), (2, 1, 0.5, True, True))]


# error rates for different distance measures
# (error, size, error/size) and binary mask
BESTLPONE=(67, 400, 0.16750000000000001)
LISTLPONE=[1, 0, 0, 0, 0, 0, 1, 0, 1, 0, 0, 1, 0, 0, 0, 0, 0, 1, 0, 0, 1, 0, 0, 0, 0, 0, 0, 0, 0, 0, 0, 0, 0, 0, 0, 0, 0, 0, 1, 1, 0, 1, 1, 0, 0, 0, 0, 0, 0, 1, 0, 0, 1, 0, 0, 0, 0, 0, 0, 1, 0, 0, 0, 0, 0, 0, 0, 0, 0, 1, 0, 0, 0, 0, 0, 0, 1, 0, 0, 0, 0, 0, 0, 0, 0, 0, 0, 0, 1, 0, 0, 1, 0, 0, 0, 1, 0, 0, 0, 1, 0, 0, 0, 0, 0, 1, 0, 0, 0, 0, 1, 0, 1, 0, 1, 1, 0, 0, 0, 0, 0, 1, 0, 0, 0, 0, 0, 0, 0, 0, 0, 0, 0, 0, 0, 0, 0, 1, 0, 0, 0, 0, 0, 0, 0, 1, 0, 0, 0, 1, 0, 0, 0, 0, 0, 0, 1, 0, 0, 0, 0, 0, 0, 0, 0, 0, 0, 0, 0, 0, 0, 0, 0, 0, 0, 1, 0, 0, 0, 1, 0, 0, 0, 0, 0, 1, 1, 0, 1, 1, 0, 0, 0, 0, 0, 0, 0, 1, 0, 1, 0, 0, 0, 0, 0, 0, 0, 0, 1, 0, 0, 0, 0, 0, 0, 0, 0, 0, 0, 0, 0, 0, 1, 1, 1, 1, 1, 1, 0, 0, 0, 0, 0, 0, 0, 0, 0, 1, 0, 0, 0, 0, 0, 0, 0, 0, 0, 0, 0, 0, 0, 0, 0, 0, 0, 0, 1, 0, 0, 0, 0, 0, 0, 0, 0, 0, 0, 0, 0, 0, 0, 1, 0, 0, 0, 0, 0, 0, 0, 0, 1, 1, 0, 0, 0, 0, 0, 0, 1, 0, 1, 0, 0, 0, 0, 0, 1, 0, 0, 0, 0, 0, 1, 0, 1, 0, 1, 0, 0, 0, 0, 0, 0, 0, 0, 0, 1, 0, 0, 0, 0, 0, 0, 1, 1, 0, 0, 0, 0, 1, 1, 0, 0, 0, 0, 0, 0, 0, 0, 0, 0, 0, 0, 1, 0, 0, 0, 0, 0, 1, 0, 0, 0, 0, 0, 0, 0, 0, 0, 0, 0, 0, 0, 0, 1, 0, 0, 1, 0, 0, 0, 0, 0, 0, 1, 0, 0, 0, 1, 1, 0, 0, 0, 0, 0, 0, 0, 0, 0, 0, 0, 0, 0, 0, 0, 0, 0, 0, 0, 0]

BESTLPTWO=(68, 400, 0.17000000000000001)
LISTLPTWO=[0, 0, 0, 1, 0, 0, 0, 0, 0, 0, 0, 0, 0, 0, 0, 0, 0, 0, 0, 0, 1, 0, 0, 0, 0, 0, 0, 0, 0, 0, 0, 0, 0, 0, 0, 0, 0, 0, 0, 0, 0, 0, 0, 0, 1, 0, 0, 0, 1, 0, 1, 0, 0, 0, 0, 0, 0, 1, 0, 0, 0, 0, 1, 0, 0, 0, 0, 0, 1, 0, 0, 0, 0, 0, 0, 1, 0, 0, 1, 0, 0, 0, 0, 1, 0, 0, 0, 0, 0, 0, 0, 0, 0, 0, 0, 1, 0, 1, 0, 0, 0, 0, 0, 1, 0, 0, 1, 0, 1, 0, 0, 0, 0, 0, 0, 0, 0, 0, 0, 0, 0, 0, 0, 1, 0, 0, 1, 1, 0, 0, 0, 0, 0, 1, 0, 0, 0, 1, 0, 1, 0, 1, 0, 0, 1, 0, 0, 0, 0, 0, 0, 1, 0, 0, 0, 1, 0, 0, 0, 0, 0, 0, 0, 0, 0, 0, 0, 0, 0, 0, 1, 0, 0, 0, 0, 0, 0, 1, 0, 0, 1, 0, 0, 1, 0, 0, 0, 1, 0, 0, 0, 0, 1, 0, 0, 0, 0, 1, 0, 1, 0, 0, 0, 0, 1, 0, 0, 0, 0, 1, 0, 1, 0, 1, 0, 0, 0, 0, 0, 0, 0, 0, 0, 0, 1, 0, 0, 0, 0, 0, 0, 1, 0, 0, 1, 0, 0, 0, 0, 0, 1, 0, 0, 0, 1, 0, 0, 1, 0, 0, 0, 0, 1, 1, 0, 0, 0, 0, 0, 0, 0, 0, 0, 1, 0, 0, 0, 0, 1, 0, 0, 0, 0, 1, 0, 0, 0, 0, 0, 0, 0, 0, 0, 1, 1, 1, 0, 0, 0, 1, 0, 0, 1, 0, 0, 0, 0, 0, 0, 0, 0, 0, 0, 0, 0, 0, 0, 0, 1, 0, 0, 0, 0, 0, 0, 0, 0, 0, 1, 0, 0, 0, 0, 0, 0, 0, 0, 0, 0, 0, 0, 1, 0, 0, 0, 0, 1, 1, 0, 0, 1, 1, 0, 0, 0, 0, 0, 0, 0, 0, 0, 0, 0, 0, 1, 0, 0, 0, 0, 0, 0, 0, 0, 1, 0, 0, 0, 0, 0, 0, 0, 0, 1, 0, 0, 0, 0, 0, 0, 0, 0, 0, 1, 0, 1, 0, 0, 0, 1, 0, 0, 1, 0, 0, 0, 0, 0, 0, 0, 0]

BESTFULLDTWONE=(202, 400, 0.505)
LISTFULLDTWONE=[1, 0, 0, 1, 1, 0, 1, 0, 1, 0, 0, 1, 0, 0, 0, 1, 0, 1, 1, 0, 1, 0, 1, 1, 0, 0, 1, 1, 0, 0, 0, 1, 1, 1, 0, 1, 0, 1, 0, 1, 1, 1, 1, 1, 0, 0, 1, 1, 1, 1, 0, 1, 0, 0, 0, 0, 1, 1, 0, 0, 1, 1, 0, 1, 0, 0, 1, 0, 1, 1, 0, 0, 1, 0, 1, 0, 1, 0, 1, 0, 0, 1, 0, 1, 0, 1, 1, 1, 0, 0, 1, 0, 0, 0, 1, 0, 0, 1, 1, 1, 1, 1, 0, 0, 0, 1, 1, 0, 0, 0, 1, 1, 1, 1, 1, 1, 0, 1, 1, 1, 1, 0, 0, 0, 1, 0, 1, 0, 0, 1, 0, 0, 0, 1, 1, 0, 0, 1, 1, 1, 0, 1, 0, 1, 1, 1, 1, 0, 0, 1, 0, 0, 0, 1, 0, 0, 0, 0, 1, 0, 1, 0, 0, 0, 1, 0, 0, 1, 1, 1, 0, 0, 1, 1, 0, 1, 0, 1, 1, 1, 0, 0, 0, 1, 1, 1, 1, 0, 1, 1, 0, 0, 0, 1, 1, 1, 1, 1, 1, 1, 0, 1, 1, 1, 1, 1, 0, 0, 1, 0, 1, 0, 1, 1, 1, 0, 1, 1, 0, 1, 0, 0, 1, 1, 0, 0, 1, 1, 0, 1, 1, 1, 0, 1, 1, 1, 0, 1, 1, 0, 0, 0, 0, 1, 0, 1, 0, 1, 0, 0, 1, 0, 0, 0, 0, 0, 0, 1, 1, 1, 0, 1, 0, 1, 1, 1, 0, 0, 0, 0, 0, 0, 1, 1, 0, 0, 0, 1, 1, 1, 0, 1, 1, 0, 1, 0, 1, 0, 1, 1, 1, 1, 0, 1, 0, 0, 0, 0, 0, 0, 0, 0, 1, 1, 0, 0, 1, 0, 0, 1, 1, 0, 0, 0, 1, 0, 1, 0, 0, 0, 0, 1, 1, 1, 0, 1, 0, 0, 1, 0, 1, 1, 0, 0, 0, 0, 1, 0, 1, 0, 1, 1, 0, 1, 1, 0, 0, 0, 0, 1, 0, 1, 1, 0, 1, 1, 0, 1, 0, 0, 1, 1, 1, 1, 1, 0, 0, 0, 1, 0, 1, 1, 0, 1, 1, 0, 1, 0, 1, 0, 1, 0, 0, 0, 1, 0, 1, 0, 1, 1, 0, 0, 0, 0, 0, 1, 1, 1, 0, 1]

BESTFULLDTWTWO=(197, 400, 0.49249999999999999)
LISTFULLDTWTWO=[0, 1, 0, 1, 0, 1, 0, 0, 1, 0, 0, 1, 1, 1, 0, 1, 1, 0, 0, 0, 1, 0, 0, 1, 0, 1, 1, 0, 1, 1, 0, 0, 0, 0, 0, 0, 0, 0, 0, 0, 0, 1, 0, 1, 1, 1, 0, 1, 1, 0, 1, 0, 1, 0, 1, 1, 1, 0, 1, 1, 0, 1, 1, 0, 0, 0, 0, 1, 1, 0, 1, 0, 0, 0, 0, 1, 0, 0, 1, 0, 1, 0, 0, 1, 0, 0, 0, 0, 0, 0, 1, 0, 0, 1, 0, 1, 0, 1, 1, 0, 0, 0, 0, 1, 1, 1, 0, 0, 1, 1, 1, 1, 0, 1, 1, 0, 1, 1, 0, 0, 1, 0, 0, 1, 0, 0, 1, 1, 0, 1, 0, 1, 1, 0, 0, 1, 0, 1, 0, 0, 1, 1, 0, 0, 1, 1, 1, 0, 0, 0, 0, 1, 0, 0, 1, 1, 0, 1, 0, 0, 1, 1, 1, 0, 1, 1, 0, 0, 1, 1, 1, 1, 0, 0, 0, 0, 1, 1, 1, 0, 1, 0, 1, 0, 0, 0, 0, 0, 0, 1, 1, 1, 1, 0, 0, 0, 0, 1, 0, 1, 0, 1, 0, 1, 1, 0, 0, 1, 0, 1, 0, 1, 0, 0, 1, 0, 0, 0, 1, 0, 0, 0, 0, 0, 0, 0, 1, 1, 1, 1, 0, 1, 1, 1, 1, 0, 0, 0, 0, 0, 1, 0, 0, 1, 0, 0, 1, 1, 0, 1, 1, 0, 1, 1, 1, 0, 0, 1, 0, 0, 1, 1, 0, 1, 1, 0, 1, 0, 1, 0, 1, 0, 1, 1, 0, 0, 1, 1, 0, 0, 0, 1, 1, 1, 1, 1, 0, 0, 1, 1, 1, 1, 1, 0, 1, 0, 1, 1, 0, 0, 1, 0, 1, 1, 0, 1, 0, 1, 0, 0, 1, 0, 0, 1, 1, 1, 1, 1, 1, 0, 1, 1, 1, 1, 0, 0, 1, 0, 1, 1, 1, 1, 0, 1, 0, 1, 1, 1, 0, 1, 1, 1, 0, 1, 1, 0, 0, 1, 1, 1, 1, 1, 0, 1, 1, 0, 0, 0, 1, 1, 1, 0, 0, 1, 0, 1, 1, 1, 0, 0, 0, 1, 1, 0, 0, 1, 0, 0, 1, 1, 0, 1, 1, 0, 1, 0, 0, 1, 1, 0, 0, 0, 0, 0, 0, 1, 1, 0, 0, 0]

BESTCONSDTWONE=(52, 400, 0.13)
LISTCONSDTWONE=[0, 0, 0, 1, 0, 0, 1, 0, 1, 0, 0, 1, 0, 0, 0, 0, 0, 1, 0, 0, 1, 1, 0, 0, 0, 0, 0, 0, 0, 0, 0, 0, 0, 0, 0, 0, 0, 0, 0, 1, 0, 1, 0, 0, 0, 0, 0, 0, 0, 1, 0, 0, 0, 0, 0, 0, 0, 1, 0, 0, 0, 0, 0, 0, 0, 0, 0, 0, 0, 1, 0, 0, 0, 0, 0, 0, 1, 0, 0, 0, 0, 0, 0, 0, 0, 0, 0, 0, 0, 0, 1, 0, 0, 0, 1, 0, 0, 0, 0, 1, 0, 1, 0, 0, 0, 1, 0, 0, 0, 0, 1, 0, 1, 0, 1, 1, 0, 0, 0, 0, 0, 0, 0, 0, 0, 0, 0, 0, 0, 0, 0, 0, 0, 0, 0, 0, 0, 1, 0, 0, 0, 0, 0, 0, 0, 1, 0, 0, 0, 1, 0, 0, 0, 0, 0, 0, 1, 0, 0, 0, 0, 0, 0, 0, 0, 0, 0, 0, 0, 0, 0, 0, 0, 0, 0, 1, 0, 0, 0, 0, 0, 0, 0, 1, 0, 1, 1, 0, 1, 0, 0, 0, 0, 0, 0, 0, 0, 1, 0, 1, 0, 1, 0, 0, 0, 1, 0, 0, 1, 0, 0, 0, 0, 0, 0, 0, 0, 0, 0, 0, 0, 0, 1, 0, 1, 0, 1, 0, 0, 0, 0, 0, 0, 0, 0, 0, 0, 1, 0, 0, 0, 0, 0, 0, 0, 0, 0, 0, 0, 0, 0, 0, 0, 0, 0, 0, 1, 0, 0, 0, 0, 0, 0, 0, 0, 0, 0, 0, 0, 0, 0, 1, 0, 0, 0, 0, 0, 0, 0, 0, 0, 1, 0, 0, 0, 0, 0, 0, 1, 0, 0, 0, 0, 0, 0, 0, 0, 0, 0, 0, 0, 0, 1, 0, 0, 0, 0, 0, 0, 0, 0, 0, 0, 0, 0, 0, 0, 0, 0, 0, 0, 0, 0, 0, 1, 0, 0, 0, 0, 1, 0, 0, 0, 0, 0, 0, 0, 0, 0, 0, 0, 1, 0, 1, 0, 0, 0, 0, 0, 0, 0, 0, 0, 0, 0, 0, 0, 0, 0, 0, 0, 0, 0, 0, 0, 0, 0, 0, 0, 0, 1, 0, 0, 0, 1, 0, 0, 0, 1, 0, 0, 0, 0, 0, 0, 0, 0, 0, 0, 0, 0, 0, 0, 0, 0, 0, 0, 0, 0, 0]

BESTCONSDTWTWO=(52, 400, 0.13)
LISTCONSDTWTWO=[0, 0, 0, 1, 0, 0, 0, 0, 0, 0, 0, 0, 0, 0, 0, 0, 0, 0, 0, 0, 0, 0, 0, 0, 0, 0, 0, 0, 0, 0, 0, 0, 0, 0, 0, 0, 0, 0, 0, 0, 0, 0, 0, 1, 1, 0, 0, 0, 1, 0, 1, 0, 0, 0, 0, 0, 0, 0, 0, 1, 0, 0, 1, 0, 0, 0, 0, 0, 1, 0, 0, 0, 0, 0, 0, 0, 0, 0, 0, 0, 0, 0, 0, 1, 0, 0, 0, 0, 0, 0, 0, 0, 0, 0, 0, 1, 0, 1, 0, 0, 0, 0, 0, 0, 0, 0, 0, 0, 1, 0, 0, 0, 0, 1, 0, 0, 0, 0, 0, 0, 0, 0, 0, 0, 1, 0, 1, 1, 0, 0, 0, 0, 0, 0, 0, 0, 0, 1, 0, 0, 0, 1, 0, 0, 1, 0, 0, 0, 0, 0, 0, 1, 0, 0, 0, 0, 0, 0, 0, 0, 0, 0, 0, 0, 0, 0, 0, 0, 0, 0, 1, 0, 0, 0, 0, 0, 0, 1, 0, 0, 1, 0, 0, 0, 0, 0, 0, 0, 0, 0, 0, 0, 1, 0, 0, 0, 0, 1, 0, 0, 0, 0, 0, 0, 1, 0, 0, 0, 0, 0, 0, 1, 0, 1, 1, 0, 0, 0, 0, 0, 0, 0, 0, 0, 0, 0, 0, 0, 0, 0, 0, 1, 0, 0, 1, 0, 0, 0, 0, 0, 1, 0, 0, 0, 0, 0, 0, 1, 0, 0, 0, 0, 1, 0, 0, 0, 0, 0, 0, 0, 0, 0, 0, 1, 0, 0, 0, 0, 1, 0, 0, 0, 0, 1, 0, 0, 0, 0, 0, 0, 0, 0, 0, 1, 0, 1, 0, 0, 0, 1, 0, 0, 1, 0, 0, 0, 0, 0, 0, 0, 0, 0, 0, 0, 0, 0, 0, 0, 1, 0, 0, 0, 0, 0, 0, 0, 0, 0, 1, 0, 0, 0, 0, 0, 0, 0, 0, 0, 0, 0, 0, 0, 0, 0, 0, 0, 1, 0, 0, 0, 1, 1, 0, 0, 0, 0, 0, 0, 0, 0, 0, 1, 0, 0, 1, 0, 0, 0, 0, 0, 0, 0, 0, 1, 0, 0, 0, 0, 0, 0, 0, 0, 0, 0, 0, 0, 0, 0, 0, 0, 0, 0, 1, 0, 1, 0, 0, 0, 1, 0, 0, 0, 0, 0, 0, 0, 0, 0, 0, 0]

BESTGEMONE=(5, 400, 0.012500000000000001)
LISTGEMONE=[0, 0, 0, 0, 0, 0, 0, 0, 0, 0, 0, 0, 0, 0, 0, 0, 0, 0, 0, 0, 1, 0, 0, 0, 0, 0, 0, 0, 0, 0, 0, 0, 0, 0, 0, 0, 0, 0, 0, 0, 0, 0, 0, 0, 0, 0, 0, 0, 0, 0, 0, 0, 0, 0, 0, 0, 0, 0, 0, 0, 0, 0, 0, 0, 0, 0, 0, 0, 0, 0, 0, 0, 0, 0, 0, 0, 0, 0, 0, 0, 0, 0, 0, 0, 0, 0, 0, 0, 0, 0, 0, 0, 0, 0, 0, 0, 0, 0, 0, 0, 0, 0, 0, 0, 0, 0, 0, 0, 0, 0, 0, 0, 1, 0, 0, 0, 0, 0, 0, 0, 0, 0, 0, 0, 1, 0, 0, 0, 0, 0, 0, 0, 0, 0, 0, 0, 0, 0, 0, 0, 0, 0, 0, 0, 0, 0, 0, 0, 0, 0, 0, 0, 0, 0, 0, 0, 0, 0, 0, 0, 1, 0, 0, 0, 0, 0, 0, 0, 0, 0, 0, 0, 0, 0, 0, 0, 0, 0, 0, 0, 0, 0, 0, 0, 0, 0, 0, 0, 0, 0, 0, 0, 0, 0, 0, 0, 0, 1, 0, 0, 0, 0, 0, 0, 0, 0, 0, 0, 0, 0, 0, 0, 0, 0, 0, 0, 0, 0, 0, 0, 0, 0, 0, 0, 0, 0, 0, 0, 0, 0, 0, 0, 0, 0, 0, 0, 0, 0, 0, 0, 0, 0, 0, 0, 0, 0, 0, 0, 0, 0, 0, 0, 0, 0, 0, 0, 0, 0, 0, 0, 0, 0, 0, 0, 0, 0, 0, 0, 0, 0, 0, 0, 0, 0, 0, 0, 0, 0, 0, 0, 0, 0, 0, 0, 0, 0, 0, 0, 0, 0, 0, 0, 0, 0, 0, 0, 0, 0, 0, 0, 0, 0, 0, 0, 0, 0, 0, 0, 0, 0, 0, 0, 0, 0, 0, 0, 0, 0, 0, 0, 0, 0, 0, 0, 0, 0, 0, 0, 0, 0, 0, 0, 0, 0, 0, 0, 0, 0, 0, 0, 0, 0, 0, 0, 0, 0, 0, 0, 0, 0, 0, 0, 0, 0, 0, 0, 0, 0, 0, 0, 0, 0, 0, 0, 0, 0, 0, 0, 0, 0, 0, 0, 0, 0, 0, 0, 0, 0, 0, 0, 0, 0, 0, 0, 0, 0, 0, 0, 0, 0, 0, 0, 0, 0, 0, 0, 0, 0, 0, 0]

BESTGEMTWO=(3, 400, 0.0074999999999999997)
LISTGEMTWO=[0, 0, 0, 0, 0, 0, 0, 0, 0, 0, 0, 0, 0, 0, 0, 0, 0, 0, 0, 0, 0, 0, 1, 0, 0, 0, 0, 0, 0, 0, 0, 0, 0, 0, 0, 0, 0, 0, 0, 0, 0, 0, 0, 0, 0, 0, 0, 0, 0, 0, 0, 0, 0, 0, 0, 0, 0, 1, 0, 0, 0, 0, 0, 0, 0, 0, 0, 0, 0, 0, 0, 0, 0, 0, 0, 0, 0, 0, 0, 0, 0, 0, 0, 0, 0, 0, 0, 0, 0, 0, 0, 0, 0, 0, 0, 0, 0, 0, 0, 0, 0, 0, 0, 0, 0, 0, 0, 1, 0, 0, 0, 0, 0, 0, 0, 0, 0, 0, 0, 0, 0, 0, 0, 0, 0, 0, 0, 0, 0, 0, 0, 0, 0, 0, 0, 0, 0, 0, 0, 0, 0, 0, 0, 0, 0, 0, 0, 0, 0, 0, 0, 0, 0, 0, 0, 0, 0, 0, 0, 0, 0, 0, 0, 0, 0, 0, 0, 0, 0, 0, 0, 0, 0, 0, 0, 0, 0, 0, 0, 0, 0, 0, 0, 0, 0, 0, 0, 0, 0, 0, 0, 0, 0, 0, 0, 0, 0, 0, 0, 0, 0, 0, 0, 0, 0, 0, 0, 0, 0, 0, 0, 0, 0, 0, 0, 0, 0, 0, 0, 0, 0, 0, 0, 0, 0, 0, 0, 0, 0, 0, 0, 0, 0, 0, 0, 0, 0, 0, 0, 0, 0, 0, 0, 0, 0, 0, 0, 0, 0, 0, 0, 0, 0, 0, 0, 0, 0, 0, 0, 0, 0, 0, 0, 0, 0, 0, 0, 0, 0, 0, 0, 0, 0, 0, 0, 0, 0, 0, 0, 0, 0, 0, 0, 0, 0, 0, 0, 0, 0, 0, 0, 0, 0, 0, 0, 0, 0, 0, 0, 0, 0, 0, 0, 0, 0, 0, 0, 0, 0, 0, 0, 0, 0, 0, 0, 0, 0, 0, 0, 0, 0, 0, 0, 0, 0, 0, 0, 0, 0, 0, 0, 0, 0, 0, 0, 0, 0, 0, 0, 0, 0, 0, 0, 0, 0, 0, 0, 0, 0, 0, 0, 0, 0, 0, 0, 0, 0, 0, 0, 0, 0, 0, 0, 0, 0, 0, 0, 0, 0, 0, 0, 0, 0, 0, 0, 0, 0, 0, 0, 0, 0, 0, 0, 0, 0, 0, 0, 0, 0, 0, 0, 0, 0, 0, 0, 0, 0, 0, 0, 0]

