# indices of halve split with split for parameters)
INDEXONE=[744, 743, 701, 489, 642, 563, 885, 273, 32, 398, 118, 665, 443, 801, 186, 428, 151, 994, 25, 11, 519, 100, 200, 722, 143, 924, 761, 303, 608, 583, 349, 85, 106, 44, 867, 833, 691, 687, 318, 120, 906, 734, 279, 567, 555, 446, 630, 169, 432, 966, 856, 266, 593, 15, 457, 717, 958, 412, 987, 855, 150, 3, 419, 132, 366, 167, 662, 70, 653, 916, 237, 383, 985, 9, 292, 793, 386, 631, 498, 871, 791, 411, 486, 912, 117, 962, 392, 765, 902, 991, 672, 436, 539, 439, 838, 982, 463, 414, 239, 330, 452, 444, 141, 442, 193, 821, 800, 703, 261, 110, 957, 209, 142, 668, 792, 986, 60, 713, 305, 425, 543, 136, 941, 86, 569, 561, 153, 415, 720, 356, 913, 49, 707, 578, 179, 217, 813, 521, 195, 268, 322, 597, 537, 915, 52, 126, 673, 203, 377, 831, 424, 917, 735, 212, 936, 705, 900, 590, 247, 544, 954, 595, 752, 90, 523, 466, 536, 347, 13, 135, 949, 80, 762, 854, 769, 240, 643, 540, 612, 314, 511, 341, 312, 558, 804, 550, 372, 397, 768, 56, 883, 37, 147, 878, 772, 500, 144, 904, 700, 96, 520, 114, 190, 551, 635, 659, 418, 591, 300, 849, 265, 251, 245, 101, 138, 116, 326, 766, 747, 682, 579, 283, 533, 723, 83, 176, 255, 892, 648, 228, 516, 369, 877, 863, 626, 606, 677, 310, 249, 493, 43, 1, 51, 794, 496, 423, 311, 259, 522, 560, 547, 344, 128, 20, 165, 391, 173, 301, 829, 784, 435, 69, 844, 28, 724, 893, 607, 361, 692, 529, 352, 695, 158, 530, 919, 676, 363, 588, 670, 41, 59, 787, 619, 371, 686, 901, 7, 624, 683, 879, 14, 609, 204, 131, 66, 148, 394, 430, 481, 596, 408, 669, 378, 256, 233, 698, 518, 799, 795, 636, 232, 757, 760, 956, 226, 896, 934, 566, 776, 667, 709, 338, 967, 983, 393, 84, 192, 825, 250, 197, 620, 384, 346, 970, 517, 898, 932, 427, 82, 294, 964, 601, 263, 615, 296, 942, 485, 48, 219, 385, 644, 38, 248, 23, 459, 488, 395, 575, 599, 742, 460, 899, 573, 538, 499, 180, 234, 328, 503, 554, 546, 358, 843, 992, 297, 933, 553, 403, 354, 577, 33, 592, 679, 657, 68, 866, 580, 827, 467, 756, 874, 905, 103, 753, 348, 218, 465, 323, 507, 39]
INDEXLPONE=[775, 340, 95, 513, 319, 789, 458, 77, 65, 379, 399, 357, 564, 225, 576, 927, 476, 478, 29, 175, 616, 909, 298, 243, 889, 407, 483, 515, 355, 453, 730, 375, 788, 943, 815, 922, 839, 947, 339, 738, 468, 222, 706, 10, 978, 891, 652, 127, 437, 582, 627, 925, 647, 64, 334, 755, 671, 88, 447, 91, 417, 164, 93, 177, 331, 441, 178, 953, 12, 75, 594, 302, 770, 374, 532, 921, 321, 929, 549, 201, 628, 623, 194, 822, 930, 362, 811, 779, 903, 782, 401, 381, 242, 479, 556, 76, 935, 868, 157, 210]
INDEXTWO=[552, 847, 365, 572, 888, 656, 227, 174, 559, 429, 945, 977, 258, 918, 754, 689, 637, 785, 149, 649, 308, 289, 278, 638, 708, 605, 276, 862, 274, 968, 622, 160, 716, 450, 72, 719, 875, 45, 812, 526, 224, 697, 307, 745, 198, 640, 87, 857, 133, 574, 600, 495, 955, 350, 390, 678, 455, 159, 119, 188, 335, 790, 852, 122, 502, 938, 629, 562, 873, 461, 694, 976, 819, 727, 835, 617, 254, 287, 17, 741, 490, 655, 946, 221, 797, 35, 166, 309, 42, 501, 681, 71, 568, 109, 492, 288, 865, 880, 614, 828, 21, 396, 24, 257, 861, 137, 216, 295, 400, 837, 189, 474, 223, 487, 830, 2, 758, 751, 884, 621, 786, 81, 464, 604, 62, 809, 448, 333, 914, 712, 602, 36, 645, 675, 196, 661, 315, 0, 241, 981, 972, 907, 832, 798, 61, 810, 471, 611, 445, 965, 803, 451, 272, 16, 280, 585, 470, 999, 345, 145, 304, 388, 494, 275, 944, 260, 816, 923, 963, 746, 872, 732, 181, 497, 685, 763, 299, 102, 603, 587, 882, 183, 19, 748, 778, 557, 140, 860, 818, 402, 771, 817, 230, 416, 202, 714, 993, 545, 387, 613, 199, 99, 948, 736, 313, 327, 182, 531, 107, 162, 740, 211, 824, 214, 244, 890, 542, 767, 524, 34, 271, 154, 684, 674, 6, 18, 139, 413, 618, 124, 937, 317, 405, 359, 63, 807, 664, 979, 737, 814, 548, 97, 208, 660, 718, 426, 774, 284, 47, 269, 469, 491, 472, 988, 105, 570, 510, 728, 404, 995, 382, 711, 152, 78, 482, 433, 512, 293, 449, 759, 291, 881, 823, 185, 285, 980, 535, 870, 342, 783, 646, 171, 353, 282, 420, 281, 290, 571, 475, 172, 998, 764, 897, 565, 329, 462, 57, 184, 156, 781, 693, 332, 731, 473, 480, 115, 207, 215, 73, 959, 926, 431, 454, 725, 702, 108, 851, 527, 639, 749, 869, 220, 951, 94, 367, 155, 777, 262, 277, 598, 534, 952, 92, 541, 650, 54, 238, 820, 376, 969, 74, 246, 4, 960, 477, 336, 806, 528, 440, 206, 364, 389, 663, 286, 805, 739, 161, 514, 130, 351, 989, 525, 780, 113, 320, 146, 853, 316, 26, 104, 654, 50, 950, 89, 997, 836, 710, 129, 688, 610, 641, 509, 826, 337, 984, 651, 456, 421, 505, 887, 721, 40, 696, 98, 632, 79, 406, 5, 726, 975]
INDEXLPTWO=[410, 589, 834, 858, 235, 846, 213, 236, 55, 267, 434, 658, 343, 625, 229, 850, 46, 773, 931, 840, 8, 508, 802, 422, 845, 168, 368, 910, 864, 895, 911, 30, 586, 22, 170, 264, 848, 940, 886, 961, 306, 121, 666, 125, 841, 58, 67, 581, 134, 205, 996, 842, 971, 808, 252, 633, 111, 680, 112, 31, 634, 506, 325, 53, 974, 928, 270, 187, 750, 484, 584, 690, 704, 908, 409, 324, 876, 438, 123, 859, 253, 990, 939, 373, 973, 231, 796, 27, 360, 715, 920, 729, 894, 699, 504, 733, 163, 380, 370, 191]

# learned parameters for cdtw and gem
# dtw ((error, size, error/size), (window, sqr))
# gem ((error, size, error/size), (St0, St1, E, sym, sqr))
BESTLEARNCONSDTWONE=((7, 100, 0.070000000000000007), (0.01, True))
LISTLEARNCONSDTWONE=[((7, 100, 0.070000000000000007), (0.01, True)), ((11, 100, 0.11), (0.02, True)), ((12, 100, 0.12), (0.0, True)), ((17, 100, 0.17000000000000001), (0.029999999999999999, True)), ((25, 100, 0.25), (0.040000000000000001, True)), ((26, 100, 0.26000000000000001), (0.050000000000000003, True)), ((30, 100, 0.29999999999999999), (0.059999999999999998, True)), ((33, 100, 0.33000000000000002), (0.070000000000000007, True)), ((33, 100, 0.33000000000000002), (0.080000000000000002, True)), ((35, 100, 0.34999999999999998), (0.089999999999999997, True)), ((35, 100, 0.34999999999999998), (0.10000000000000001, True)), ((35, 100, 0.34999999999999998), (0.11, True)), ((36, 100, 0.35999999999999999), (0.12, True)), ((36, 100, 0.35999999999999999), (0.13, True)), ((38, 100, 0.38), (0.14000000000000001, True)), ((38, 100, 0.38), (0.14999999999999999, True)), ((39, 100, 0.39000000000000001), (0.16, True)), ((39, 100, 0.39000000000000001), (0.17000000000000001, True)), ((39, 100, 0.39000000000000001), (0.17999999999999999, True)), ((39, 100, 0.39000000000000001), (0.19, True)), ((39, 100, 0.39000000000000001), (0.20000000000000001, True))]

BESTLEARNGEMONE=((0, 100, 0.0), (2, 2, 0.125, True, True))
LISTLEARNGEMONE=[((0, 100, 0.0), (2, 2, 0.03125, True, True)), ((0, 100, 0.0), (2, 2, 0.0625, True, True)), ((0, 100, 0.0), (2, 2, 0.125, True, True)), ((0, 100, 0.0), (2, 2, 0.25, True, True)), ((1, 100, 0.01), (2, 1, 0.03125, True, True)), ((1, 100, 0.01), (2, 1, 0.0625, True, True)), ((1, 100, 0.01), (2, 2, 0.015625, True, True)), ((2, 100, 0.02), (2, 1, 0.015625, True, True)), ((3, 100, 0.029999999999999999), (2, 2, 0.0078125, True, True)), ((4, 100, 0.040000000000000001), (2, 1, 0.0078125, True, True)), ((9, 100, 0.089999999999999997), (2, 1, 0.00390625, True, True)), ((9, 100, 0.089999999999999997), (2, 1, 0.125, True, True)), ((11, 100, 0.11), (1, 1, 0.0078125, True, True)), ((11, 100, 0.11), (1, 2, 0.0078125, True, True)), ((12, 100, 0.12), (1, 1, 0.015625, True, True)), ((12, 100, 0.12), (1, 2, 0.015625, True, True)), ((15, 100, 0.14999999999999999), (1, 1, 0.03125, True, True)), ((15, 100, 0.14999999999999999), (1, 2, 0.03125, True, True)), ((18, 100, 0.17999999999999999), (2, 2, 0.5, True, True)), ((19, 100, 0.19), (2, 2, 0.00390625, True, True)), ((20, 100, 0.20000000000000001), (1, 1, 0.00390625, True, True)), ((20, 100, 0.20000000000000001), (1, 2, 0.00390625, True, True)), ((23, 100, 0.23000000000000001), (1, 1, 0.0625, True, True)), ((23, 100, 0.23000000000000001), (1, 2, 0.0625, True, True)), ((31, 100, 0.31), (1, 1, 0.125, True, True)), ((31, 100, 0.31), (1, 2, 0.125, True, True)), ((38, 100, 0.38), (2, 1, 0.25, True, True)), ((40, 100, 0.40000000000000002), (1, 1, 0.25, True, True)), ((40, 100, 0.40000000000000002), (1, 2, 0.25, True, True)), ((50, 100, 0.5), (2, 2, 0, True, True)), ((59, 100, 0.58999999999999997), (2, 1, 0, True, True)), ((65, 100, 0.65000000000000002), (1, 1, 0.5, True, True)), ((65, 100, 0.65000000000000002), (1, 2, 0.5, True, True)), ((76, 100, 0.76000000000000001), (1, 1, 0, True, True)), ((76, 100, 0.76000000000000001), (1, 2, 0, True, True)), ((84, 100, 0.83999999999999997), (2, 1, 0.5, True, True))]

BESTLEARNCONSDTWTWO=((9, 100, 0.089999999999999997), (0.02, True))
LISTLEARNCONSDTWTWO=[((9, 100, 0.089999999999999997), (0.02, True)), ((11, 100, 0.11), (0.01, True)), ((12, 100, 0.12), (0.0, True)), ((13, 100, 0.13), (0.029999999999999999, True)), ((18, 100, 0.17999999999999999), (0.040000000000000001, True)), ((22, 100, 0.22), (0.050000000000000003, True)), ((27, 100, 0.27000000000000002), (0.059999999999999998, True)), ((31, 100, 0.31), (0.070000000000000007, True)), ((31, 100, 0.31), (0.080000000000000002, True)), ((31, 100, 0.31), (0.089999999999999997, True)), ((31, 100, 0.31), (0.10000000000000001, True)), ((32, 100, 0.32000000000000001), (0.11, True)), ((33, 100, 0.33000000000000002), (0.12, True)), ((33, 100, 0.33000000000000002), (0.13, True)), ((34, 100, 0.34000000000000002), (0.14000000000000001, True)), ((35, 100, 0.34999999999999998), (0.14999999999999999, True)), ((35, 100, 0.34999999999999998), (0.16, True)), ((35, 100, 0.34999999999999998), (0.17000000000000001, True)), ((35, 100, 0.34999999999999998), (0.17999999999999999, True)), ((35, 100, 0.34999999999999998), (0.19, True)), ((35, 100, 0.34999999999999998), (0.20000000000000001, True))]

BESTLEARNGEMTWO=((1, 100, 0.01), (2, 2, 0.03125, True, True))
LISTLEARNGEMTWO=[((1, 100, 0.01), (2, 1, 0.03125, True, True)), ((1, 100, 0.01), (2, 2, 0.015625, True, True)), ((1, 100, 0.01), (2, 2, 0.03125, True, True)), ((1, 100, 0.01), (2, 2, 0.0625, True, True)), ((1, 100, 0.01), (2, 2, 0.125, True, True)), ((2, 100, 0.02), (2, 1, 0.015625, True, True)), ((2, 100, 0.02), (2, 1, 0.0625, True, True)), ((2, 100, 0.02), (2, 2, 0.25, True, True)), ((4, 100, 0.040000000000000001), (2, 1, 0.0078125, True, True)), ((4, 100, 0.040000000000000001), (2, 2, 0.0078125, True, True)), ((8, 100, 0.080000000000000002), (2, 1, 0.125, True, True)), ((12, 100, 0.12), (1, 1, 0.0078125, True, True)), ((12, 100, 0.12), (1, 2, 0.0078125, True, True)), ((12, 100, 0.12), (2, 1, 0.00390625, True, True)), ((15, 100, 0.14999999999999999), (1, 1, 0.00390625, True, True)), ((15, 100, 0.14999999999999999), (1, 1, 0.015625, True, True)), ((15, 100, 0.14999999999999999), (1, 2, 0.00390625, True, True)), ((15, 100, 0.14999999999999999), (1, 2, 0.015625, True, True)), ((15, 100, 0.14999999999999999), (2, 2, 0.00390625, True, True)), ((21, 100, 0.20999999999999999), (1, 1, 0.03125, True, True)), ((21, 100, 0.20999999999999999), (1, 2, 0.03125, True, True)), ((21, 100, 0.20999999999999999), (2, 2, 0.5, True, True)), ((27, 100, 0.27000000000000002), (1, 1, 0.0625, True, True)), ((27, 100, 0.27000000000000002), (1, 2, 0.0625, True, True)), ((35, 100, 0.34999999999999998), (1, 1, 0.125, True, True)), ((35, 100, 0.34999999999999998), (1, 2, 0.125, True, True)), ((39, 100, 0.39000000000000001), (2, 1, 0.25, True, True)), ((47, 100, 0.46999999999999997), (1, 1, 0.25, True, True)), ((47, 100, 0.46999999999999997), (1, 2, 0.25, True, True)), ((48, 100, 0.47999999999999998), (2, 1, 0, True, True)), ((49, 100, 0.48999999999999999), (2, 2, 0, True, True)), ((65, 100, 0.65000000000000002), (1, 1, 0.5, True, True)), ((65, 100, 0.65000000000000002), (1, 2, 0.5, True, True)), ((78, 100, 0.78000000000000003), (1, 1, 0, True, True)), ((78, 100, 0.78000000000000003), (1, 2, 0, True, True)), ((81, 100, 0.81000000000000005), (2, 1, 0.5, True, True))]


# error rates for different distance measures
# (error, size, error/size) and binary mask
BESTLPONE=(64, 400, 0.16)
LISTLPONE=[0, 0, 0, 1, 0, 0, 0, 0, 0, 0, 0, 0, 0, 0, 0, 0, 0, 1, 0, 0, 0, 0, 1, 0, 0, 0, 1, 0, 0, 0, 0, 0, 0, 0, 1, 0, 0, 1, 0, 0, 0, 0, 0, 0, 0, 0, 0, 0, 0, 0, 0, 0, 0, 0, 0, 1, 1, 0, 0, 0, 0, 0, 0, 0, 0, 0, 0, 0, 0, 0, 1, 0, 0, 0, 0, 0, 0, 0, 0, 0, 0, 0, 0, 1, 0, 0, 0, 0, 0, 0, 0, 0, 0, 0, 0, 0, 0, 0, 1, 0, 0, 0, 0, 0, 0, 0, 0, 0, 0, 0, 0, 0, 0, 0, 0, 1, 0, 0, 0, 0, 0, 0, 0, 0, 1, 0, 1, 0, 0, 0, 0, 0, 0, 1, 0, 0, 1, 0, 0, 1, 1, 0, 0, 0, 0, 1, 0, 0, 0, 0, 0, 0, 0, 1, 0, 0, 0, 0, 0, 0, 1, 1, 0, 0, 0, 0, 0, 0, 0, 0, 0, 0, 1, 1, 0, 1, 0, 1, 0, 0, 0, 0, 0, 0, 0, 0, 1, 1, 1, 0, 0, 1, 1, 0, 0, 0, 1, 0, 1, 0, 0, 0, 0, 0, 0, 1, 0, 0, 0, 1, 0, 1, 0, 0, 0, 0, 0, 1, 0, 0, 0, 0, 0, 0, 0, 1, 0, 0, 0, 0, 0, 1, 0, 0, 0, 0, 0, 0, 1, 1, 0, 0, 0, 0, 0, 1, 0, 1, 0, 0, 0, 0, 0, 0, 0, 0, 1, 0, 1, 0, 0, 0, 0, 0, 1, 0, 0, 0, 0, 0, 0, 0, 0, 1, 0, 0, 0, 0, 0, 0, 0, 0, 0, 1, 0, 0, 0, 0, 0, 0, 0, 0, 0, 0, 1, 0, 0, 0, 0, 0, 1, 0, 0, 1, 1, 0, 0, 0, 1, 0, 1, 0, 0, 0, 0, 0, 0, 0, 0, 0, 0, 0, 0, 0, 0, 0, 0, 1, 1, 1, 0, 0, 0, 1, 0, 0, 0, 0, 0, 0, 1, 0, 0, 0, 0, 0, 1, 0, 0, 0, 0, 0, 0, 0, 0, 0, 0, 0, 0, 0, 0, 0, 0, 0, 0, 0, 0, 0, 0, 0, 1, 0, 0, 0, 0, 0, 0, 0, 0, 1, 0, 0, 0, 0, 1, 0, 0, 0, 0, 1, 0, 0, 0, 0, 0, 0, 0, 0, 0, 0]

BESTLPTWO=(63, 400, 0.1575)
LISTLPTWO=[0, 0, 0, 0, 0, 1, 1, 0, 0, 0, 0, 0, 0, 0, 1, 1, 0, 0, 0, 0, 0, 0, 0, 0, 1, 0, 0, 0, 0, 0, 0, 1, 1, 0, 0, 0, 0, 0, 0, 1, 0, 1, 0, 0, 0, 0, 0, 0, 0, 0, 0, 1, 1, 1, 0, 0, 0, 0, 0, 0, 0, 0, 1, 0, 0, 0, 0, 0, 0, 0, 1, 0, 0, 0, 0, 0, 1, 0, 1, 0, 0, 0, 0, 0, 0, 0, 0, 0, 1, 0, 0, 0, 0, 0, 0, 0, 0, 1, 0, 0, 1, 0, 0, 1, 0, 0, 0, 0, 0, 0, 0, 0, 0, 0, 1, 0, 0, 0, 0, 0, 1, 0, 0, 0, 0, 0, 0, 0, 0, 0, 0, 0, 1, 0, 0, 1, 0, 0, 0, 0, 0, 0, 0, 1, 0, 0, 0, 0, 1, 0, 0, 1, 0, 0, 0, 0, 0, 0, 0, 0, 0, 0, 0, 0, 0, 1, 1, 1, 0, 0, 0, 0, 0, 0, 0, 0, 1, 0, 0, 0, 0, 0, 0, 1, 0, 1, 0, 0, 1, 0, 0, 0, 1, 1, 0, 0, 0, 1, 0, 0, 0, 1, 0, 0, 0, 0, 0, 0, 0, 0, 0, 0, 0, 0, 1, 0, 0, 1, 0, 0, 0, 0, 0, 0, 0, 0, 0, 0, 0, 0, 0, 0, 0, 0, 0, 0, 0, 0, 0, 0, 0, 0, 0, 1, 0, 0, 0, 0, 0, 0, 0, 0, 0, 0, 0, 0, 0, 0, 0, 0, 0, 0, 1, 0, 0, 0, 0, 0, 0, 1, 0, 0, 0, 0, 1, 0, 0, 0, 0, 0, 0, 1, 0, 1, 1, 0, 0, 0, 0, 0, 0, 0, 0, 0, 0, 0, 0, 0, 1, 0, 0, 0, 1, 0, 0, 0, 0, 0, 0, 1, 1, 0, 0, 0, 0, 1, 0, 0, 0, 1, 0, 0, 0, 0, 1, 1, 1, 0, 0, 0, 1, 0, 0, 0, 0, 0, 1, 0, 0, 0, 0, 0, 0, 0, 0, 0, 0, 0, 0, 0, 0, 0, 0, 0, 0, 0, 1, 0, 0, 0, 0, 0, 0, 0, 0, 0, 1, 0, 0, 0, 0, 0, 0, 0, 0, 0, 0, 0, 0, 0, 0, 0, 0, 0, 0, 0, 0, 1, 0, 0, 0, 0, 0, 0, 0, 0, 1, 0, 1, 0]

BESTFULLDTWONE=(189, 400, 0.47249999999999998)
LISTFULLDTWONE=[1, 1, 0, 1, 0, 0, 1, 0, 1, 0, 0, 1, 1, 1, 0, 0, 0, 1, 0, 0, 1, 1, 1, 0, 0, 1, 0, 1, 0, 1, 1, 1, 0, 1, 1, 1, 0, 1, 0, 0, 0, 0, 0, 1, 1, 1, 0, 0, 1, 1, 0, 0, 1, 1, 0, 1, 0, 0, 0, 0, 0, 0, 1, 0, 0, 0, 0, 0, 0, 1, 0, 1, 0, 1, 1, 0, 0, 1, 0, 1, 1, 0, 0, 1, 0, 0, 0, 0, 0, 0, 1, 0, 1, 1, 0, 0, 0, 1, 1, 0, 1, 0, 0, 1, 0, 1, 1, 0, 1, 1, 1, 1, 0, 1, 0, 0, 1, 1, 1, 0, 1, 1, 1, 1, 1, 0, 0, 1, 0, 1, 0, 0, 0, 1, 0, 0, 1, 0, 0, 1, 1, 1, 0, 0, 0, 0, 1, 0, 1, 0, 0, 0, 0, 0, 0, 0, 0, 1, 1, 1, 1, 1, 0, 0, 1, 0, 1, 0, 1, 0, 0, 0, 0, 1, 0, 0, 0, 1, 0, 0, 0, 1, 0, 1, 1, 1, 0, 0, 1, 1, 0, 0, 1, 1, 1, 0, 0, 0, 1, 0, 0, 1, 0, 0, 1, 1, 0, 1, 0, 1, 0, 1, 0, 1, 1, 1, 0, 1, 1, 0, 1, 1, 1, 1, 1, 1, 1, 1, 1, 0, 0, 0, 0, 0, 0, 0, 0, 1, 1, 1, 0, 1, 0, 0, 0, 1, 1, 0, 0, 1, 0, 1, 1, 0, 0, 0, 1, 1, 1, 1, 0, 1, 0, 0, 1, 0, 0, 1, 0, 1, 1, 0, 0, 1, 0, 0, 1, 1, 1, 0, 1, 0, 1, 1, 0, 0, 0, 0, 0, 1, 1, 0, 0, 0, 1, 1, 1, 0, 1, 0, 1, 1, 0, 1, 1, 0, 0, 1, 0, 1, 1, 0, 0, 0, 0, 1, 0, 0, 1, 0, 1, 0, 1, 1, 0, 0, 0, 1, 1, 0, 0, 1, 0, 1, 0, 0, 0, 1, 0, 0, 1, 0, 0, 0, 0, 1, 0, 0, 0, 1, 1, 1, 1, 0, 0, 1, 0, 1, 1, 1, 1, 0, 1, 1, 0, 0, 0, 1, 0, 1, 0, 1, 0, 0, 1, 0, 0, 0, 1, 1, 0, 1, 0, 1, 1, 1, 1, 1, 0, 1, 1, 1, 0, 1, 0, 1, 0, 1, 1, 0]

BESTFULLDTWTWO=(191, 400, 0.47749999999999998)
LISTFULLDTWTWO=[0, 1, 1, 0, 1, 1, 1, 0, 1, 0, 1, 1, 0, 0, 1, 1, 0, 0, 0, 0, 1, 1, 0, 1, 1, 0, 0, 1, 0, 1, 0, 0, 1, 1, 0, 0, 0, 1, 1, 1, 1, 1, 0, 1, 0, 0, 0, 0, 1, 1, 0, 1, 1, 1, 0, 0, 1, 0, 0, 0, 1, 0, 0, 0, 0, 0, 0, 1, 0, 0, 1, 0, 0, 0, 0, 0, 1, 1, 1, 0, 1, 1, 1, 0, 0, 0, 0, 1, 1, 0, 0, 0, 0, 1, 0, 1, 0, 1, 0, 1, 0, 0, 1, 1, 1, 1, 1, 0, 1, 0, 0, 1, 1, 0, 1, 0, 1, 0, 0, 0, 1, 1, 0, 0, 1, 0, 1, 1, 1, 1, 0, 0, 0, 1, 0, 1, 0, 1, 0, 1, 0, 0, 0, 1, 1, 0, 1, 0, 1, 0, 1, 1, 0, 1, 1, 1, 1, 0, 1, 0, 0, 1, 0, 0, 1, 1, 1, 1, 0, 0, 0, 0, 0, 0, 1, 0, 1, 0, 0, 1, 1, 0, 0, 1, 1, 0, 0, 1, 1, 0, 1, 0, 1, 1, 0, 1, 0, 1, 0, 0, 1, 0, 1, 0, 1, 0, 0, 1, 0, 0, 1, 1, 0, 0, 0, 0, 0, 1, 1, 0, 0, 0, 0, 1, 0, 1, 0, 1, 0, 0, 1, 0, 0, 1, 0, 0, 0, 0, 0, 1, 1, 0, 0, 1, 0, 0, 0, 1, 0, 0, 1, 0, 1, 0, 1, 0, 1, 0, 0, 0, 1, 1, 1, 0, 1, 0, 1, 1, 1, 0, 1, 1, 1, 1, 1, 0, 1, 0, 0, 0, 1, 1, 0, 0, 1, 1, 1, 0, 1, 1, 0, 0, 0, 1, 1, 0, 1, 1, 1, 1, 0, 1, 1, 1, 0, 1, 0, 0, 0, 0, 1, 1, 1, 1, 1, 1, 0, 0, 0, 1, 1, 1, 0, 0, 1, 1, 1, 0, 1, 0, 1, 1, 1, 0, 0, 1, 0, 0, 1, 1, 1, 0, 0, 0, 1, 0, 0, 1, 1, 1, 1, 0, 0, 0, 1, 1, 1, 0, 1, 1, 0, 1, 1, 0, 1, 0, 1, 1, 0, 1, 0, 1, 0, 0, 0, 1, 0, 0, 0, 0, 1, 0, 1, 1, 0, 0, 1, 1, 0, 0, 0, 0, 0, 0, 0, 0, 1, 0, 1, 0]

BESTCONSDTWONE=(51, 400, 0.1275)
LISTCONSDTWONE=[1, 0, 0, 1, 0, 0, 0, 0, 0, 0, 0, 1, 0, 0, 0, 0, 0, 1, 0, 0, 0, 0, 1, 0, 0, 0, 0, 0, 0, 0, 0, 0, 0, 0, 0, 0, 0, 1, 0, 0, 0, 0, 0, 0, 0, 0, 0, 0, 0, 0, 0, 0, 0, 0, 0, 0, 1, 0, 0, 0, 0, 0, 1, 0, 0, 0, 0, 0, 0, 0, 0, 0, 0, 0, 0, 0, 0, 0, 0, 0, 0, 0, 0, 1, 0, 0, 0, 0, 0, 0, 0, 0, 0, 0, 0, 0, 0, 0, 1, 0, 0, 0, 0, 0, 0, 0, 0, 0, 0, 0, 0, 0, 0, 0, 0, 1, 0, 0, 0, 0, 0, 0, 0, 0, 1, 0, 0, 1, 0, 0, 0, 0, 0, 1, 0, 0, 1, 0, 0, 1, 1, 0, 0, 0, 0, 0, 0, 0, 0, 0, 0, 0, 0, 1, 0, 0, 0, 0, 0, 0, 0, 1, 0, 0, 0, 0, 0, 0, 0, 0, 0, 0, 0, 1, 0, 0, 0, 1, 0, 0, 0, 0, 0, 0, 0, 0, 0, 0, 1, 0, 0, 0, 1, 0, 0, 0, 0, 0, 1, 0, 0, 0, 0, 0, 0, 0, 0, 0, 0, 1, 0, 0, 0, 0, 1, 0, 0, 1, 1, 0, 1, 1, 0, 0, 0, 1, 1, 0, 0, 0, 0, 0, 0, 0, 0, 0, 0, 0, 0, 1, 0, 0, 0, 0, 0, 1, 0, 0, 0, 0, 0, 0, 0, 0, 0, 0, 1, 0, 0, 0, 0, 0, 0, 0, 1, 0, 0, 0, 0, 0, 0, 0, 0, 1, 0, 0, 0, 0, 0, 0, 0, 0, 0, 0, 0, 0, 0, 0, 0, 0, 0, 0, 0, 0, 1, 0, 0, 0, 0, 0, 0, 0, 0, 1, 1, 0, 0, 0, 0, 0, 1, 0, 0, 0, 0, 0, 0, 0, 0, 0, 0, 0, 0, 1, 0, 0, 0, 1, 1, 1, 0, 0, 0, 1, 0, 0, 0, 0, 0, 0, 1, 0, 0, 0, 0, 0, 0, 0, 0, 0, 0, 0, 0, 0, 0, 1, 0, 0, 0, 0, 0, 0, 0, 0, 0, 0, 0, 0, 0, 0, 0, 0, 0, 0, 0, 0, 0, 0, 0, 1, 0, 0, 0, 1, 0, 0, 0, 0, 0, 1, 0, 0, 0, 0, 0, 0, 0, 0, 0, 0]

BESTCONSDTWTWO=(70, 400, 0.17499999999999999)
LISTCONSDTWTWO=[0, 0, 1, 0, 0, 1, 1, 0, 0, 0, 1, 1, 0, 0, 1, 1, 0, 0, 0, 0, 0, 0, 0, 0, 0, 0, 0, 0, 0, 0, 0, 0, 0, 1, 0, 0, 0, 0, 1, 1, 0, 0, 0, 1, 0, 0, 0, 0, 0, 0, 0, 1, 1, 0, 0, 0, 1, 0, 0, 0, 1, 0, 0, 0, 0, 0, 0, 0, 0, 0, 0, 0, 0, 0, 0, 0, 1, 0, 1, 0, 0, 0, 0, 0, 0, 0, 0, 0, 1, 0, 0, 0, 0, 0, 0, 0, 0, 1, 0, 1, 0, 0, 0, 1, 0, 0, 0, 0, 0, 0, 0, 0, 0, 0, 1, 0, 0, 0, 0, 0, 1, 0, 0, 0, 0, 0, 0, 1, 1, 0, 0, 0, 0, 0, 0, 1, 0, 0, 0, 0, 0, 0, 0, 1, 1, 0, 0, 0, 1, 0, 1, 0, 0, 0, 0, 0, 1, 0, 1, 0, 0, 0, 0, 0, 0, 0, 0, 0, 0, 0, 0, 0, 0, 0, 0, 0, 1, 0, 0, 1, 0, 0, 0, 1, 0, 0, 0, 0, 1, 0, 0, 0, 1, 1, 0, 0, 0, 0, 0, 0, 0, 0, 0, 0, 0, 0, 0, 0, 0, 0, 0, 0, 0, 0, 0, 0, 0, 0, 0, 0, 0, 0, 0, 0, 0, 0, 0, 0, 0, 0, 0, 0, 0, 0, 0, 0, 0, 0, 0, 0, 1, 0, 0, 0, 0, 0, 0, 0, 0, 0, 0, 0, 0, 0, 0, 0, 0, 0, 0, 0, 0, 0, 1, 0, 0, 0, 1, 0, 1, 0, 0, 0, 0, 0, 1, 0, 0, 0, 0, 0, 0, 1, 0, 0, 0, 0, 0, 0, 0, 0, 0, 0, 0, 0, 0, 0, 0, 0, 1, 1, 0, 0, 1, 0, 0, 1, 0, 0, 0, 0, 1, 1, 1, 0, 1, 1, 0, 0, 0, 1, 1, 0, 0, 0, 0, 1, 1, 0, 0, 0, 1, 0, 1, 0, 0, 0, 0, 0, 0, 0, 1, 0, 0, 0, 0, 0, 0, 0, 1, 1, 0, 0, 0, 0, 0, 0, 1, 0, 0, 0, 0, 1, 0, 0, 1, 0, 0, 0, 0, 0, 0, 0, 0, 0, 0, 1, 0, 0, 0, 0, 0, 0, 0, 0, 0, 0, 1, 1, 0, 0, 0, 0, 0, 0, 0, 0, 1, 0, 1, 0]

BESTGEMONE=(7, 400, 0.017500000000000002)
LISTGEMONE=[0, 0, 0, 0, 0, 0, 0, 0, 0, 0, 0, 0, 0, 0, 0, 0, 0, 0, 0, 0, 0, 0, 1, 0, 0, 0, 0, 0, 0, 0, 0, 0, 0, 0, 0, 0, 0, 0, 0, 0, 0, 0, 0, 0, 0, 0, 0, 0, 0, 0, 0, 0, 0, 0, 0, 0, 0, 0, 0, 0, 0, 0, 0, 0, 0, 0, 0, 0, 0, 0, 0, 0, 0, 0, 0, 0, 0, 0, 0, 0, 0, 0, 0, 0, 0, 0, 0, 0, 0, 0, 0, 0, 0, 0, 0, 0, 0, 0, 0, 0, 0, 0, 0, 0, 0, 0, 0, 0, 0, 0, 0, 0, 0, 0, 0, 0, 0, 0, 0, 0, 0, 0, 0, 0, 0, 0, 1, 0, 0, 0, 0, 0, 0, 0, 0, 0, 0, 0, 0, 0, 0, 0, 0, 0, 0, 0, 0, 0, 0, 0, 0, 0, 0, 0, 0, 0, 0, 0, 0, 0, 0, 0, 0, 0, 0, 0, 0, 0, 0, 0, 0, 0, 0, 0, 0, 0, 0, 0, 0, 0, 0, 0, 0, 0, 0, 0, 0, 0, 0, 0, 0, 0, 0, 0, 0, 0, 0, 0, 0, 0, 0, 0, 0, 0, 0, 0, 0, 0, 0, 0, 0, 0, 0, 0, 0, 0, 0, 0, 0, 0, 0, 0, 0, 0, 0, 0, 0, 0, 0, 0, 0, 0, 0, 0, 0, 0, 0, 0, 0, 1, 0, 0, 0, 0, 0, 0, 0, 0, 0, 0, 0, 0, 0, 0, 0, 0, 0, 0, 0, 0, 0, 0, 0, 0, 0, 0, 0, 0, 0, 0, 0, 0, 0, 0, 0, 0, 0, 0, 0, 0, 0, 0, 0, 0, 0, 0, 0, 0, 0, 0, 0, 0, 0, 0, 0, 0, 0, 0, 1, 0, 0, 0, 0, 0, 1, 0, 0, 0, 1, 0, 0, 0, 0, 0, 0, 0, 0, 0, 0, 0, 0, 0, 0, 1, 0, 0, 0, 0, 0, 0, 0, 0, 0, 0, 0, 0, 0, 0, 0, 0, 0, 0, 0, 0, 0, 0, 0, 0, 0, 0, 0, 0, 0, 0, 0, 0, 0, 0, 0, 0, 0, 0, 0, 0, 0, 0, 0, 0, 0, 0, 0, 0, 0, 0, 0, 0, 0, 0, 0, 0, 0, 0, 0, 0, 0, 0, 0, 0, 0, 0, 0, 0, 0, 0, 0, 0, 0, 0, 0, 0]

BESTGEMTWO=(4, 400, 0.01)
LISTGEMTWO=[0, 0, 0, 0, 0, 0, 0, 0, 0, 0, 0, 0, 0, 0, 0, 0, 0, 0, 0, 0, 0, 0, 0, 0, 0, 0, 0, 0, 0, 0, 0, 0, 0, 0, 0, 0, 0, 0, 0, 0, 0, 0, 0, 0, 0, 0, 0, 0, 0, 0, 0, 0, 0, 0, 0, 0, 0, 0, 0, 0, 0, 0, 0, 0, 0, 0, 0, 0, 0, 0, 0, 0, 0, 0, 0, 0, 0, 0, 0, 0, 0, 0, 0, 0, 0, 0, 0, 0, 1, 0, 0, 0, 0, 0, 0, 0, 0, 0, 0, 0, 0, 0, 0, 0, 0, 0, 0, 0, 0, 0, 0, 0, 0, 0, 0, 0, 0, 0, 0, 0, 0, 0, 0, 0, 0, 0, 0, 0, 0, 0, 0, 0, 0, 0, 0, 0, 0, 0, 0, 0, 0, 0, 0, 0, 0, 0, 0, 0, 0, 0, 0, 0, 0, 0, 0, 0, 0, 0, 0, 0, 0, 0, 0, 0, 0, 0, 0, 0, 0, 0, 0, 0, 0, 0, 0, 0, 0, 0, 0, 0, 0, 0, 0, 0, 0, 0, 0, 0, 0, 0, 0, 0, 0, 1, 0, 0, 0, 0, 0, 0, 0, 0, 0, 0, 0, 0, 0, 0, 0, 0, 0, 0, 0, 0, 0, 0, 0, 0, 0, 0, 0, 0, 0, 0, 0, 0, 0, 0, 0, 0, 0, 0, 0, 0, 0, 0, 0, 0, 0, 0, 0, 0, 0, 0, 0, 0, 0, 0, 0, 0, 0, 0, 0, 0, 0, 0, 0, 0, 0, 0, 0, 0, 0, 0, 0, 0, 0, 0, 0, 0, 0, 0, 0, 0, 0, 0, 1, 0, 0, 0, 0, 0, 0, 0, 0, 0, 0, 0, 0, 0, 0, 0, 0, 0, 0, 0, 0, 0, 0, 0, 0, 0, 0, 0, 0, 0, 0, 0, 0, 0, 0, 0, 0, 0, 0, 0, 0, 0, 0, 0, 0, 0, 0, 0, 0, 0, 0, 0, 0, 0, 0, 0, 0, 0, 0, 0, 0, 0, 0, 0, 0, 0, 0, 0, 0, 0, 0, 0, 0, 0, 0, 0, 0, 0, 0, 0, 0, 0, 0, 0, 0, 0, 0, 0, 0, 0, 0, 0, 0, 0, 0, 0, 0, 0, 0, 0, 0, 0, 0, 0, 0, 0, 0, 0, 0, 0, 0, 1, 0, 0, 0, 0, 0, 0, 0, 0, 0, 0, 0, 0]

