# indices of halve split with split for parameters)
INDEXONE=[542, 577, 459, 607, 315, 403, 470, 205, 468, 357, 302, 674, 12, 649, 568, 40, 866, 98, 681, 199, 716, 2, 59, 979, 695, 642, 471, 512, 140, 566, 488, 93, 892, 472, 833, 824, 0, 201, 994, 670, 969, 348, 651, 505, 240, 524, 440, 511, 581, 796, 556, 860, 162, 777, 299, 628, 136, 478, 481, 854, 962, 361, 878, 689, 557, 196, 465, 316, 928, 621, 865, 243, 540, 817, 818, 375, 845, 758, 420, 443, 743, 922, 497, 232, 902, 225, 615, 376, 562, 288, 822, 772, 700, 37, 842, 576, 996, 810, 152, 832, 771, 938, 223, 378, 88, 153, 844, 766, 91, 445, 977, 794, 515, 287, 529, 332, 452, 694, 502, 531, 647, 914, 52, 195, 742, 733, 992, 239, 648, 558, 905, 462, 439, 158, 356, 947, 371, 583, 210, 620, 965, 830, 13, 10, 137, 395, 359, 707, 444, 722, 92, 610, 407, 867, 696, 132, 952, 32, 482, 711, 387, 360, 215, 405, 727, 363, 704, 920, 122, 115, 595, 25, 510, 602, 427, 877, 870, 517, 141, 188, 381, 883, 266, 291, 432, 106, 682, 121, 51, 897, 763, 398, 328, 103, 242, 855, 624, 277, 492, 871, 514, 809, 241, 434, 351, 571, 520, 280, 593, 163, 798, 499, 379, 336, 350, 923, 208, 886, 739, 751, 87, 721, 747, 237, 629, 349, 476, 934, 941, 861, 8, 605, 219, 384, 953, 528, 396, 454, 113, 744, 212, 712, 640, 530, 165, 534, 792, 135, 812, 913, 224, 183, 311, 630, 95, 760, 211, 646, 852, 627, 601, 679, 412, 858, 296, 300, 345, 663, 984, 661, 612, 53, 775, 745, 48, 961, 667, 935, 591, 386, 765, 73, 307, 312, 271, 574, 930, 7, 508, 660, 325, 912, 584, 138, 429, 504, 801, 278, 383, 761, 323, 949, 944, 421, 887, 826, 509, 718, 690, 917, 864, 111, 675, 895, 354, 112, 631, 811, 416, 720, 330, 692, 565, 755, 249, 988, 222, 276, 645, 863, 118, 229, 735, 560, 343, 589, 374, 687, 725, 126, 422, 544, 851, 729, 290, 728, 757, 480, 114, 849, 579, 668, 221, 247, 275, 309, 27, 973, 719, 159, 613, 261, 329, 228, 442, 96, 448, 958, 521, 269, 880, 80, 274, 317, 226, 487, 217, 185, 717, 164, 401, 734, 525, 176, 6, 498, 956, 414, 594, 779, 382, 83, 967, 426, 795, 305, 457, 966, 533, 131]
INDEXLPONE=[978, 22, 909, 399, 438, 736, 260, 990, 263, 257, 691, 55, 366, 899, 816, 43, 539, 203, 207, 292, 523, 150, 430, 669, 804, 896, 340, 435, 493, 79, 829, 308, 17, 522, 11, 71, 107, 273, 774, 486, 874, 723, 803, 714, 859, 56, 995, 256, 888, 776, 616, 408, 813, 178, 344, 117, 169, 155, 496, 148, 385, 898, 394, 231, 182, 15, 461, 190, 652, 590, 160, 780, 390, 134, 400, 951, 686, 683, 179, 981, 33, 4, 974, 856, 596, 828, 409, 181, 187, 368, 248, 578, 105, 109, 921, 156, 678, 643, 925, 331]
INDEXTWO=[561, 820, 550, 701, 768, 145, 419, 753, 787, 587, 516, 230, 218, 868, 569, 189, 65, 507, 255, 582, 175, 551, 214, 334, 177, 81, 837, 373, 825, 252, 586, 857, 650, 484, 235, 970, 171, 19, 764, 500, 202, 464, 617, 884, 441, 741, 924, 625, 997, 658, 54, 501, 337, 244, 377, 976, 35, 782, 535, 490, 463, 411, 518, 293, 889, 84, 506, 834, 283, 805, 876, 100, 752, 321, 431, 986, 467, 339, 50, 209, 908, 250, 167, 893, 392, 133, 881, 838, 608, 705, 1, 784, 5, 110, 937, 198, 680, 413, 664, 971, 78, 174, 836, 662, 47, 391, 34, 572, 564, 821, 699, 23, 890, 693, 262, 21, 614, 671, 180, 67, 759, 732, 793, 186, 139, 338, 767, 29, 397, 220, 425, 453, 417, 926, 58, 38, 503, 353, 737, 799, 423, 945, 389, 639, 843, 703, 872, 891, 959, 297, 99, 546, 841, 706, 24, 885, 191, 254, 285, 900, 911, 170, 294, 598, 236, 827, 64, 258, 347, 320, 754, 94, 819, 526, 559, 268, 957, 479, 738, 919, 272, 875, 789, 537, 370, 449, 108, 641, 998, 677, 685, 184, 89, 104, 369, 656, 246, 672, 600, 726, 97, 18, 823, 702, 102, 456, 985, 541, 915, 532, 270, 770, 749, 547, 483, 144, 415, 45, 599, 380, 791, 352, 850, 611, 948, 773, 355, 295, 993, 451, 491, 455, 327, 563, 894, 474, 960, 289, 638, 619, 549, 731, 807, 688, 406, 151, 750, 975, 313, 847, 120, 684, 301, 76, 940, 991, 632, 39, 999, 424, 216, 740, 469, 519, 603, 657, 769, 172, 575, 213, 604, 814, 494, 567, 950, 475, 802, 623, 946, 710, 633, 879, 466, 358, 404, 698, 762, 458, 206, 60, 233, 36, 673, 3, 790, 654, 157, 580, 746, 460, 149, 665, 955, 831, 193, 585, 77, 552, 554, 101, 124, 9, 933, 70, 251, 125, 303, 964, 783, 68, 882, 545, 987, 548, 903, 42, 536, 873, 123, 553, 918, 931, 82, 129, 907, 341, 835, 778, 63, 730, 234, 326, 808, 119, 846, 538, 306, 972, 57, 555, 284, 636, 597, 147, 319, 322, 127, 194, 592, 62, 963, 644, 433, 485, 197, 939, 626, 342, 473, 527, 410, 637, 901, 450, 31, 204, 130, 264, 929, 324, 622, 748, 161, 495, 26, 697, 333, 75, 513, 281, 318, 848, 362, 335, 365, 618, 980, 227, 713, 906]
INDEXLPTWO=[166, 46, 14, 708, 28, 634, 477, 570, 943, 968, 41, 168, 238, 840, 367, 676, 954, 853, 781, 192, 279, 936, 904, 606, 446, 265, 245, 989, 61, 788, 364, 30, 128, 862, 146, 910, 447, 154, 756, 982, 286, 298, 66, 543, 346, 90, 715, 588, 143, 49, 436, 69, 437, 282, 916, 932, 314, 310, 44, 815, 724, 173, 655, 428, 800, 709, 786, 142, 259, 85, 253, 20, 609, 74, 573, 806, 489, 927, 86, 372, 200, 267, 797, 418, 869, 666, 393, 785, 16, 983, 116, 659, 304, 942, 388, 72, 653, 839, 402, 635]

# learned parameters for cdtw and gem
# dtw ((error, size, error/size), (window, sqr))
# gem ((error, size, error/size), (St0, St1, E, sym, sqr))
BESTLEARNCONSDTWONE=((7, 100, 0.070000000000000007), (0.01, True))
LISTLEARNCONSDTWONE=[((7, 100, 0.070000000000000007), (0.01, True)), ((9, 100, 0.089999999999999997), (0.0, True)), ((10, 100, 0.10000000000000001), (0.02, True)), ((20, 100, 0.20000000000000001), (0.029999999999999999, True)), ((28, 100, 0.28000000000000003), (0.040000000000000001, True)), ((29, 100, 0.28999999999999998), (0.050000000000000003, True)), ((29, 100, 0.28999999999999998), (0.059999999999999998, True)), ((31, 100, 0.31), (0.070000000000000007, True)), ((32, 100, 0.32000000000000001), (0.080000000000000002, True)), ((32, 100, 0.32000000000000001), (0.089999999999999997, True)), ((32, 100, 0.32000000000000001), (0.10000000000000001, True)), ((34, 100, 0.34000000000000002), (0.11, True)), ((35, 100, 0.34999999999999998), (0.12, True)), ((36, 100, 0.35999999999999999), (0.13, True)), ((38, 100, 0.38), (0.14000000000000001, True)), ((38, 100, 0.38), (0.14999999999999999, True)), ((38, 100, 0.38), (0.16, True)), ((38, 100, 0.38), (0.17000000000000001, True)), ((38, 100, 0.38), (0.17999999999999999, True)), ((38, 100, 0.38), (0.19, True)), ((38, 100, 0.38), (0.20000000000000001, True))]

BESTLEARNGEMONE=((0, 100, 0.0), (2, 2, 0.25, True, True))
LISTLEARNGEMONE=[((0, 100, 0.0), (2, 2, 0.25, True, True)), ((1, 100, 0.01), (2, 1, 0.015625, True, True)), ((1, 100, 0.01), (2, 1, 0.0625, True, True)), ((1, 100, 0.01), (2, 2, 0.015625, True, True)), ((1, 100, 0.01), (2, 2, 0.03125, True, True)), ((1, 100, 0.01), (2, 2, 0.0625, True, True)), ((1, 100, 0.01), (2, 2, 0.125, True, True)), ((2, 100, 0.02), (2, 1, 0.03125, True, True)), ((2, 100, 0.02), (2, 2, 0.0078125, True, True)), ((3, 100, 0.029999999999999999), (2, 1, 0.0078125, True, True)), ((5, 100, 0.050000000000000003), (2, 1, 0.125, True, True)), ((10, 100, 0.10000000000000001), (1, 1, 0.0078125, True, True)), ((10, 100, 0.10000000000000001), (1, 1, 0.015625, True, True)), ((10, 100, 0.10000000000000001), (1, 2, 0.0078125, True, True)), ((10, 100, 0.10000000000000001), (1, 2, 0.015625, True, True)), ((12, 100, 0.12), (2, 1, 0.00390625, True, True)), ((14, 100, 0.14000000000000001), (1, 1, 0.00390625, True, True)), ((14, 100, 0.14000000000000001), (1, 1, 0.03125, True, True)), ((14, 100, 0.14000000000000001), (1, 2, 0.00390625, True, True)), ((14, 100, 0.14000000000000001), (1, 2, 0.03125, True, True)), ((15, 100, 0.14999999999999999), (2, 2, 0.00390625, True, True)), ((16, 100, 0.16), (2, 2, 0.5, True, True)), ((21, 100, 0.20999999999999999), (1, 1, 0.0625, True, True)), ((21, 100, 0.20999999999999999), (1, 2, 0.0625, True, True)), ((25, 100, 0.25), (1, 1, 0.125, True, True)), ((25, 100, 0.25), (1, 2, 0.125, True, True)), ((33, 100, 0.33000000000000002), (2, 1, 0.25, True, True)), ((42, 100, 0.41999999999999998), (1, 1, 0.25, True, True)), ((42, 100, 0.41999999999999998), (1, 2, 0.25, True, True)), ((46, 100, 0.46000000000000002), (2, 2, 0, True, True)), ((51, 100, 0.51000000000000001), (2, 1, 0, True, True)), ((61, 100, 0.60999999999999999), (1, 1, 0.5, True, True)), ((61, 100, 0.60999999999999999), (1, 2, 0.5, True, True)), ((72, 100, 0.71999999999999997), (1, 1, 0, True, True)), ((72, 100, 0.71999999999999997), (1, 2, 0, True, True)), ((75, 100, 0.75), (2, 1, 0.5, True, True))]

BESTLEARNCONSDTWTWO=((10, 100, 0.10000000000000001), (0.02, True))
LISTLEARNCONSDTWTWO=[((10, 100, 0.10000000000000001), (0.01, True)), ((10, 100, 0.10000000000000001), (0.02, True)), ((13, 100, 0.13), (0.0, True)), ((18, 100, 0.17999999999999999), (0.029999999999999999, True)), ((23, 100, 0.23000000000000001), (0.040000000000000001, True)), ((27, 100, 0.27000000000000002), (0.050000000000000003, True)), ((32, 100, 0.32000000000000001), (0.059999999999999998, True)), ((36, 100, 0.35999999999999999), (0.070000000000000007, True)), ((36, 100, 0.35999999999999999), (0.080000000000000002, True)), ((38, 100, 0.38), (0.089999999999999997, True)), ((40, 100, 0.40000000000000002), (0.10000000000000001, True)), ((40, 100, 0.40000000000000002), (0.11, True)), ((41, 100, 0.40999999999999998), (0.12, True)), ((41, 100, 0.40999999999999998), (0.13, True)), ((41, 100, 0.40999999999999998), (0.14000000000000001, True)), ((42, 100, 0.41999999999999998), (0.14999999999999999, True)), ((42, 100, 0.41999999999999998), (0.16, True)), ((42, 100, 0.41999999999999998), (0.17000000000000001, True)), ((42, 100, 0.41999999999999998), (0.17999999999999999, True)), ((42, 100, 0.41999999999999998), (0.19, True)), ((43, 100, 0.42999999999999999), (0.20000000000000001, True))]

BESTLEARNGEMTWO=((2, 100, 0.02), (2, 2, 0.0625, True, True))
LISTLEARNGEMTWO=[((2, 100, 0.02), (2, 2, 0.015625, True, True)), ((2, 100, 0.02), (2, 2, 0.03125, True, True)), ((2, 100, 0.02), (2, 2, 0.0625, True, True)), ((2, 100, 0.02), (2, 2, 0.125, True, True)), ((3, 100, 0.029999999999999999), (2, 2, 0.25, True, True)), ((4, 100, 0.040000000000000001), (2, 1, 0.015625, True, True)), ((4, 100, 0.040000000000000001), (2, 1, 0.03125, True, True)), ((4, 100, 0.040000000000000001), (2, 1, 0.0625, True, True)), ((5, 100, 0.050000000000000003), (2, 1, 0.0078125, True, True)), ((7, 100, 0.070000000000000007), (2, 2, 0.0078125, True, True)), ((9, 100, 0.089999999999999997), (1, 1, 0.0078125, True, True)), ((9, 100, 0.089999999999999997), (1, 1, 0.015625, True, True)), ((9, 100, 0.089999999999999997), (1, 2, 0.0078125, True, True)), ((9, 100, 0.089999999999999997), (1, 2, 0.015625, True, True)), ((13, 100, 0.13), (1, 1, 0.03125, True, True)), ((13, 100, 0.13), (1, 2, 0.03125, True, True)), ((14, 100, 0.14000000000000001), (2, 1, 0.125, True, True)), ((18, 100, 0.17999999999999999), (2, 2, 0.00390625, True, True)), ((20, 100, 0.20000000000000001), (1, 1, 0.00390625, True, True)), ((20, 100, 0.20000000000000001), (1, 2, 0.00390625, True, True)), ((21, 100, 0.20999999999999999), (2, 1, 0.00390625, True, True)), ((25, 100, 0.25), (2, 2, 0.5, True, True)), ((27, 100, 0.27000000000000002), (1, 1, 0.0625, True, True)), ((27, 100, 0.27000000000000002), (1, 2, 0.0625, True, True)), ((37, 100, 0.37), (1, 1, 0.125, True, True)), ((37, 100, 0.37), (1, 2, 0.125, True, True)), ((42, 100, 0.41999999999999998), (2, 1, 0.25, True, True)), ((49, 100, 0.48999999999999999), (1, 1, 0.25, True, True)), ((49, 100, 0.48999999999999999), (1, 2, 0.25, True, True)), ((51, 100, 0.51000000000000001), (2, 2, 0, True, True)), ((63, 100, 0.63), (2, 1, 0, True, True)), ((66, 100, 0.66000000000000003), (1, 1, 0.5, True, True)), ((66, 100, 0.66000000000000003), (1, 2, 0.5, True, True)), ((82, 100, 0.81999999999999995), (1, 1, 0, True, True)), ((82, 100, 0.81999999999999995), (1, 2, 0, True, True)), ((82, 100, 0.81999999999999995), (2, 1, 0.5, True, True))]


# error rates for different distance measures
# (error, size, error/size) and binary mask
BESTLPONE=(57, 400, 0.14249999999999999)
LISTLPONE=[0, 1, 0, 0, 0, 0, 0, 0, 0, 0, 0, 0, 1, 0, 0, 0, 0, 0, 0, 0, 0, 0, 0, 0, 0, 0, 0, 0, 0, 0, 0, 0, 0, 0, 0, 0, 0, 0, 1, 0, 0, 0, 0, 0, 1, 0, 0, 0, 0, 0, 0, 0, 0, 1, 1, 0, 0, 0, 0, 1, 0, 0, 0, 1, 1, 0, 0, 0, 0, 0, 0, 1, 0, 0, 1, 1, 0, 0, 1, 0, 0, 1, 0, 1, 0, 0, 0, 0, 0, 0, 0, 0, 1, 0, 0, 0, 0, 0, 1, 0, 0, 0, 0, 0, 0, 0, 0, 1, 0, 0, 0, 0, 0, 0, 1, 0, 0, 0, 0, 0, 0, 0, 0, 0, 0, 0, 0, 1, 0, 0, 0, 0, 0, 0, 0, 0, 1, 0, 0, 0, 0, 1, 0, 0, 0, 0, 0, 0, 0, 0, 0, 0, 0, 0, 0, 0, 0, 0, 0, 0, 0, 0, 0, 0, 0, 0, 0, 1, 0, 0, 1, 0, 0, 0, 0, 0, 0, 0, 0, 0, 0, 0, 0, 0, 0, 0, 0, 0, 0, 0, 0, 0, 0, 0, 0, 0, 0, 0, 0, 0, 0, 0, 0, 0, 0, 0, 0, 0, 0, 0, 0, 0, 0, 0, 0, 1, 0, 0, 0, 0, 0, 0, 0, 1, 0, 0, 0, 0, 0, 0, 0, 0, 0, 0, 0, 1, 0, 0, 0, 0, 1, 0, 0, 1, 0, 0, 0, 0, 0, 1, 0, 0, 0, 0, 0, 0, 0, 0, 1, 0, 0, 0, 0, 0, 0, 0, 0, 0, 0, 1, 0, 0, 0, 0, 0, 0, 0, 0, 0, 0, 0, 0, 0, 0, 0, 0, 1, 0, 1, 1, 0, 1, 0, 0, 0, 1, 0, 0, 0, 1, 0, 0, 0, 1, 0, 0, 0, 0, 1, 0, 0, 0, 0, 0, 0, 0, 0, 1, 1, 0, 0, 0, 0, 0, 0, 0, 1, 0, 1, 0, 0, 1, 0, 0, 0, 0, 0, 1, 0, 1, 0, 1, 0, 0, 0, 0, 0, 0, 0, 1, 0, 0, 0, 0, 0, 0, 0, 0, 0, 0, 0, 1, 0, 1, 0, 0, 0, 0, 0, 0, 1, 0, 0, 0, 0, 0, 0, 0, 1, 0, 1, 0, 0, 1, 0, 0, 0, 0, 1, 0, 0, 0, 0, 0, 1, 0, 0, 0, 0, 0]

BESTLPTWO=(62, 400, 0.155)
LISTLPTWO=[0, 0, 0, 0, 1, 0, 0, 0, 0, 0, 0, 1, 0, 1, 1, 0, 0, 0, 1, 1, 0, 0, 0, 0, 0, 0, 0, 0, 1, 1, 0, 0, 0, 0, 0, 1, 1, 0, 0, 0, 0, 0, 0, 0, 0, 0, 1, 0, 0, 0, 0, 0, 0, 1, 0, 0, 0, 0, 0, 0, 0, 0, 0, 0, 0, 0, 0, 0, 0, 0, 0, 0, 0, 0, 0, 1, 0, 0, 0, 0, 0, 1, 0, 0, 0, 0, 0, 0, 0, 0, 0, 0, 0, 0, 0, 0, 0, 0, 0, 0, 0, 0, 0, 0, 0, 0, 0, 0, 0, 0, 1, 0, 0, 0, 0, 1, 0, 0, 0, 0, 0, 0, 0, 0, 0, 0, 1, 0, 0, 0, 0, 0, 0, 1, 0, 0, 0, 0, 0, 0, 1, 0, 0, 0, 0, 0, 0, 0, 1, 0, 1, 0, 0, 1, 0, 0, 0, 1, 1, 0, 1, 0, 0, 0, 0, 0, 0, 0, 0, 0, 1, 0, 0, 1, 0, 1, 0, 1, 0, 0, 0, 0, 0, 0, 0, 0, 1, 0, 0, 0, 0, 0, 0, 0, 1, 1, 0, 0, 0, 1, 0, 0, 0, 0, 0, 0, 0, 0, 0, 0, 0, 1, 1, 0, 0, 1, 0, 0, 0, 0, 0, 0, 0, 0, 0, 0, 0, 0, 0, 1, 0, 0, 0, 0, 0, 0, 0, 0, 0, 0, 0, 1, 0, 0, 1, 0, 0, 0, 0, 0, 0, 0, 0, 0, 0, 0, 0, 0, 0, 0, 0, 0, 0, 0, 0, 0, 0, 0, 0, 0, 0, 0, 0, 0, 0, 0, 1, 0, 0, 0, 0, 0, 0, 0, 0, 0, 1, 0, 0, 0, 1, 0, 0, 0, 0, 0, 1, 0, 0, 0, 0, 0, 1, 0, 0, 0, 0, 0, 0, 0, 0, 0, 0, 0, 1, 0, 0, 1, 0, 1, 0, 1, 0, 0, 1, 1, 0, 0, 1, 0, 0, 1, 0, 0, 0, 0, 0, 0, 0, 0, 0, 0, 0, 0, 1, 0, 0, 0, 0, 0, 0, 0, 0, 1, 0, 0, 0, 1, 0, 0, 0, 0, 0, 1, 1, 0, 0, 0, 0, 0, 0, 0, 0, 0, 0, 0, 0, 0, 0, 0, 0, 1, 1, 1, 0, 1, 0, 0, 0, 0, 0, 0, 0, 0, 0, 0, 0, 1, 0, 0]

BESTFULLDTWONE=(194, 400, 0.48499999999999999)
LISTFULLDTWONE=[0, 1, 0, 0, 0, 0, 1, 1, 0, 0, 0, 1, 1, 0, 0, 0, 1, 0, 0, 1, 1, 0, 1, 0, 0, 0, 1, 1, 0, 0, 1, 0, 1, 1, 0, 0, 1, 1, 1, 1, 1, 1, 0, 0, 0, 1, 1, 0, 1, 1, 0, 1, 0, 1, 1, 1, 1, 1, 1, 1, 0, 1, 1, 1, 0, 0, 0, 1, 1, 0, 0, 0, 1, 0, 1, 0, 0, 1, 1, 1, 1, 1, 0, 1, 0, 0, 0, 1, 1, 1, 1, 1, 1, 0, 0, 1, 0, 0, 1, 0, 0, 0, 1, 0, 0, 0, 0, 1, 0, 1, 1, 1, 1, 1, 1, 1, 1, 1, 0, 1, 0, 1, 0, 0, 1, 0, 0, 1, 1, 1, 0, 0, 1, 0, 1, 1, 1, 1, 0, 0, 0, 1, 1, 0, 1, 0, 0, 0, 0, 0, 1, 0, 0, 1, 1, 0, 1, 1, 1, 1, 0, 1, 0, 0, 0, 1, 0, 1, 1, 1, 0, 0, 1, 0, 1, 0, 0, 0, 0, 0, 1, 0, 0, 1, 1, 0, 0, 0, 0, 0, 0, 0, 1, 0, 0, 0, 0, 1, 0, 1, 0, 0, 0, 0, 0, 0, 0, 1, 1, 0, 1, 0, 0, 0, 1, 1, 0, 1, 0, 0, 1, 0, 1, 0, 0, 1, 1, 0, 1, 1, 1, 0, 0, 1, 1, 1, 0, 1, 0, 1, 0, 1, 0, 1, 0, 1, 0, 0, 1, 0, 1, 0, 1, 0, 0, 1, 1, 1, 0, 1, 0, 0, 1, 1, 0, 0, 1, 1, 0, 1, 0, 1, 0, 1, 0, 0, 0, 0, 1, 0, 0, 0, 0, 0, 0, 1, 1, 0, 1, 1, 0, 1, 1, 1, 0, 1, 1, 0, 1, 0, 1, 0, 1, 1, 0, 1, 0, 0, 1, 0, 0, 0, 1, 0, 1, 0, 1, 1, 1, 0, 0, 0, 1, 1, 1, 0, 1, 0, 0, 0, 0, 0, 0, 1, 1, 1, 1, 1, 1, 0, 1, 1, 0, 0, 1, 0, 0, 0, 1, 1, 1, 1, 0, 1, 0, 1, 0, 1, 0, 0, 0, 1, 1, 0, 1, 0, 1, 0, 0, 0, 1, 0, 0, 0, 0, 0, 0, 1, 1, 0, 1, 0, 1, 1, 0, 0, 0, 1, 1, 1, 1, 1, 1, 1, 0, 1, 0, 1, 1, 0]

BESTFULLDTWTWO=(190, 400, 0.47499999999999998)
LISTFULLDTWTWO=[0, 0, 1, 0, 1, 0, 1, 1, 0, 1, 0, 1, 1, 0, 1, 0, 1, 1, 1, 1, 0, 1, 0, 1, 1, 1, 0, 0, 1, 0, 1, 0, 0, 0, 1, 1, 1, 0, 0, 0, 0, 0, 0, 1, 1, 0, 1, 0, 0, 0, 1, 0, 1, 0, 0, 0, 0, 0, 1, 1, 0, 0, 0, 1, 0, 0, 0, 0, 1, 1, 0, 1, 0, 0, 1, 0, 0, 1, 1, 1, 0, 1, 0, 0, 0, 1, 0, 0, 0, 0, 1, 1, 0, 1, 1, 0, 0, 1, 0, 0, 0, 0, 1, 0, 0, 0, 0, 0, 0, 1, 1, 1, 0, 0, 0, 0, 0, 1, 0, 1, 0, 0, 1, 0, 0, 0, 1, 0, 0, 1, 1, 1, 1, 1, 1, 1, 0, 0, 0, 1, 1, 1, 0, 0, 0, 0, 0, 1, 0, 1, 0, 0, 0, 1, 1, 1, 0, 1, 1, 0, 0, 1, 0, 0, 1, 1, 1, 0, 0, 1, 1, 0, 0, 1, 1, 1, 1, 1, 0, 0, 0, 0, 0, 1, 1, 1, 1, 0, 0, 0, 1, 1, 0, 1, 0, 1, 0, 1, 0, 1, 0, 1, 1, 1, 0, 1, 0, 0, 0, 0, 0, 1, 1, 0, 0, 0, 1, 1, 1, 1, 1, 1, 1, 0, 1, 0, 1, 0, 0, 1, 0, 1, 0, 0, 0, 1, 0, 1, 1, 1, 1, 1, 0, 0, 1, 0, 0, 0, 1, 1, 0, 0, 0, 0, 1, 0, 1, 0, 0, 0, 1, 1, 1, 1, 0, 1, 0, 1, 0, 1, 0, 1, 0, 1, 0, 1, 0, 0, 1, 0, 1, 1, 0, 1, 0, 0, 0, 0, 1, 1, 1, 1, 0, 0, 0, 0, 1, 1, 0, 0, 0, 1, 1, 0, 0, 1, 0, 0, 1, 1, 0, 0, 0, 0, 1, 1, 1, 1, 0, 1, 1, 1, 0, 1, 1, 1, 1, 0, 0, 0, 0, 1, 0, 0, 0, 1, 0, 1, 0, 0, 0, 0, 0, 0, 1, 1, 0, 0, 1, 1, 1, 1, 1, 1, 1, 1, 1, 1, 1, 1, 0, 0, 0, 0, 0, 1, 0, 0, 1, 0, 0, 0, 0, 1, 1, 0, 1, 0, 0, 1, 0, 1, 1, 1, 0, 1, 1, 1, 0, 1, 1, 1, 1, 1, 1, 0, 0, 1, 1, 0]

BESTCONSDTWONE=(44, 400, 0.11)
LISTCONSDTWONE=[0, 1, 0, 0, 0, 0, 0, 0, 0, 0, 0, 0, 1, 0, 0, 0, 0, 0, 0, 0, 0, 0, 0, 0, 0, 0, 0, 1, 0, 0, 1, 0, 0, 0, 0, 0, 0, 0, 1, 0, 0, 0, 0, 0, 0, 0, 1, 0, 0, 0, 0, 0, 0, 1, 1, 0, 0, 0, 0, 1, 0, 0, 0, 1, 0, 0, 0, 0, 0, 0, 0, 0, 1, 0, 1, 0, 0, 0, 0, 0, 0, 0, 0, 1, 0, 0, 0, 0, 0, 0, 0, 0, 1, 0, 0, 0, 0, 0, 1, 0, 0, 0, 0, 0, 0, 0, 0, 1, 0, 0, 0, 0, 0, 0, 1, 0, 0, 0, 0, 0, 0, 0, 0, 0, 0, 0, 0, 1, 0, 0, 0, 0, 0, 0, 0, 0, 0, 0, 0, 0, 0, 0, 0, 0, 0, 0, 0, 0, 0, 0, 0, 0, 0, 0, 0, 0, 0, 0, 0, 0, 0, 1, 0, 0, 0, 0, 0, 1, 0, 0, 0, 0, 0, 0, 0, 0, 0, 0, 0, 0, 0, 0, 0, 0, 0, 0, 0, 0, 0, 0, 0, 0, 0, 0, 0, 0, 0, 0, 0, 0, 0, 0, 0, 0, 0, 0, 0, 0, 0, 0, 0, 0, 0, 0, 0, 0, 0, 0, 0, 0, 0, 0, 1, 0, 0, 0, 0, 0, 0, 0, 0, 0, 0, 0, 0, 0, 0, 0, 0, 1, 1, 0, 0, 1, 0, 0, 0, 0, 0, 1, 0, 0, 0, 0, 0, 0, 0, 0, 0, 0, 0, 0, 0, 0, 0, 0, 0, 0, 0, 1, 0, 0, 0, 1, 0, 0, 0, 0, 0, 0, 0, 0, 0, 0, 0, 0, 1, 0, 1, 0, 0, 1, 0, 0, 0, 1, 0, 0, 0, 1, 0, 0, 0, 1, 0, 0, 0, 0, 1, 0, 0, 0, 0, 0, 0, 0, 0, 0, 1, 0, 0, 0, 0, 0, 0, 0, 1, 0, 0, 0, 0, 0, 0, 0, 0, 0, 0, 0, 0, 0, 0, 0, 0, 0, 0, 0, 0, 0, 0, 1, 1, 1, 0, 0, 0, 0, 0, 0, 0, 0, 0, 1, 0, 0, 0, 0, 0, 1, 0, 0, 1, 0, 0, 0, 0, 0, 0, 0, 0, 0, 0, 0, 0, 1, 0, 0, 0, 0, 1, 0, 0, 0, 0, 0, 0, 0, 0, 0, 0, 0]

BESTCONSDTWTWO=(74, 400, 0.185)
LISTCONSDTWTWO=[0, 0, 0, 0, 1, 0, 0, 0, 0, 1, 0, 1, 0, 0, 0, 0, 0, 0, 1, 1, 0, 0, 0, 0, 0, 0, 0, 0, 1, 0, 0, 0, 0, 0, 1, 0, 1, 0, 0, 0, 0, 0, 0, 0, 1, 0, 1, 1, 0, 0, 0, 0, 0, 0, 0, 0, 0, 0, 0, 1, 0, 0, 0, 0, 0, 0, 0, 0, 1, 0, 0, 0, 0, 0, 1, 0, 0, 0, 0, 0, 0, 1, 0, 0, 0, 0, 0, 0, 0, 0, 0, 1, 0, 0, 0, 0, 0, 0, 0, 0, 0, 0, 1, 0, 0, 0, 0, 0, 0, 0, 1, 0, 0, 0, 0, 0, 0, 0, 0, 1, 0, 0, 0, 0, 0, 0, 0, 0, 0, 0, 0, 1, 0, 1, 1, 0, 0, 0, 0, 0, 1, 1, 0, 0, 0, 0, 0, 1, 0, 0, 0, 0, 0, 1, 0, 1, 0, 1, 1, 0, 0, 0, 0, 0, 0, 1, 1, 0, 0, 1, 1, 0, 0, 1, 0, 0, 0, 0, 0, 0, 0, 0, 0, 0, 0, 1, 1, 0, 0, 0, 0, 0, 0, 0, 0, 1, 0, 0, 0, 1, 0, 0, 0, 1, 0, 1, 0, 0, 0, 0, 0, 0, 0, 0, 0, 0, 0, 0, 1, 0, 0, 0, 0, 0, 0, 0, 0, 0, 0, 0, 0, 1, 0, 0, 0, 0, 0, 0, 0, 0, 0, 1, 0, 0, 1, 0, 0, 0, 0, 1, 0, 0, 0, 0, 0, 0, 0, 0, 0, 0, 0, 0, 0, 0, 0, 1, 0, 0, 0, 0, 0, 0, 0, 0, 0, 1, 0, 0, 0, 0, 0, 1, 0, 0, 0, 0, 0, 0, 1, 0, 1, 0, 0, 0, 0, 0, 1, 0, 0, 0, 0, 1, 1, 0, 0, 0, 0, 0, 0, 1, 0, 0, 0, 0, 0, 0, 0, 1, 0, 1, 0, 1, 0, 1, 0, 1, 0, 0, 0, 0, 0, 1, 0, 0, 0, 0, 0, 0, 0, 0, 0, 0, 0, 0, 0, 0, 0, 0, 0, 0, 0, 0, 0, 1, 0, 1, 0, 1, 1, 0, 0, 0, 0, 0, 0, 0, 0, 0, 0, 0, 0, 0, 0, 1, 0, 0, 0, 0, 0, 1, 0, 1, 1, 1, 0, 0, 1, 0, 0, 0, 0, 0, 1, 1, 1, 0, 0, 1, 0, 0]

BESTGEMONE=(11, 400, 0.0275)
LISTGEMONE=[0, 0, 0, 0, 0, 0, 0, 0, 0, 0, 0, 0, 0, 0, 0, 0, 0, 0, 0, 0, 0, 0, 0, 0, 0, 0, 0, 0, 0, 0, 0, 0, 0, 0, 0, 0, 0, 0, 0, 0, 1, 0, 0, 0, 0, 0, 0, 0, 0, 0, 0, 0, 0, 0, 0, 1, 0, 0, 1, 0, 0, 0, 0, 0, 0, 0, 0, 0, 0, 0, 0, 0, 0, 0, 0, 0, 0, 0, 0, 0, 0, 0, 0, 0, 0, 0, 0, 0, 0, 0, 0, 0, 0, 0, 0, 0, 0, 0, 0, 0, 0, 0, 0, 0, 0, 0, 0, 0, 0, 0, 0, 0, 0, 0, 0, 0, 0, 0, 0, 0, 0, 0, 0, 0, 0, 0, 0, 0, 0, 0, 0, 0, 0, 0, 0, 0, 0, 0, 0, 0, 0, 0, 0, 0, 0, 0, 0, 0, 0, 0, 0, 0, 0, 0, 0, 0, 0, 0, 0, 0, 0, 0, 0, 0, 0, 0, 0, 0, 0, 0, 0, 0, 0, 0, 1, 0, 0, 0, 0, 0, 0, 0, 0, 0, 0, 0, 0, 0, 0, 0, 0, 0, 0, 0, 0, 0, 0, 0, 0, 0, 0, 0, 0, 0, 0, 0, 0, 0, 0, 0, 0, 0, 0, 0, 0, 0, 0, 0, 0, 0, 0, 0, 0, 0, 0, 0, 0, 0, 0, 0, 0, 0, 0, 0, 0, 0, 0, 0, 0, 0, 0, 0, 0, 0, 0, 0, 0, 0, 0, 0, 0, 0, 1, 0, 0, 0, 0, 0, 0, 0, 0, 0, 0, 0, 0, 0, 0, 0, 0, 1, 0, 0, 0, 1, 0, 0, 0, 0, 0, 0, 0, 0, 0, 0, 0, 0, 0, 0, 0, 0, 0, 0, 0, 0, 0, 0, 0, 0, 0, 0, 0, 0, 0, 1, 0, 0, 0, 0, 0, 0, 0, 0, 0, 0, 0, 0, 0, 0, 1, 0, 0, 0, 0, 0, 0, 0, 0, 0, 0, 0, 0, 0, 1, 0, 0, 0, 0, 0, 0, 0, 0, 0, 0, 0, 0, 0, 0, 0, 0, 0, 0, 0, 0, 0, 0, 0, 0, 0, 0, 0, 0, 0, 0, 0, 0, 0, 0, 0, 0, 0, 0, 0, 0, 0, 0, 0, 0, 0, 0, 0, 0, 0, 0, 0, 0, 0, 0, 0, 0, 0, 0, 0, 0, 0, 1, 0, 0, 0, 0, 0]

BESTGEMTWO=(4, 400, 0.01)
LISTGEMTWO=[0, 0, 0, 0, 0, 0, 0, 0, 0, 0, 0, 0, 0, 0, 0, 0, 0, 0, 0, 0, 0, 0, 0, 0, 0, 0, 0, 0, 0, 0, 0, 0, 0, 0, 0, 0, 0, 0, 0, 0, 0, 0, 0, 0, 0, 0, 0, 0, 0, 0, 0, 0, 0, 0, 0, 0, 0, 0, 1, 0, 0, 0, 0, 0, 0, 0, 0, 0, 0, 0, 0, 0, 0, 0, 0, 0, 0, 0, 0, 0, 0, 0, 0, 0, 0, 0, 0, 0, 0, 0, 0, 0, 0, 0, 0, 0, 0, 0, 0, 0, 0, 0, 0, 0, 0, 0, 0, 0, 0, 0, 0, 0, 0, 0, 0, 0, 0, 0, 0, 0, 0, 0, 0, 0, 0, 0, 0, 0, 0, 0, 0, 0, 0, 0, 0, 0, 0, 0, 0, 0, 0, 0, 0, 0, 0, 0, 0, 0, 0, 0, 0, 0, 0, 0, 0, 0, 0, 0, 0, 0, 0, 0, 0, 0, 0, 0, 0, 0, 0, 0, 0, 0, 0, 0, 0, 0, 0, 0, 0, 0, 0, 0, 0, 0, 0, 0, 0, 0, 0, 0, 0, 0, 0, 0, 0, 0, 0, 0, 0, 0, 0, 0, 0, 0, 0, 0, 0, 0, 0, 0, 0, 0, 0, 0, 0, 0, 0, 0, 0, 0, 0, 0, 0, 0, 0, 0, 0, 0, 0, 0, 0, 0, 0, 0, 0, 0, 0, 0, 0, 0, 0, 0, 0, 0, 0, 0, 0, 0, 0, 0, 0, 0, 0, 0, 0, 0, 0, 0, 0, 0, 0, 0, 0, 0, 0, 0, 0, 0, 0, 0, 0, 0, 0, 0, 0, 0, 0, 0, 0, 0, 0, 0, 0, 0, 0, 0, 0, 0, 0, 0, 1, 0, 0, 0, 0, 0, 0, 0, 0, 0, 0, 0, 0, 0, 0, 0, 0, 0, 0, 0, 0, 0, 0, 0, 0, 0, 0, 0, 0, 0, 0, 0, 0, 0, 0, 1, 0, 0, 0, 0, 0, 1, 0, 0, 0, 0, 0, 0, 0, 0, 0, 0, 0, 0, 0, 0, 0, 0, 0, 0, 0, 0, 0, 0, 0, 0, 0, 0, 0, 0, 0, 0, 0, 0, 0, 0, 0, 0, 0, 0, 0, 0, 0, 0, 0, 0, 0, 0, 0, 0, 0, 0, 0, 0, 0, 0, 0, 0, 0, 0, 0, 0, 0, 0, 0, 0, 0, 0, 0, 0]

