# indices of halve split with split for parameters)
INDEXONE=[916, 926, 511, 972, 496, 453, 358, 271, 568, 933, 867, 160, 923, 849, 364, 583, 914, 302, 246, 289, 975, 907, 554, 851, 971, 315, 776, 808, 20, 207, 91, 110, 389, 260, 337, 843, 891, 171, 430, 892, 422, 940, 855, 754, 52, 817, 617, 832, 37, 444, 638, 960, 54, 413, 59, 637, 4, 773, 312, 515, 848, 467, 604, 424, 522, 871, 96, 564, 803, 977, 132, 870, 763, 664, 224, 223, 240, 713, 920, 3, 401, 379, 857, 81, 913, 380, 597, 500, 109, 541, 917, 729, 718, 821, 12, 161, 31, 219, 768, 881, 580, 378, 338, 909, 21, 382, 799, 922, 320, 353, 10, 308, 153, 405, 879, 537, 703, 601, 115, 761, 863, 516, 243, 499, 257, 258, 134, 620, 979, 888, 186, 45, 294, 683, 349, 785, 669, 595, 937, 556, 250, 534, 635, 575, 27, 661, 331, 777, 924, 846, 809, 782, 233, 299, 354, 577, 951, 263, 295, 624, 262, 837, 525, 98, 375, 820, 727, 725, 403, 23, 188, 893, 905, 371, 654, 908, 797, 828, 986, 737, 131, 332, 520, 335, 305, 393, 442, 32, 426, 138, 434, 667, 632, 883, 748, 416, 842, 565, 16, 804, 543, 685, 53, 25, 474, 33, 397, 273, 958, 602, 681, 956, 318, 639, 519, 545, 561, 374, 491, 493, 128, 822, 744, 687, 57, 786, 62, 856, 7, 18, 242, 834, 634, 167, 51, 65, 297, 333, 384, 465, 910, 87, 592, 919, 889, 672, 172, 8, 861, 151, 24, 365, 68, 101, 513, 369, 84, 488, 589, 483, 145, 950, 529, 742, 660, 747, 726, 117, 102, 477, 679, 133, 818, 976, 14, 100, 341, 256, 410, 170, 214, 621, 585, 329, 1, 716, 440, 504, 947, 931, 957, 385, 811, 640, 347, 813, 769, 532, 550, 875, 530, 83, 772, 796, 412, 827, 55, 85, 734, 720, 670, 801, 421, 423, 158, 86, 480, 866, 876, 344, 711, 147, 280, 948, 11, 446, 230, 594, 925, 603, 659, 194, 454, 915, 432, 666, 90, 135, 967, 463, 928, 995, 501, 859, 783, 303, 398, 558, 943, 275, 377, 766, 757, 741, 555, 702, 301, 93, 869, 982, 946, 901, 487, 549, 372, 505, 868, 22, 644, 528, 760, 70, 829, 833, 451, 180, 445, 30, 618, 226, 122, 984, 236, 307, 340, 255, 989, 873, 237, 939, 616, 414, 66, 750, 48, 900, 838, 228, 949, 676]
INDEXLPONE=[291, 107, 787, 427, 304, 571, 953, 689, 238, 762, 903, 387, 327, 886, 927, 26, 249, 17, 841, 626, 731, 350, 663, 699, 788, 865, 464, 196, 489, 655, 613, 609, 899, 248, 173, 535, 736, 80, 700, 587, 202, 574, 165, 557, 95, 756, 643, 287, 619, 502, 124, 265, 743, 719, 28, 712, 130, 269, 696, 492, 281, 653, 386, 441, 415, 448, 885, 396, 588, 878, 738, 759, 439, 261, 343, 142, 682, 50, 698, 406, 204, 176, 470, 936, 106, 610, 648, 882, 111, 494, 395, 458, 600, 113, 148, 359, 183, 348, 524, 264]
INDEXTWO=[671, 76, 912, 966, 709, 42, 239, 630, 707, 319, 417, 684, 116, 586, 217, 569, 221, 198, 665, 272, 270, 826, 658, 317, 9, 159, 536, 921, 789, 288, 190, 688, 283, 478, 381, 311, 560, 330, 361, 992, 628, 418, 383, 980, 775, 368, 708, 82, 193, 904, 19, 752, 810, 99, 105, 229, 174, 735, 894, 728, 155, 112, 540, 355, 450, 533, 527, 88, 189, 996, 482, 845, 195, 286, 220, 136, 407, 690, 336, 114, 103, 29, 650, 930, 531, 296, 964, 244, 596, 751, 710, 334, 36, 780, 642, 770, 367, 854, 274, 498, 935, 60, 591, 163, 118, 662, 898, 695, 232, 959, 247, 880, 277, 938, 825, 593, 514, 56, 749, 509, 526, 64, 141, 911, 245, 675, 6, 72, 162, 479, 208, 292, 615, 206, 993, 625, 836, 215, 539, 213, 156, 605, 518, 607, 157, 997, 714, 251, 622, 0, 566, 578, 608, 968, 201, 216, 646, 123, 181, 791, 793, 606, 546, 647, 674, 906, 409, 598, 887, 298, 485, 823, 508, 376, 517, 497, 137, 506, 254, 129, 694, 78, 150, 732, 970, 717, 677, 314, 649, 235, 523, 457, 816, 794, 991, 576, 778, 767, 890, 388, 322, 990, 680, 460, 668, 774, 472, 572, 476, 548, 125, 584, 438, 895, 69, 443, 436, 955, 962, 285, 510, 978, 952, 570, 806, 652, 490, 733, 306, 553, 373, 300, 691, 199, 267, 231, 168, 521, 126, 253, 352, 184, 512, 187, 455, 831, 812, 563, 559, 15, 35, 779, 108, 730, 94, 998, 324, 411, 276, 197, 824, 49, 400, 651, 210, 697, 999, 771, 178, 428, 896, 433, 425, 218, 175, 902, 58, 877, 686, 852, 119, 764, 599, 746, 611, 452, 471, 212, 185, 612, 140, 507, 706, 461, 97, 551, 390, 792, 705, 209, 363, 166, 313, 547, 326, 241, 182, 67, 753, 929, 631, 629, 724, 858, 802, 200, 192, 798, 279, 994, 963, 850, 435, 475, 932, 715, 538, 973, 641, 645, 282, 259, 840, 656, 13, 139, 740, 360, 486, 765, 47, 342, 309, 807, 328, 127, 673, 164, 790, 437, 46, 211, 721, 346, 75, 44, 266, 862, 573, 225, 701, 284, 268, 169, 795, 73, 203, 872, 399, 39, 447, 897, 853, 579, 988, 884, 830, 562, 835, 814, 987, 745, 43, 692, 503, 391, 366, 693, 356, 839, 362, 678, 321, 323, 392, 784, 394, 942, 146, 918]
INDEXLPTWO=[149, 404, 723, 429, 205, 481, 456, 781, 40, 473, 614, 41, 739, 590, 89, 954, 310, 864, 581, 121, 449, 800, 974, 965, 657, 227, 370, 567, 722, 144, 847, 234, 143, 431, 623, 71, 462, 79, 469, 633, 755, 252, 495, 152, 985, 542, 179, 983, 191, 419, 316, 704, 357, 177, 815, 345, 941, 5, 154, 38, 934, 945, 63, 805, 74, 981, 402, 844, 758, 120, 339, 819, 77, 325, 290, 104, 34, 466, 222, 420, 552, 468, 582, 92, 293, 351, 544, 484, 627, 944, 961, 636, 61, 860, 874, 2, 408, 459, 278, 969]

# learned parameters for cdtw and gem
# dtw ((error, size, error/size), (window, sqr))
# gem ((error, size, error/size), (St0, St1, E, sym, sqr))
BESTLEARNCONSDTWONE=((9, 100, 0.089999999999999997), (0.01, True))
LISTLEARNCONSDTWONE=[((9, 100, 0.089999999999999997), (0.01, True)), ((10, 100, 0.10000000000000001), (0.0, True)), ((11, 100, 0.11), (0.02, True)), ((16, 100, 0.16), (0.029999999999999999, True)), ((23, 100, 0.23000000000000001), (0.040000000000000001, True)), ((25, 100, 0.25), (0.050000000000000003, True)), ((26, 100, 0.26000000000000001), (0.059999999999999998, True)), ((26, 100, 0.26000000000000001), (0.070000000000000007, True)), ((26, 100, 0.26000000000000001), (0.080000000000000002, True)), ((26, 100, 0.26000000000000001), (0.089999999999999997, True)), ((27, 100, 0.27000000000000002), (0.10000000000000001, True)), ((28, 100, 0.28000000000000003), (0.11, True)), ((28, 100, 0.28000000000000003), (0.12, True)), ((30, 100, 0.29999999999999999), (0.13, True)), ((30, 100, 0.29999999999999999), (0.14000000000000001, True)), ((30, 100, 0.29999999999999999), (0.14999999999999999, True)), ((31, 100, 0.31), (0.16, True)), ((32, 100, 0.32000000000000001), (0.17000000000000001, True)), ((32, 100, 0.32000000000000001), (0.17999999999999999, True)), ((32, 100, 0.32000000000000001), (0.19, True)), ((32, 100, 0.32000000000000001), (0.20000000000000001, True))]

BESTLEARNGEMONE=((1, 100, 0.01), (2, 2, 0.0625, True, True))
LISTLEARNGEMONE=[((1, 100, 0.01), (2, 2, 0.015625, True, True)), ((1, 100, 0.01), (2, 2, 0.03125, True, True)), ((1, 100, 0.01), (2, 2, 0.0625, True, True)), ((1, 100, 0.01), (2, 2, 0.125, True, True)), ((2, 100, 0.02), (2, 1, 0.015625, True, True)), ((2, 100, 0.02), (2, 1, 0.03125, True, True)), ((2, 100, 0.02), (2, 2, 0.25, True, True)), ((3, 100, 0.029999999999999999), (2, 1, 0.0078125, True, True)), ((5, 100, 0.050000000000000003), (2, 1, 0.0625, True, True)), ((5, 100, 0.050000000000000003), (2, 2, 0.0078125, True, True)), ((11, 100, 0.11), (1, 1, 0.0078125, True, True)), ((11, 100, 0.11), (1, 2, 0.0078125, True, True)), ((11, 100, 0.11), (2, 1, 0.125, True, True)), ((12, 100, 0.12), (1, 1, 0.015625, True, True)), ((12, 100, 0.12), (1, 2, 0.015625, True, True)), ((14, 100, 0.14000000000000001), (1, 1, 0.03125, True, True)), ((14, 100, 0.14000000000000001), (1, 2, 0.03125, True, True)), ((14, 100, 0.14000000000000001), (2, 2, 0.00390625, True, True)), ((15, 100, 0.14999999999999999), (1, 1, 0.00390625, True, True)), ((15, 100, 0.14999999999999999), (1, 2, 0.00390625, True, True)), ((15, 100, 0.14999999999999999), (2, 1, 0.00390625, True, True)), ((24, 100, 0.23999999999999999), (1, 1, 0.0625, True, True)), ((24, 100, 0.23999999999999999), (1, 2, 0.0625, True, True)), ((26, 100, 0.26000000000000001), (2, 2, 0.5, True, True)), ((34, 100, 0.34000000000000002), (1, 1, 0.125, True, True)), ((34, 100, 0.34000000000000002), (1, 2, 0.125, True, True)), ((43, 100, 0.42999999999999999), (2, 1, 0.25, True, True)), ((47, 100, 0.46999999999999997), (1, 1, 0.25, True, True)), ((47, 100, 0.46999999999999997), (1, 2, 0.25, True, True)), ((49, 100, 0.48999999999999999), (2, 2, 0, True, True)), ((56, 100, 0.56000000000000005), (2, 1, 0, True, True)), ((66, 100, 0.66000000000000003), (1, 1, 0.5, True, True)), ((66, 100, 0.66000000000000003), (1, 2, 0.5, True, True)), ((78, 100, 0.78000000000000003), (1, 1, 0, True, True)), ((78, 100, 0.78000000000000003), (1, 2, 0, True, True)), ((84, 100, 0.83999999999999997), (2, 1, 0.5, True, True))]

BESTLEARNCONSDTWTWO=((6, 100, 0.059999999999999998), (0.01, True))
LISTLEARNCONSDTWTWO=[((6, 100, 0.059999999999999998), (0.0, True)), ((6, 100, 0.059999999999999998), (0.01, True)), ((9, 100, 0.089999999999999997), (0.02, True)), ((17, 100, 0.17000000000000001), (0.029999999999999999, True)), ((24, 100, 0.23999999999999999), (0.040000000000000001, True)), ((29, 100, 0.28999999999999998), (0.050000000000000003, True)), ((31, 100, 0.31), (0.059999999999999998, True)), ((31, 100, 0.31), (0.070000000000000007, True)), ((34, 100, 0.34000000000000002), (0.080000000000000002, True)), ((35, 100, 0.34999999999999998), (0.089999999999999997, True)), ((35, 100, 0.34999999999999998), (0.10000000000000001, True)), ((35, 100, 0.34999999999999998), (0.11, True)), ((38, 100, 0.38), (0.12, True)), ((38, 100, 0.38), (0.13, True)), ((38, 100, 0.38), (0.14000000000000001, True)), ((39, 100, 0.39000000000000001), (0.14999999999999999, True)), ((39, 100, 0.39000000000000001), (0.16, True)), ((40, 100, 0.40000000000000002), (0.17000000000000001, True)), ((40, 100, 0.40000000000000002), (0.17999999999999999, True)), ((40, 100, 0.40000000000000002), (0.19, True)), ((40, 100, 0.40000000000000002), (0.20000000000000001, True))]

BESTLEARNGEMTWO=((1, 100, 0.01), (2, 2, 0.03125, True, True))
LISTLEARNGEMTWO=[((1, 100, 0.01), (2, 1, 0.03125, True, True)), ((1, 100, 0.01), (2, 2, 0.03125, True, True)), ((1, 100, 0.01), (2, 2, 0.0625, True, True)), ((2, 100, 0.02), (2, 2, 0.0078125, True, True)), ((2, 100, 0.02), (2, 2, 0.015625, True, True)), ((2, 100, 0.02), (2, 2, 0.125, True, True)), ((3, 100, 0.029999999999999999), (2, 1, 0.0625, True, True)), ((3, 100, 0.029999999999999999), (2, 2, 0.25, True, True)), ((4, 100, 0.040000000000000001), (2, 1, 0.015625, True, True)), ((6, 100, 0.059999999999999998), (2, 1, 0.0078125, True, True)), ((11, 100, 0.11), (1, 1, 0.015625, True, True)), ((11, 100, 0.11), (1, 2, 0.015625, True, True)), ((12, 100, 0.12), (1, 1, 0.03125, True, True)), ((12, 100, 0.12), (1, 2, 0.03125, True, True)), ((12, 100, 0.12), (2, 1, 0.125, True, True)), ((15, 100, 0.14999999999999999), (1, 1, 0.0078125, True, True)), ((15, 100, 0.14999999999999999), (1, 2, 0.0078125, True, True)), ((16, 100, 0.16), (1, 1, 0.0625, True, True)), ((16, 100, 0.16), (1, 2, 0.0625, True, True)), ((19, 100, 0.19), (2, 1, 0.00390625, True, True)), ((21, 100, 0.20999999999999999), (1, 1, 0.00390625, True, True)), ((21, 100, 0.20999999999999999), (1, 2, 0.00390625, True, True)), ((21, 100, 0.20999999999999999), (2, 2, 0.00390625, True, True)), ((24, 100, 0.23999999999999999), (1, 1, 0.125, True, True)), ((24, 100, 0.23999999999999999), (1, 2, 0.125, True, True)), ((24, 100, 0.23999999999999999), (2, 2, 0.5, True, True)), ((42, 100, 0.41999999999999998), (2, 1, 0.25, True, True)), ((45, 100, 0.45000000000000001), (1, 1, 0.25, True, True)), ((45, 100, 0.45000000000000001), (1, 2, 0.25, True, True)), ((54, 100, 0.54000000000000004), (2, 2, 0, True, True)), ((62, 100, 0.62), (2, 1, 0, True, True)), ((67, 100, 0.67000000000000004), (1, 1, 0.5, True, True)), ((67, 100, 0.67000000000000004), (1, 2, 0.5, True, True)), ((73, 100, 0.72999999999999998), (1, 1, 0, True, True)), ((73, 100, 0.72999999999999998), (1, 2, 0, True, True)), ((84, 100, 0.83999999999999997), (2, 1, 0.5, True, True))]


# error rates for different distance measures
# (error, size, error/size) and binary mask
BESTLPONE=(73, 400, 0.1825)
LISTLPONE=[0, 1, 0, 0, 0, 0, 0, 0, 0, 0, 1, 0, 1, 1, 0, 0, 1, 0, 0, 0, 0, 0, 0, 0, 0, 0, 0, 0, 0, 0, 0, 0, 0, 1, 0, 0, 0, 1, 0, 0, 0, 0, 0, 1, 0, 0, 0, 0, 0, 0, 0, 0, 0, 0, 0, 0, 0, 0, 0, 0, 0, 0, 0, 0, 0, 0, 0, 0, 0, 0, 0, 0, 0, 0, 0, 0, 1, 0, 1, 0, 0, 0, 0, 0, 1, 0, 0, 0, 0, 0, 0, 0, 0, 0, 1, 1, 0, 0, 1, 0, 0, 0, 0, 0, 1, 0, 0, 1, 0, 0, 0, 0, 1, 0, 0, 0, 0, 0, 0, 1, 0, 0, 1, 0, 1, 0, 0, 0, 0, 0, 0, 0, 0, 0, 0, 0, 0, 1, 0, 0, 1, 1, 0, 0, 0, 1, 0, 1, 1, 1, 0, 0, 1, 1, 0, 1, 0, 0, 0, 0, 0, 0, 0, 0, 1, 0, 0, 1, 0, 0, 0, 0, 0, 1, 0, 0, 0, 0, 1, 0, 0, 0, 0, 0, 0, 0, 0, 0, 0, 0, 0, 0, 0, 0, 1, 1, 0, 0, 0, 0, 0, 0, 0, 0, 0, 0, 0, 0, 1, 0, 0, 0, 0, 0, 0, 1, 0, 0, 0, 1, 0, 0, 0, 1, 0, 0, 0, 0, 0, 0, 0, 0, 0, 0, 0, 0, 0, 0, 0, 0, 1, 0, 0, 0, 0, 0, 1, 0, 0, 0, 0, 0, 1, 0, 0, 1, 0, 0, 0, 0, 0, 0, 0, 0, 1, 0, 1, 0, 0, 0, 0, 0, 1, 0, 0, 0, 0, 1, 0, 0, 0, 0, 0, 0, 0, 1, 0, 1, 0, 1, 0, 0, 1, 0, 0, 1, 0, 0, 0, 0, 1, 0, 0, 0, 0, 0, 0, 0, 0, 0, 0, 0, 1, 0, 0, 0, 0, 0, 0, 0, 1, 1, 0, 0, 0, 0, 1, 1, 1, 0, 1, 1, 0, 0, 0, 1, 0, 0, 0, 0, 0, 0, 0, 0, 0, 0, 0, 0, 0, 0, 0, 1, 0, 0, 0, 0, 0, 0, 0, 0, 0, 0, 0, 0, 1, 0, 0, 0, 0, 1, 0, 0, 1, 0, 1, 0, 1, 0, 0, 0, 0, 0, 0, 0, 0, 1, 0, 0, 1, 0, 0, 0, 1, 0, 0, 0, 0, 1, 0, 0]

BESTLPTWO=(56, 400, 0.14000000000000001)
LISTLPTWO=[0, 0, 1, 0, 0, 1, 1, 0, 0, 0, 0, 0, 0, 0, 0, 0, 0, 0, 0, 0, 0, 0, 0, 0, 0, 0, 0, 0, 0, 0, 0, 0, 0, 1, 0, 0, 0, 0, 0, 0, 0, 0, 0, 0, 0, 0, 1, 0, 0, 0, 0, 0, 0, 0, 0, 1, 0, 0, 0, 0, 1, 0, 0, 0, 0, 0, 0, 0, 0, 0, 0, 0, 0, 0, 0, 0, 0, 1, 0, 0, 0, 0, 0, 1, 0, 0, 1, 1, 0, 0, 0, 0, 0, 0, 0, 0, 1, 1, 0, 0, 0, 0, 0, 0, 0, 0, 0, 1, 1, 0, 0, 1, 0, 0, 1, 0, 0, 0, 1, 0, 1, 0, 0, 1, 0, 0, 0, 0, 0, 1, 0, 0, 0, 0, 0, 0, 0, 0, 0, 0, 0, 0, 0, 0, 1, 0, 0, 0, 0, 0, 0, 1, 0, 0, 0, 0, 0, 0, 0, 0, 0, 0, 0, 0, 0, 0, 0, 0, 0, 0, 1, 0, 1, 0, 0, 0, 0, 0, 1, 0, 1, 0, 0, 0, 1, 1, 0, 0, 0, 0, 0, 0, 1, 0, 0, 0, 0, 1, 0, 0, 0, 0, 0, 0, 1, 0, 0, 0, 0, 0, 0, 0, 0, 0, 0, 0, 0, 1, 0, 1, 0, 1, 0, 0, 0, 0, 0, 0, 0, 0, 0, 0, 0, 0, 1, 0, 0, 0, 0, 0, 0, 0, 0, 0, 0, 0, 0, 0, 0, 0, 0, 0, 1, 0, 0, 0, 0, 0, 0, 1, 0, 0, 0, 0, 0, 1, 0, 0, 0, 0, 0, 0, 0, 0, 0, 0, 0, 0, 0, 1, 0, 0, 0, 0, 0, 0, 0, 1, 0, 0, 0, 0, 1, 0, 0, 0, 1, 0, 0, 0, 0, 0, 0, 0, 0, 0, 0, 1, 1, 0, 0, 0, 1, 0, 1, 1, 0, 0, 0, 1, 0, 0, 0, 0, 0, 1, 0, 0, 0, 1, 1, 0, 0, 1, 0, 0, 0, 0, 0, 0, 0, 0, 0, 0, 0, 0, 0, 0, 0, 0, 0, 0, 0, 0, 0, 0, 0, 0, 0, 0, 0, 0, 1, 0, 1, 0, 0, 0, 0, 0, 0, 0, 0, 0, 0, 0, 1, 0, 0, 0, 0, 0, 0, 0, 0, 0, 0, 0, 0, 0, 0, 0, 0, 0, 0, 0, 0, 0, 0, 0]

BESTFULLDTWONE=(202, 400, 0.505)
LISTFULLDTWONE=[1, 1, 0, 0, 0, 1, 1, 0, 1, 0, 1, 0, 1, 1, 1, 1, 1, 0, 0, 1, 0, 0, 1, 0, 0, 0, 1, 0, 1, 0, 1, 1, 0, 1, 1, 0, 1, 1, 0, 0, 1, 1, 0, 1, 0, 0, 0, 0, 0, 0, 1, 0, 1, 1, 1, 0, 0, 0, 0, 1, 1, 0, 0, 0, 0, 0, 0, 0, 1, 1, 0, 1, 0, 0, 1, 1, 0, 1, 1, 0, 1, 0, 0, 1, 0, 1, 1, 0, 1, 0, 0, 0, 0, 1, 1, 1, 1, 1, 1, 0, 1, 0, 0, 0, 0, 1, 1, 1, 1, 0, 0, 1, 0, 0, 1, 1, 0, 0, 1, 0, 0, 1, 0, 0, 1, 0, 0, 0, 0, 1, 0, 1, 0, 0, 1, 0, 1, 1, 1, 0, 1, 1, 1, 1, 0, 1, 0, 1, 1, 1, 0, 0, 1, 1, 1, 1, 0, 0, 0, 0, 0, 0, 1, 0, 0, 0, 0, 1, 0, 0, 0, 0, 0, 1, 0, 0, 0, 1, 0, 0, 0, 1, 0, 1, 1, 0, 1, 1, 0, 1, 0, 0, 0, 0, 1, 1, 0, 1, 1, 1, 1, 1, 0, 0, 1, 0, 0, 0, 0, 0, 0, 0, 0, 0, 1, 1, 0, 1, 0, 1, 0, 1, 1, 1, 1, 1, 1, 0, 0, 1, 0, 1, 1, 0, 0, 1, 1, 1, 1, 0, 1, 1, 1, 0, 0, 1, 1, 1, 1, 0, 1, 1, 1, 1, 0, 0, 0, 1, 1, 0, 0, 0, 1, 1, 1, 1, 1, 0, 0, 1, 0, 1, 1, 0, 1, 1, 1, 1, 0, 1, 0, 0, 1, 1, 1, 1, 1, 1, 0, 1, 1, 0, 1, 0, 1, 1, 0, 0, 1, 0, 1, 1, 1, 1, 1, 1, 0, 1, 0, 0, 1, 1, 1, 1, 0, 1, 0, 1, 0, 1, 1, 1, 1, 1, 0, 1, 1, 1, 1, 0, 1, 1, 1, 1, 0, 1, 0, 0, 1, 0, 1, 0, 0, 0, 0, 1, 0, 1, 1, 0, 1, 1, 0, 0, 1, 1, 0, 0, 1, 0, 1, 0, 1, 1, 0, 0, 1, 0, 0, 0, 1, 0, 1, 1, 1, 0, 1, 0, 0, 0, 0, 0, 1, 0, 1, 1, 0, 0, 0, 1, 0, 1, 1, 0, 0, 0, 0, 0, 0, 0]

BESTFULLDTWTWO=(182, 400, 0.45500000000000002)
LISTFULLDTWTWO=[1, 1, 1, 1, 1, 1, 1, 0, 0, 1, 1, 0, 1, 1, 0, 1, 0, 0, 1, 1, 0, 1, 0, 0, 1, 0, 1, 0, 0, 0, 0, 0, 1, 1, 1, 1, 1, 0, 1, 0, 1, 0, 0, 0, 0, 1, 1, 0, 0, 0, 0, 0, 0, 0, 0, 0, 0, 0, 0, 0, 1, 0, 1, 1, 1, 1, 0, 0, 0, 0, 1, 0, 0, 0, 1, 1, 0, 1, 0, 1, 0, 0, 0, 1, 1, 0, 1, 0, 0, 0, 0, 1, 1, 1, 0, 1, 1, 1, 0, 0, 0, 1, 1, 1, 0, 0, 0, 0, 1, 0, 1, 1, 0, 0, 1, 1, 0, 1, 1, 0, 1, 1, 0, 0, 0, 1, 0, 0, 0, 0, 0, 1, 0, 1, 0, 1, 1, 0, 1, 0, 1, 0, 0, 0, 1, 0, 1, 0, 0, 1, 0, 1, 0, 0, 1, 1, 1, 0, 0, 1, 1, 1, 0, 0, 1, 0, 0, 0, 0, 1, 0, 1, 1, 1, 0, 0, 1, 0, 1, 0, 1, 0, 0, 0, 1, 1, 0, 0, 0, 1, 1, 0, 1, 1, 0, 1, 1, 1, 0, 1, 1, 0, 0, 0, 1, 0, 1, 0, 1, 1, 1, 1, 0, 0, 1, 1, 0, 1, 0, 1, 1, 1, 1, 1, 0, 1, 1, 0, 0, 0, 0, 0, 0, 1, 1, 0, 0, 1, 0, 0, 1, 0, 1, 0, 1, 0, 1, 0, 1, 1, 0, 1, 1, 0, 0, 0, 1, 0, 0, 0, 0, 0, 1, 0, 0, 1, 0, 1, 0, 0, 1, 1, 0, 1, 0, 0, 1, 0, 0, 0, 0, 0, 1, 0, 0, 1, 1, 0, 1, 0, 0, 1, 1, 0, 0, 1, 0, 1, 0, 1, 1, 0, 1, 0, 0, 0, 0, 1, 1, 0, 1, 0, 1, 1, 0, 1, 0, 1, 0, 1, 0, 1, 0, 1, 0, 1, 1, 1, 0, 0, 0, 0, 1, 1, 1, 0, 1, 1, 1, 0, 0, 0, 1, 0, 1, 1, 0, 0, 0, 1, 0, 1, 0, 0, 1, 1, 0, 1, 1, 0, 0, 1, 0, 0, 0, 0, 0, 0, 0, 0, 1, 0, 1, 1, 0, 0, 1, 1, 0, 1, 0, 1, 0, 0, 0, 0, 0, 0, 1, 1, 1, 0, 0, 1, 0, 1, 1, 1, 0, 0]

BESTCONSDTWONE=(59, 400, 0.14749999999999999)
LISTCONSDTWONE=[1, 1, 0, 0, 0, 0, 0, 0, 0, 0, 0, 0, 0, 0, 0, 0, 1, 0, 0, 0, 0, 0, 0, 0, 0, 0, 0, 0, 0, 0, 0, 0, 1, 0, 0, 0, 0, 1, 0, 0, 0, 0, 0, 1, 0, 0, 0, 0, 0, 0, 0, 0, 0, 0, 0, 0, 0, 0, 0, 0, 0, 0, 0, 0, 0, 0, 0, 0, 1, 0, 0, 0, 0, 0, 0, 0, 0, 0, 1, 0, 0, 0, 0, 0, 1, 0, 0, 0, 0, 0, 0, 0, 0, 0, 1, 1, 0, 0, 1, 0, 0, 0, 0, 0, 0, 0, 0, 0, 0, 0, 0, 0, 0, 0, 0, 0, 0, 0, 0, 0, 0, 0, 0, 0, 1, 0, 0, 0, 0, 0, 0, 0, 0, 0, 0, 0, 0, 1, 0, 0, 1, 0, 1, 0, 0, 1, 0, 1, 1, 1, 0, 0, 1, 1, 0, 1, 0, 0, 0, 0, 0, 0, 0, 0, 0, 0, 0, 1, 0, 0, 0, 0, 0, 1, 0, 1, 0, 0, 1, 0, 0, 0, 0, 0, 0, 0, 0, 0, 0, 0, 0, 0, 0, 0, 1, 1, 0, 0, 0, 0, 0, 0, 0, 0, 0, 0, 0, 0, 1, 0, 0, 0, 0, 0, 0, 1, 0, 0, 0, 1, 0, 0, 0, 1, 0, 0, 0, 0, 0, 0, 0, 0, 0, 0, 0, 0, 0, 0, 0, 0, 1, 0, 0, 0, 0, 0, 0, 1, 0, 0, 0, 0, 1, 0, 0, 0, 0, 1, 0, 0, 0, 0, 0, 0, 1, 1, 1, 0, 0, 0, 0, 0, 1, 0, 0, 0, 0, 1, 0, 0, 0, 0, 0, 0, 0, 0, 1, 1, 0, 1, 0, 0, 0, 0, 0, 1, 0, 0, 0, 0, 1, 0, 0, 0, 0, 0, 0, 0, 0, 0, 0, 0, 1, 0, 0, 0, 0, 0, 0, 0, 0, 1, 0, 0, 0, 0, 1, 1, 0, 0, 0, 1, 0, 0, 0, 1, 0, 0, 0, 0, 0, 0, 0, 0, 0, 0, 0, 0, 0, 0, 0, 1, 0, 0, 0, 0, 0, 0, 1, 0, 0, 0, 0, 0, 1, 0, 0, 0, 0, 0, 0, 0, 0, 0, 0, 0, 1, 0, 0, 0, 0, 0, 0, 0, 0, 1, 0, 0, 0, 0, 0, 0, 1, 0, 0, 0, 0, 0, 0, 0]

BESTCONSDTWTWO=(42, 400, 0.105)
LISTCONSDTWTWO=[0, 0, 1, 0, 0, 1, 1, 0, 0, 0, 0, 0, 0, 0, 0, 0, 0, 0, 0, 0, 0, 0, 0, 0, 0, 0, 0, 0, 0, 0, 0, 0, 0, 0, 0, 0, 0, 0, 0, 0, 0, 0, 0, 0, 0, 0, 0, 0, 0, 0, 0, 0, 0, 0, 0, 0, 0, 0, 0, 0, 1, 0, 1, 0, 0, 0, 0, 0, 0, 0, 0, 0, 0, 0, 0, 0, 0, 1, 0, 0, 0, 0, 0, 1, 0, 0, 1, 0, 0, 0, 0, 0, 0, 0, 0, 0, 1, 1, 0, 0, 0, 0, 0, 0, 0, 0, 0, 0, 1, 0, 0, 1, 0, 0, 1, 0, 0, 0, 1, 0, 1, 0, 0, 0, 0, 0, 0, 0, 0, 1, 0, 0, 0, 1, 0, 0, 0, 0, 0, 0, 1, 0, 0, 0, 1, 0, 0, 0, 0, 0, 0, 1, 0, 0, 0, 0, 0, 0, 0, 0, 0, 0, 0, 0, 0, 0, 0, 0, 0, 0, 0, 0, 1, 0, 0, 0, 0, 0, 1, 1, 1, 0, 0, 0, 1, 0, 0, 0, 0, 0, 0, 0, 1, 0, 0, 0, 0, 0, 0, 0, 0, 0, 0, 0, 0, 0, 0, 0, 0, 0, 0, 0, 0, 0, 0, 0, 0, 1, 0, 0, 0, 1, 0, 0, 0, 0, 0, 0, 0, 0, 0, 0, 0, 0, 0, 0, 0, 0, 0, 0, 0, 0, 0, 0, 1, 0, 0, 0, 0, 0, 0, 0, 1, 0, 0, 0, 0, 0, 0, 1, 0, 0, 0, 0, 0, 0, 0, 0, 0, 0, 0, 0, 0, 0, 0, 0, 0, 0, 0, 0, 0, 0, 0, 0, 0, 0, 0, 1, 0, 0, 0, 0, 1, 0, 0, 0, 0, 0, 0, 0, 0, 0, 0, 0, 0, 0, 0, 1, 0, 0, 0, 0, 1, 0, 0, 1, 0, 0, 0, 1, 0, 0, 0, 0, 0, 0, 0, 0, 0, 0, 0, 0, 0, 1, 0, 0, 0, 1, 0, 0, 0, 0, 0, 0, 0, 0, 0, 0, 0, 0, 0, 0, 0, 0, 0, 0, 0, 0, 0, 0, 0, 0, 1, 0, 0, 0, 0, 0, 0, 0, 0, 0, 0, 1, 0, 0, 0, 0, 0, 0, 0, 1, 0, 0, 0, 0, 0, 0, 0, 0, 0, 0, 0, 0, 0, 0, 0, 0, 0, 0]

BESTGEMONE=(7, 400, 0.017500000000000002)
LISTGEMONE=[0, 0, 0, 0, 0, 0, 0, 0, 0, 0, 0, 0, 0, 0, 0, 0, 0, 0, 0, 0, 0, 0, 0, 0, 0, 0, 0, 0, 0, 0, 0, 0, 0, 0, 0, 0, 0, 0, 0, 0, 0, 0, 0, 0, 0, 0, 0, 0, 0, 0, 0, 0, 0, 0, 0, 0, 0, 0, 0, 0, 0, 0, 0, 0, 0, 0, 0, 0, 0, 0, 0, 0, 0, 0, 0, 0, 0, 0, 0, 0, 0, 0, 0, 0, 0, 0, 0, 0, 0, 0, 0, 0, 0, 0, 0, 0, 0, 0, 0, 0, 0, 0, 0, 0, 0, 0, 0, 0, 0, 0, 0, 0, 1, 0, 0, 0, 0, 0, 0, 0, 0, 0, 0, 0, 0, 0, 0, 0, 0, 0, 0, 0, 0, 0, 0, 0, 0, 0, 0, 0, 0, 0, 0, 0, 0, 1, 0, 0, 0, 0, 0, 0, 1, 0, 0, 0, 0, 0, 0, 0, 0, 0, 0, 0, 0, 0, 0, 0, 0, 0, 0, 0, 0, 0, 0, 0, 0, 0, 0, 0, 0, 0, 0, 0, 0, 0, 0, 0, 0, 0, 0, 0, 0, 0, 0, 1, 0, 0, 0, 0, 0, 0, 0, 0, 0, 0, 0, 0, 0, 0, 0, 0, 0, 0, 0, 0, 0, 0, 0, 1, 0, 0, 0, 0, 0, 0, 0, 0, 0, 0, 0, 0, 0, 0, 0, 0, 0, 0, 0, 0, 0, 0, 0, 0, 0, 0, 0, 0, 0, 0, 0, 0, 0, 0, 0, 0, 0, 0, 0, 0, 0, 0, 0, 0, 0, 0, 0, 0, 0, 0, 0, 0, 0, 0, 0, 0, 0, 0, 0, 0, 0, 0, 0, 0, 0, 0, 0, 0, 0, 1, 0, 0, 0, 0, 0, 0, 0, 0, 0, 0, 0, 0, 0, 0, 0, 0, 0, 0, 0, 0, 0, 0, 1, 0, 0, 0, 0, 0, 0, 0, 0, 0, 0, 0, 0, 0, 0, 0, 0, 0, 0, 0, 0, 0, 0, 0, 0, 0, 0, 0, 0, 0, 0, 0, 0, 0, 0, 0, 0, 0, 0, 0, 0, 0, 0, 0, 0, 0, 0, 0, 0, 0, 0, 0, 0, 0, 0, 0, 0, 0, 0, 0, 0, 0, 0, 0, 0, 0, 0, 0, 0, 0, 0, 0, 0, 0, 0, 0, 0, 0, 0, 0, 0, 0, 0, 0, 0, 0, 0, 0]

BESTGEMTWO=(4, 400, 0.01)
LISTGEMTWO=[0, 0, 0, 0, 0, 1, 0, 0, 0, 0, 0, 0, 0, 0, 1, 0, 0, 0, 0, 0, 0, 0, 0, 0, 0, 0, 0, 0, 0, 0, 0, 0, 0, 0, 0, 0, 0, 0, 0, 0, 0, 0, 0, 0, 0, 0, 0, 0, 0, 0, 0, 0, 0, 0, 0, 0, 0, 0, 0, 0, 0, 0, 0, 0, 0, 0, 0, 0, 0, 0, 0, 0, 0, 0, 0, 0, 0, 0, 0, 0, 0, 0, 0, 0, 0, 0, 0, 0, 0, 0, 0, 0, 0, 0, 0, 0, 0, 0, 0, 0, 0, 0, 0, 0, 0, 0, 0, 0, 0, 0, 0, 0, 0, 0, 0, 0, 0, 0, 0, 0, 0, 0, 0, 0, 0, 0, 0, 0, 0, 0, 0, 0, 0, 0, 0, 0, 0, 0, 0, 0, 0, 0, 0, 0, 0, 0, 0, 0, 0, 0, 0, 0, 0, 0, 0, 0, 0, 0, 0, 0, 0, 0, 0, 0, 0, 0, 0, 0, 0, 0, 0, 0, 0, 0, 0, 0, 0, 0, 0, 0, 0, 0, 0, 0, 0, 0, 0, 0, 0, 0, 0, 0, 0, 0, 0, 0, 0, 0, 0, 0, 0, 0, 0, 0, 0, 0, 0, 0, 0, 0, 0, 0, 0, 0, 0, 0, 0, 0, 0, 0, 0, 0, 0, 0, 0, 0, 0, 0, 0, 0, 0, 0, 0, 0, 0, 0, 0, 0, 0, 0, 0, 0, 0, 0, 0, 0, 0, 0, 0, 0, 0, 0, 0, 0, 0, 0, 0, 0, 0, 0, 0, 0, 0, 0, 0, 0, 0, 0, 0, 0, 0, 0, 0, 0, 0, 0, 0, 0, 0, 0, 0, 0, 0, 0, 0, 0, 0, 0, 0, 0, 0, 0, 0, 0, 0, 0, 0, 0, 0, 0, 0, 0, 0, 0, 0, 0, 0, 0, 0, 0, 0, 0, 0, 0, 0, 1, 0, 0, 0, 0, 0, 0, 0, 0, 0, 0, 0, 0, 0, 0, 0, 0, 0, 0, 0, 0, 0, 0, 0, 0, 0, 0, 0, 0, 0, 0, 0, 0, 0, 0, 0, 0, 0, 0, 0, 0, 0, 0, 0, 0, 0, 0, 0, 0, 1, 0, 0, 0, 0, 0, 0, 0, 0, 0, 0, 0, 0, 0, 0, 0, 0, 0, 0, 0, 0, 0, 0, 0, 0, 0, 0, 0, 0, 0, 0, 0, 0, 0, 0, 0]

