# indices of halve split with split for parameters)
INDEXONE=[838, 542, 223, 845, 667, 521, 557, 87, 284, 720, 244, 127, 74, 791, 682, 940, 696, 639, 632, 359, 626, 198, 685, 834, 560, 819, 385, 787, 197, 268, 112, 647, 972, 999, 629, 871, 676, 898, 317, 980, 219, 498, 457, 181, 327, 343, 496, 736, 783, 637, 253, 508, 507, 526, 351, 671, 285, 189, 901, 347, 431, 102, 957, 733, 876, 877, 932, 231, 470, 854, 25, 295, 886, 482, 483, 275, 357, 961, 413, 101, 367, 404, 421, 315, 182, 428, 485, 848, 342, 153, 562, 553, 758, 345, 706, 983, 586, 943, 380, 337, 679, 381, 831, 471, 349, 67, 90, 89, 417, 203, 938, 373, 491, 11, 389, 949, 672, 917, 245, 502, 646, 856, 309, 857, 588, 159, 850, 324, 440, 452, 229, 664, 840, 85, 930, 261, 252, 111, 500, 748, 265, 966, 741, 722, 503, 583, 304, 308, 789, 644, 383, 611, 984, 593, 591, 815, 747, 847, 979, 891, 10, 710, 81, 119, 649, 462, 707, 274, 346, 23, 766, 13, 287, 768, 862, 801, 653, 155, 362, 772, 618, 468, 330, 0, 636, 186, 902, 270, 920, 92, 725, 214, 757, 535, 890, 970, 539, 276, 14, 395, 803, 776, 340, 569, 484, 802, 689, 899, 71, 677, 382, 570, 495, 179, 369, 472, 592, 438, 926, 136, 841, 39, 686, 207, 2, 154, 699, 985, 712, 742, 673, 215, 826, 348, 133, 996, 105, 532, 967, 329, 477, 474, 238, 76, 448, 571, 816, 193, 441, 319, 988, 29, 473, 225, 565, 973, 122, 228, 175, 695, 719, 294, 363, 489, 210, 552, 813, 365, 597, 716, 192, 545, 756, 625, 668, 833, 950, 893, 1, 355, 80, 760, 433, 774, 242, 486, 919, 851, 338, 978, 52, 904, 953, 708, 524, 543, 115, 577, 868, 129, 339, 187, 516, 30, 418, 424, 19, 326, 631, 303, 523, 995, 409, 427, 880, 522, 494, 271, 903, 125, 652, 933, 269, 669, 751, 578, 908, 443, 432, 218, 292, 814, 513, 375, 713, 616, 206, 955, 778, 662, 361, 194, 889, 262, 172, 289, 306, 870, 456, 929, 412, 370, 971, 15, 740, 334, 95, 860, 445, 537, 782, 505, 419, 761, 641, 402, 811, 108, 882, 323, 656, 142, 604, 481, 290, 987, 70, 767, 718, 344, 465, 143, 540, 388, 598, 556, 96, 792, 28, 989, 302, 795, 946, 406, 549, 969, 806, 998, 247, 368]
INDEXLPONE=[724, 958, 241, 541, 178, 585, 68, 288, 885, 360, 602, 479, 437, 335, 587, 547, 54, 872, 784, 239, 391, 580, 307, 397, 763, 366, 900, 277, 352, 702, 126, 376, 364, 16, 863, 951, 564, 661, 798, 684, 341, 693, 992, 257, 258, 354, 941, 464, 531, 401, 924, 962, 567, 906, 881, 884, 403, 51, 911, 140, 235, 690, 907, 830, 546, 378, 527, 659, 805, 160, 184, 414, 968, 944, 793, 846, 574, 246, 43, 873, 705, 318, 249, 777, 152, 466, 752, 147, 925, 923, 501, 512, 551, 55, 411, 221, 279, 721, 3, 463]
INDEXTWO=[22, 888, 536, 407, 69, 948, 78, 829, 896, 905, 138, 519, 635, 790, 804, 446, 325, 33, 199, 60, 594, 56, 191, 692, 823, 638, 248, 132, 694, 729, 866, 20, 615, 416, 31, 825, 237, 952, 769, 808, 732, 63, 990, 715, 624, 123, 79, 681, 835, 960, 959, 256, 450, 18, 415, 528, 120, 356, 169, 504, 977, 316, 410, 797, 425, 226, 660, 232, 568, 240, 453, 435, 254, 525, 97, 299, 73, 745, 371, 100, 77, 645, 982, 731, 332, 956, 858, 213, 320, 775, 991, 216, 579, 173, 703, 613, 807, 358, 601, 600, 174, 222, 704, 291, 314, 548, 663, 4, 651, 151, 384, 643, 530, 227, 947, 520, 331, 994, 476, 800, 605, 492, 515, 855, 864, 714, 53, 499, 640, 58, 954, 149, 156, 243, 887, 514, 875, 596, 865, 447, 517, 965, 737, 839, 135, 5, 572, 46, 738, 436, 755, 61, 392, 581, 405, 42, 918, 57, 293, 180, 628, 654, 584, 66, 202, 883, 609, 627, 167, 17, 49, 821, 726, 617, 21, 130, 390, 27, 300, 267, 209, 278, 753, 550, 273, 131, 818, 190, 849, 250, 622, 666, 106, 945, 333, 430, 762, 208, 590, 372, 895, 298, 8, 997, 633, 909, 478, 511, 897, 170, 827, 488, 461, 619, 809, 196, 301, 211, 788, 874, 185, 779, 599, 931, 612, 614, 114, 396, 894, 916, 544, 144, 842, 786, 844, 670, 739, 93, 398, 934, 665, 467, 675, 94, 610, 554, 534, 648, 688, 770, 107, 566, 444, 734, 832, 321, 377, 393, 64, 717, 204, 36, 75, 460, 455, 936, 469, 379, 794, 264, 442, 796, 728, 233, 912, 700, 561, 141, 34, 927, 701, 148, 171, 910, 422, 281, 116, 680, 322, 497, 280, 529, 921, 38, 423, 272, 104, 538, 255, 573, 266, 408, 162, 113, 386, 91, 859, 964, 780, 103, 975, 657, 843, 576, 914, 24, 166, 212, 6, 750, 942, 623, 449, 563, 773, 251, 146, 822, 263, 922, 139, 297, 937, 993, 86, 88, 480, 50, 459, 828, 110, 82, 575, 118, 608, 487, 336, 799, 84, 9, 607, 7, 744, 869, 642, 603, 32, 935, 861, 853, 426, 350, 313, 655, 230, 429, 634, 976, 555, 224, 420, 234, 47, 963, 730, 928, 188, 754, 236, 451, 310, 296, 98, 117, 44, 168, 765, 490, 727, 161, 674, 913, 121, 72, 99, 399, 394, 582, 65, 205]
INDEXLPTWO=[509, 176, 824, 658, 128, 40, 286, 981, 328, 137, 475, 59, 687, 697, 817, 164, 810, 220, 743, 589, 37, 879, 493, 630, 312, 939, 785, 134, 201, 353, 621, 311, 986, 749, 41, 163, 974, 157, 812, 200, 878, 518, 683, 558, 559, 820, 837, 45, 606, 109, 781, 124, 711, 283, 620, 510, 735, 305, 374, 195, 177, 691, 165, 771, 35, 434, 533, 145, 892, 62, 400, 26, 723, 83, 698, 709, 259, 836, 595, 183, 506, 158, 282, 150, 650, 12, 458, 454, 764, 746, 387, 217, 260, 915, 439, 48, 852, 759, 867, 678]

# learned parameters for cdtw and gem
# dtw ((error, size, error/size), (window, sqr))
# gem ((error, size, error/size), (St0, St1, E, sym, sqr))
BESTLEARNCONSDTWONE=((9, 100, 0.089999999999999997), (0.01, True))
LISTLEARNCONSDTWONE=[((9, 100, 0.089999999999999997), (0.01, True)), ((10, 100, 0.10000000000000001), (0.02, True)), ((14, 100, 0.14000000000000001), (0.0, True)), ((16, 100, 0.16), (0.029999999999999999, True)), ((22, 100, 0.22), (0.040000000000000001, True)), ((24, 100, 0.23999999999999999), (0.050000000000000003, True)), ((28, 100, 0.28000000000000003), (0.059999999999999998, True)), ((29, 100, 0.28999999999999998), (0.070000000000000007, True)), ((31, 100, 0.31), (0.080000000000000002, True)), ((31, 100, 0.31), (0.089999999999999997, True)), ((32, 100, 0.32000000000000001), (0.10000000000000001, True)), ((33, 100, 0.33000000000000002), (0.11, True)), ((34, 100, 0.34000000000000002), (0.12, True)), ((34, 100, 0.34000000000000002), (0.13, True)), ((36, 100, 0.35999999999999999), (0.14000000000000001, True)), ((36, 100, 0.35999999999999999), (0.14999999999999999, True)), ((37, 100, 0.37), (0.16, True)), ((37, 100, 0.37), (0.17000000000000001, True)), ((38, 100, 0.38), (0.17999999999999999, True)), ((38, 100, 0.38), (0.19, True)), ((38, 100, 0.38), (0.20000000000000001, True))]

BESTLEARNGEMONE=((0, 100, 0.0), (2, 2, 0.03125, True, True))
LISTLEARNGEMONE=[((0, 100, 0.0), (2, 2, 0.015625, True, True)), ((0, 100, 0.0), (2, 2, 0.03125, True, True)), ((0, 100, 0.0), (2, 2, 0.0625, True, True)), ((1, 100, 0.01), (2, 1, 0.015625, True, True)), ((1, 100, 0.01), (2, 1, 0.03125, True, True)), ((1, 100, 0.01), (2, 2, 0.125, True, True)), ((1, 100, 0.01), (2, 2, 0.25, True, True)), ((2, 100, 0.02), (2, 1, 0.0625, True, True)), ((3, 100, 0.029999999999999999), (2, 2, 0.0078125, True, True)), ((4, 100, 0.040000000000000001), (2, 1, 0.0078125, True, True)), ((10, 100, 0.10000000000000001), (2, 1, 0.125, True, True)), ((11, 100, 0.11), (2, 1, 0.00390625, True, True)), ((16, 100, 0.16), (1, 1, 0.0078125, True, True)), ((16, 100, 0.16), (1, 1, 0.015625, True, True)), ((16, 100, 0.16), (1, 2, 0.0078125, True, True)), ((16, 100, 0.16), (1, 2, 0.015625, True, True)), ((16, 100, 0.16), (2, 2, 0.00390625, True, True)), ((17, 100, 0.17000000000000001), (1, 1, 0.00390625, True, True)), ((17, 100, 0.17000000000000001), (1, 1, 0.03125, True, True)), ((17, 100, 0.17000000000000001), (1, 2, 0.00390625, True, True)), ((17, 100, 0.17000000000000001), (1, 2, 0.03125, True, True)), ((25, 100, 0.25), (2, 2, 0.5, True, True)), ((28, 100, 0.28000000000000003), (1, 1, 0.0625, True, True)), ((28, 100, 0.28000000000000003), (1, 2, 0.0625, True, True)), ((37, 100, 0.37), (1, 1, 0.125, True, True)), ((37, 100, 0.37), (1, 2, 0.125, True, True)), ((46, 100, 0.46000000000000002), (2, 1, 0.25, True, True)), ((51, 100, 0.51000000000000001), (1, 1, 0.25, True, True)), ((51, 100, 0.51000000000000001), (1, 2, 0.25, True, True)), ((52, 100, 0.52000000000000002), (2, 2, 0, True, True)), ((54, 100, 0.54000000000000004), (2, 1, 0, True, True)), ((67, 100, 0.67000000000000004), (1, 1, 0.5, True, True)), ((67, 100, 0.67000000000000004), (1, 2, 0.5, True, True)), ((69, 100, 0.68999999999999995), (1, 1, 0, True, True)), ((69, 100, 0.68999999999999995), (1, 2, 0, True, True)), ((88, 100, 0.88), (2, 1, 0.5, True, True))]

BESTLEARNCONSDTWTWO=((4, 100, 0.040000000000000001), (0.01, True))
LISTLEARNCONSDTWTWO=[((4, 100, 0.040000000000000001), (0.01, True)), ((8, 100, 0.080000000000000002), (0.02, True)), ((11, 100, 0.11), (0.0, True)), ((15, 100, 0.14999999999999999), (0.029999999999999999, True)), ((24, 100, 0.23999999999999999), (0.040000000000000001, True)), ((29, 100, 0.28999999999999998), (0.050000000000000003, True)), ((31, 100, 0.31), (0.059999999999999998, True)), ((32, 100, 0.32000000000000001), (0.070000000000000007, True)), ((33, 100, 0.33000000000000002), (0.080000000000000002, True)), ((33, 100, 0.33000000000000002), (0.089999999999999997, True)), ((33, 100, 0.33000000000000002), (0.10000000000000001, True)), ((33, 100, 0.33000000000000002), (0.11, True)), ((35, 100, 0.34999999999999998), (0.13, True)), ((35, 100, 0.34999999999999998), (0.14000000000000001, True)), ((35, 100, 0.34999999999999998), (0.14999999999999999, True)), ((35, 100, 0.34999999999999998), (0.16, True)), ((35, 100, 0.34999999999999998), (0.17000000000000001, True)), ((36, 100, 0.35999999999999999), (0.12, True)), ((36, 100, 0.35999999999999999), (0.17999999999999999, True)), ((36, 100, 0.35999999999999999), (0.19, True)), ((36, 100, 0.35999999999999999), (0.20000000000000001, True))]

BESTLEARNGEMTWO=((2, 100, 0.02), (2, 2, 0.0625, True, True))
LISTLEARNGEMTWO=[((2, 100, 0.02), (2, 2, 0.015625, True, True)), ((2, 100, 0.02), (2, 2, 0.03125, True, True)), ((2, 100, 0.02), (2, 2, 0.0625, True, True)), ((2, 100, 0.02), (2, 2, 0.125, True, True)), ((2, 100, 0.02), (2, 2, 0.25, True, True)), ((3, 100, 0.029999999999999999), (2, 2, 0.0078125, True, True)), ((4, 100, 0.040000000000000001), (2, 1, 0.015625, True, True)), ((4, 100, 0.040000000000000001), (2, 1, 0.03125, True, True)), ((5, 100, 0.050000000000000003), (2, 1, 0.0078125, True, True)), ((5, 100, 0.050000000000000003), (2, 1, 0.0625, True, True)), ((14, 100, 0.14000000000000001), (1, 1, 0.0078125, True, True)), ((14, 100, 0.14000000000000001), (1, 2, 0.0078125, True, True)), ((15, 100, 0.14999999999999999), (2, 1, 0.125, True, True)), ((16, 100, 0.16), (1, 1, 0.015625, True, True)), ((16, 100, 0.16), (1, 2, 0.015625, True, True)), ((16, 100, 0.16), (2, 1, 0.00390625, True, True)), ((18, 100, 0.17999999999999999), (1, 1, 0.03125, True, True)), ((18, 100, 0.17999999999999999), (1, 2, 0.03125, True, True)), ((19, 100, 0.19), (1, 1, 0.00390625, True, True)), ((19, 100, 0.19), (1, 2, 0.00390625, True, True)), ((19, 100, 0.19), (2, 2, 0.5, True, True)), ((24, 100, 0.23999999999999999), (2, 2, 0.00390625, True, True)), ((26, 100, 0.26000000000000001), (1, 1, 0.0625, True, True)), ((26, 100, 0.26000000000000001), (1, 2, 0.0625, True, True)), ((32, 100, 0.32000000000000001), (1, 1, 0.125, True, True)), ((32, 100, 0.32000000000000001), (1, 2, 0.125, True, True)), ((40, 100, 0.40000000000000002), (2, 1, 0.25, True, True)), ((47, 100, 0.46999999999999997), (1, 1, 0.25, True, True)), ((47, 100, 0.46999999999999997), (1, 2, 0.25, True, True)), ((48, 100, 0.47999999999999998), (2, 2, 0, True, True)), ((63, 100, 0.63), (2, 1, 0, True, True)), ((64, 100, 0.64000000000000001), (1, 1, 0.5, True, True)), ((64, 100, 0.64000000000000001), (1, 2, 0.5, True, True)), ((77, 100, 0.77000000000000002), (1, 1, 0, True, True)), ((77, 100, 0.77000000000000002), (1, 2, 0, True, True)), ((82, 100, 0.81999999999999995), (2, 1, 0.5, True, True))]


# error rates for different distance measures
# (error, size, error/size) and binary mask
BESTLPONE=(50, 400, 0.125)
LISTLPONE=[0, 1, 0, 0, 0, 0, 0, 0, 0, 0, 1, 0, 0, 0, 0, 0, 0, 0, 0, 0, 0, 0, 0, 0, 0, 0, 0, 0, 1, 1, 0, 0, 0, 0, 0, 0, 0, 0, 0, 0, 0, 0, 1, 0, 0, 0, 0, 0, 0, 0, 0, 1, 0, 1, 0, 0, 1, 0, 0, 0, 0, 0, 0, 0, 0, 0, 0, 0, 0, 1, 0, 0, 0, 0, 0, 0, 0, 0, 0, 0, 1, 0, 1, 0, 0, 0, 1, 0, 0, 1, 0, 0, 0, 0, 1, 1, 0, 0, 0, 0, 0, 0, 0, 0, 0, 0, 0, 0, 0, 0, 0, 0, 0, 0, 0, 0, 0, 0, 0, 0, 0, 0, 0, 0, 0, 0, 0, 0, 0, 0, 1, 0, 0, 0, 1, 1, 0, 0, 0, 1, 0, 0, 0, 0, 0, 0, 0, 0, 0, 0, 0, 0, 0, 0, 0, 0, 0, 0, 0, 0, 0, 0, 0, 0, 0, 0, 0, 0, 0, 0, 1, 0, 0, 1, 0, 0, 0, 1, 0, 0, 0, 0, 0, 0, 0, 0, 0, 0, 1, 0, 0, 0, 0, 0, 0, 1, 0, 0, 0, 0, 0, 0, 0, 0, 0, 0, 1, 0, 0, 0, 0, 0, 0, 0, 1, 0, 0, 0, 1, 0, 0, 0, 0, 0, 0, 0, 0, 0, 0, 0, 0, 0, 0, 0, 0, 0, 0, 0, 0, 0, 0, 0, 1, 0, 0, 0, 1, 0, 0, 0, 0, 0, 0, 0, 0, 0, 0, 0, 0, 1, 0, 0, 0, 1, 0, 0, 1, 0, 0, 1, 0, 0, 0, 0, 1, 0, 0, 0, 0, 0, 0, 0, 0, 0, 0, 0, 0, 0, 0, 1, 0, 0, 0, 1, 0, 0, 0, 1, 0, 0, 0, 0, 0, 0, 0, 0, 0, 0, 0, 0, 0, 0, 0, 0, 1, 0, 0, 0, 0, 0, 0, 0, 0, 0, 0, 1, 0, 0, 0, 0, 0, 0, 0, 0, 0, 0, 1, 1, 0, 0, 0, 1, 0, 0, 0, 0, 0, 0, 0, 0, 0, 0, 0, 0, 0, 0, 0, 0, 0, 0, 0, 0, 0, 1, 0, 0, 1, 1, 0, 0, 1, 0, 0, 0, 0, 1, 0, 1, 0, 0, 0, 0, 0, 0, 0, 0, 0, 0, 0, 0, 0, 1, 0, 1, 0, 0, 0, 0, 0, 0]

BESTLPTWO=(66, 400, 0.16500000000000001)
LISTLPTWO=[0, 0, 0, 0, 0, 0, 0, 1, 0, 0, 0, 0, 0, 0, 0, 0, 0, 0, 0, 0, 1, 0, 0, 0, 0, 0, 0, 0, 1, 0, 0, 0, 0, 1, 0, 1, 1, 0, 0, 0, 0, 0, 0, 1, 0, 1, 0, 0, 0, 0, 1, 1, 0, 0, 0, 1, 0, 0, 0, 1, 0, 0, 0, 0, 0, 0, 1, 1, 0, 1, 0, 0, 1, 0, 0, 1, 0, 0, 1, 0, 0, 1, 0, 1, 0, 0, 0, 0, 0, 0, 0, 0, 0, 1, 0, 0, 0, 0, 0, 0, 0, 1, 0, 0, 0, 0, 0, 0, 0, 0, 0, 0, 1, 1, 0, 0, 0, 1, 0, 0, 0, 0, 0, 0, 0, 0, 0, 0, 0, 0, 0, 0, 1, 1, 0, 0, 0, 0, 0, 0, 0, 0, 0, 0, 0, 0, 0, 0, 0, 0, 0, 0, 0, 0, 0, 1, 0, 0, 0, 0, 0, 0, 0, 1, 0, 0, 0, 0, 0, 1, 0, 0, 1, 0, 1, 0, 1, 0, 0, 1, 0, 0, 0, 0, 0, 0, 1, 0, 1, 1, 0, 1, 0, 0, 0, 0, 1, 0, 0, 1, 0, 0, 0, 0, 0, 0, 0, 0, 0, 0, 0, 0, 0, 0, 0, 0, 0, 0, 0, 0, 0, 0, 0, 1, 0, 0, 0, 0, 0, 0, 1, 1, 0, 1, 0, 0, 0, 0, 0, 0, 0, 0, 0, 0, 0, 0, 0, 0, 0, 0, 0, 0, 0, 0, 0, 0, 0, 0, 0, 1, 0, 0, 0, 0, 0, 0, 0, 0, 0, 0, 0, 0, 0, 1, 1, 1, 0, 0, 0, 0, 0, 0, 1, 1, 0, 0, 0, 0, 0, 0, 0, 1, 0, 0, 1, 0, 0, 0, 1, 0, 0, 1, 0, 0, 0, 0, 0, 1, 0, 0, 0, 0, 0, 0, 0, 0, 0, 1, 0, 0, 0, 0, 0, 0, 0, 0, 0, 0, 0, 1, 0, 0, 0, 0, 0, 0, 0, 0, 0, 0, 0, 0, 0, 0, 0, 0, 0, 0, 0, 0, 0, 0, 0, 0, 0, 0, 0, 0, 0, 1, 0, 1, 0, 0, 1, 0, 0, 0, 0, 0, 1, 0, 0, 0, 0, 0, 0, 1, 0, 1, 0, 0, 0, 0, 0, 0, 0, 0, 0, 1, 0, 1, 0, 0, 1, 0, 0, 0, 0, 0]

BESTFULLDTWONE=(195, 400, 0.48749999999999999)
LISTFULLDTWONE=[0, 1, 1, 0, 0, 0, 0, 1, 1, 0, 0, 1, 1, 1, 0, 1, 1, 0, 1, 0, 0, 0, 1, 0, 1, 0, 1, 0, 0, 0, 0, 0, 1, 0, 0, 0, 0, 0, 0, 0, 0, 0, 0, 0, 0, 1, 0, 0, 0, 0, 0, 1, 1, 1, 1, 1, 1, 0, 0, 0, 1, 0, 1, 0, 0, 0, 0, 0, 1, 1, 0, 0, 1, 1, 0, 0, 0, 0, 1, 1, 1, 0, 1, 0, 0, 0, 0, 1, 0, 0, 1, 0, 0, 1, 1, 1, 1, 1, 1, 1, 0, 1, 0, 1, 1, 1, 0, 0, 1, 0, 0, 0, 0, 0, 0, 0, 1, 0, 0, 0, 1, 0, 1, 0, 1, 0, 1, 1, 1, 1, 0, 0, 1, 1, 1, 1, 0, 0, 0, 1, 0, 1, 0, 0, 1, 1, 0, 1, 0, 1, 1, 0, 0, 1, 1, 0, 1, 1, 0, 1, 0, 0, 1, 0, 0, 0, 0, 0, 0, 0, 1, 1, 1, 1, 1, 1, 0, 1, 1, 1, 0, 1, 0, 1, 1, 0, 0, 0, 1, 1, 1, 0, 0, 1, 0, 1, 1, 0, 1, 0, 1, 1, 1, 1, 0, 0, 1, 0, 0, 0, 1, 0, 1, 0, 0, 1, 1, 0, 1, 1, 0, 0, 0, 0, 0, 0, 1, 0, 1, 1, 0, 0, 1, 0, 1, 0, 0, 1, 1, 1, 1, 1, 0, 1, 1, 0, 1, 0, 1, 1, 0, 0, 1, 0, 0, 1, 1, 0, 0, 0, 0, 1, 1, 1, 0, 0, 1, 1, 1, 1, 0, 1, 1, 1, 1, 1, 1, 0, 1, 1, 0, 1, 1, 0, 0, 1, 0, 0, 0, 1, 0, 0, 1, 1, 0, 1, 1, 1, 0, 0, 1, 0, 1, 0, 0, 0, 0, 0, 1, 1, 1, 0, 0, 1, 1, 0, 0, 0, 1, 0, 1, 0, 0, 1, 0, 1, 0, 1, 1, 1, 1, 1, 0, 0, 1, 0, 1, 1, 1, 0, 1, 1, 0, 0, 1, 1, 0, 0, 1, 0, 1, 1, 0, 1, 1, 1, 0, 1, 1, 1, 0, 0, 1, 0, 0, 0, 1, 1, 1, 1, 1, 0, 0, 1, 1, 0, 0, 1, 0, 1, 0, 0, 1, 1, 0, 0, 0, 1, 0, 0, 0, 0, 1, 1, 1, 1, 0, 1, 1, 1]

BESTFULLDTWTWO=(203, 400, 0.50749999999999995)
LISTFULLDTWTWO=[0, 1, 1, 0, 1, 1, 0, 1, 1, 1, 1, 1, 1, 0, 1, 1, 1, 0, 1, 1, 1, 1, 0, 0, 1, 1, 1, 0, 1, 0, 1, 1, 0, 1, 1, 1, 0, 1, 0, 0, 0, 0, 1, 1, 0, 0, 0, 0, 0, 0, 0, 1, 1, 1, 1, 1, 0, 1, 0, 1, 1, 1, 0, 1, 0, 0, 1, 1, 1, 0, 1, 0, 1, 1, 0, 1, 0, 1, 1, 1, 0, 0, 0, 1, 1, 0, 1, 0, 1, 0, 0, 1, 1, 1, 0, 0, 0, 1, 0, 0, 0, 1, 0, 1, 0, 1, 0, 0, 0, 0, 1, 0, 1, 1, 0, 0, 0, 1, 1, 0, 0, 0, 0, 0, 1, 1, 1, 0, 0, 1, 1, 0, 1, 0, 0, 0, 0, 0, 0, 1, 0, 0, 1, 1, 0, 0, 0, 0, 1, 0, 1, 1, 0, 1, 0, 1, 0, 1, 1, 0, 1, 0, 1, 1, 0, 0, 0, 1, 0, 1, 0, 1, 1, 0, 0, 1, 1, 0, 0, 1, 1, 0, 1, 0, 0, 0, 1, 0, 1, 1, 0, 1, 0, 1, 1, 0, 0, 0, 1, 0, 0, 1, 1, 0, 1, 0, 1, 0, 0, 1, 1, 1, 0, 1, 0, 0, 0, 1, 0, 1, 1, 1, 1, 1, 0, 1, 1, 0, 1, 1, 1, 0, 0, 1, 0, 1, 0, 0, 0, 0, 1, 0, 1, 0, 0, 1, 1, 1, 0, 1, 0, 0, 0, 0, 0, 0, 1, 0, 1, 1, 0, 1, 1, 0, 1, 0, 1, 0, 1, 0, 1, 1, 0, 1, 1, 1, 1, 0, 0, 0, 0, 1, 1, 1, 0, 1, 1, 0, 1, 0, 1, 1, 0, 1, 1, 1, 1, 1, 1, 1, 0, 1, 0, 0, 0, 0, 0, 1, 1, 0, 0, 1, 0, 1, 0, 1, 0, 0, 0, 0, 1, 1, 1, 0, 0, 0, 0, 1, 0, 1, 0, 1, 1, 0, 1, 0, 0, 0, 0, 1, 1, 0, 1, 0, 0, 0, 0, 1, 0, 1, 0, 0, 1, 1, 0, 0, 1, 0, 1, 1, 1, 1, 1, 1, 1, 0, 1, 0, 1, 1, 1, 0, 0, 0, 0, 1, 0, 1, 1, 1, 1, 0, 0, 0, 1, 0, 0, 1, 0, 1, 1, 0, 0, 1, 0, 0, 1, 1, 1, 1]

BESTCONSDTWONE=(43, 400, 0.1075)
LISTCONSDTWONE=[0, 0, 0, 0, 0, 0, 0, 0, 0, 0, 0, 0, 0, 0, 0, 0, 0, 0, 0, 0, 0, 0, 0, 0, 0, 0, 0, 0, 1, 1, 0, 0, 0, 0, 0, 0, 0, 0, 0, 0, 0, 0, 1, 0, 0, 0, 0, 0, 0, 0, 0, 1, 0, 1, 0, 0, 0, 0, 0, 0, 0, 0, 0, 0, 0, 0, 0, 0, 0, 1, 0, 0, 0, 0, 0, 0, 0, 0, 0, 0, 1, 0, 1, 0, 0, 0, 0, 0, 0, 0, 0, 0, 0, 0, 1, 1, 0, 0, 0, 0, 0, 0, 0, 0, 0, 1, 0, 0, 0, 0, 0, 0, 0, 0, 1, 0, 0, 0, 0, 0, 0, 0, 0, 0, 0, 0, 0, 0, 0, 0, 0, 0, 0, 0, 1, 1, 0, 0, 0, 1, 0, 0, 0, 0, 0, 0, 0, 0, 0, 0, 0, 0, 0, 0, 0, 0, 0, 0, 0, 1, 0, 0, 0, 0, 0, 0, 0, 0, 0, 0, 1, 0, 0, 1, 0, 0, 0, 1, 0, 0, 0, 0, 0, 0, 0, 0, 0, 0, 1, 0, 0, 0, 0, 0, 0, 1, 0, 0, 0, 0, 1, 0, 0, 0, 0, 0, 0, 0, 0, 0, 0, 0, 1, 0, 0, 0, 0, 0, 1, 0, 0, 0, 0, 0, 0, 0, 1, 0, 0, 0, 0, 0, 0, 0, 0, 0, 0, 0, 0, 0, 0, 0, 0, 0, 0, 0, 1, 0, 0, 0, 0, 0, 0, 0, 0, 0, 0, 0, 0, 0, 0, 0, 0, 1, 0, 0, 1, 0, 0, 0, 0, 0, 1, 0, 1, 0, 0, 0, 0, 0, 0, 0, 0, 0, 0, 0, 0, 0, 0, 1, 0, 0, 0, 0, 0, 0, 0, 1, 0, 0, 0, 0, 0, 0, 0, 0, 0, 0, 0, 0, 0, 0, 0, 0, 1, 0, 0, 0, 0, 0, 0, 0, 0, 0, 0, 1, 0, 0, 0, 0, 0, 0, 0, 0, 0, 0, 1, 1, 0, 0, 0, 1, 0, 0, 0, 0, 0, 0, 0, 0, 0, 0, 0, 0, 0, 0, 0, 0, 0, 0, 0, 0, 0, 0, 0, 0, 0, 1, 0, 0, 1, 0, 0, 0, 0, 0, 0, 1, 0, 1, 0, 0, 1, 0, 0, 0, 0, 0, 0, 0, 0, 0, 0, 1, 0, 0, 0, 0, 0, 0]

BESTCONSDTWTWO=(53, 400, 0.13250000000000001)
LISTCONSDTWTWO=[0, 0, 1, 0, 0, 0, 0, 0, 0, 0, 1, 0, 1, 0, 0, 0, 0, 0, 0, 0, 1, 0, 0, 0, 0, 0, 0, 0, 0, 0, 0, 0, 0, 1, 0, 1, 0, 0, 0, 0, 0, 0, 0, 1, 0, 0, 0, 0, 0, 0, 0, 1, 0, 0, 0, 0, 0, 0, 0, 1, 0, 0, 0, 0, 0, 0, 1, 1, 0, 0, 0, 0, 1, 0, 0, 0, 0, 1, 1, 0, 0, 0, 0, 1, 0, 0, 0, 0, 0, 0, 0, 0, 0, 1, 0, 0, 0, 0, 0, 0, 0, 1, 0, 0, 0, 0, 0, 0, 0, 0, 0, 0, 1, 1, 0, 0, 0, 1, 0, 0, 0, 0, 0, 0, 0, 0, 0, 0, 0, 0, 0, 0, 0, 0, 0, 0, 0, 0, 0, 0, 0, 0, 0, 0, 0, 0, 0, 0, 0, 0, 0, 0, 0, 0, 0, 1, 0, 0, 0, 0, 0, 0, 0, 1, 0, 0, 0, 0, 0, 1, 0, 0, 1, 0, 1, 1, 0, 0, 0, 0, 0, 0, 0, 0, 0, 0, 1, 0, 0, 1, 0, 1, 0, 0, 0, 0, 0, 0, 0, 0, 0, 0, 0, 0, 0, 0, 0, 0, 0, 0, 0, 0, 0, 0, 0, 0, 0, 0, 0, 1, 0, 0, 0, 1, 0, 0, 0, 0, 0, 1, 0, 0, 0, 0, 0, 0, 0, 0, 0, 0, 1, 0, 0, 0, 0, 0, 0, 0, 0, 0, 0, 0, 0, 0, 0, 0, 0, 0, 0, 0, 0, 0, 0, 0, 1, 0, 0, 0, 0, 0, 0, 0, 0, 1, 1, 1, 0, 0, 0, 0, 0, 0, 1, 1, 0, 0, 0, 0, 0, 0, 0, 1, 0, 0, 1, 0, 0, 0, 1, 0, 0, 0, 0, 0, 0, 0, 0, 1, 0, 0, 0, 1, 0, 0, 1, 0, 0, 1, 0, 0, 0, 0, 0, 0, 0, 0, 0, 0, 0, 0, 0, 0, 0, 0, 0, 0, 0, 0, 0, 0, 0, 0, 0, 0, 0, 0, 0, 0, 0, 0, 0, 0, 1, 1, 0, 0, 0, 0, 0, 0, 0, 0, 0, 0, 1, 0, 0, 0, 0, 0, 0, 0, 0, 0, 0, 0, 0, 1, 0, 1, 0, 0, 0, 0, 0, 0, 0, 0, 0, 1, 0, 1, 0, 0, 0, 0, 0, 0, 0, 0]

BESTGEMONE=(7, 400, 0.017500000000000002)
LISTGEMONE=[0, 0, 0, 0, 0, 0, 0, 0, 0, 0, 0, 0, 0, 0, 0, 0, 0, 0, 0, 0, 0, 0, 0, 0, 0, 0, 0, 0, 0, 0, 0, 0, 0, 0, 0, 0, 0, 0, 0, 0, 0, 0, 0, 0, 0, 0, 0, 0, 0, 0, 0, 0, 0, 0, 0, 0, 0, 0, 0, 0, 0, 0, 0, 0, 0, 0, 0, 0, 0, 0, 0, 0, 0, 0, 0, 0, 0, 0, 0, 0, 0, 0, 1, 0, 0, 0, 0, 0, 0, 1, 0, 0, 0, 0, 0, 1, 0, 0, 0, 0, 0, 0, 0, 0, 0, 0, 0, 0, 0, 0, 0, 0, 0, 0, 0, 0, 0, 0, 0, 0, 0, 0, 0, 0, 0, 0, 0, 0, 0, 0, 0, 0, 0, 0, 0, 0, 0, 0, 0, 0, 0, 0, 0, 0, 0, 0, 0, 0, 0, 0, 0, 0, 0, 0, 0, 0, 0, 0, 0, 0, 0, 0, 0, 0, 0, 0, 0, 0, 0, 0, 0, 0, 0, 0, 0, 0, 0, 0, 0, 0, 0, 0, 0, 0, 0, 0, 0, 0, 0, 0, 0, 0, 0, 1, 0, 0, 0, 0, 0, 0, 0, 0, 0, 0, 0, 0, 0, 0, 0, 0, 0, 0, 0, 0, 0, 0, 0, 0, 0, 0, 0, 0, 0, 0, 0, 0, 0, 0, 0, 0, 0, 0, 0, 0, 0, 0, 0, 0, 0, 0, 0, 0, 0, 0, 0, 0, 0, 0, 0, 0, 0, 0, 0, 0, 0, 0, 0, 0, 0, 0, 0, 0, 0, 0, 0, 0, 0, 0, 0, 0, 0, 0, 0, 0, 0, 0, 0, 0, 0, 0, 0, 0, 0, 0, 0, 0, 0, 0, 1, 0, 0, 0, 0, 0, 0, 0, 0, 0, 0, 0, 0, 0, 0, 0, 0, 0, 0, 0, 0, 0, 0, 0, 0, 0, 0, 0, 0, 0, 0, 0, 0, 0, 0, 0, 0, 0, 0, 0, 0, 0, 0, 0, 0, 0, 0, 0, 0, 0, 0, 0, 0, 0, 0, 0, 0, 0, 0, 0, 0, 0, 0, 0, 0, 0, 0, 0, 0, 0, 0, 0, 0, 0, 0, 0, 0, 0, 0, 0, 0, 0, 0, 0, 0, 1, 0, 0, 0, 0, 0, 0, 0, 0, 0, 0, 0, 0, 0, 0, 0, 0, 0, 1, 0, 0, 0, 0, 0, 0, 0, 0]

BESTGEMTWO=(4, 400, 0.01)
LISTGEMTWO=[0, 0, 0, 0, 0, 0, 0, 0, 0, 0, 0, 0, 0, 0, 0, 0, 0, 0, 0, 0, 0, 0, 0, 0, 0, 0, 0, 0, 0, 0, 0, 0, 0, 1, 0, 0, 0, 0, 0, 0, 0, 0, 0, 0, 0, 0, 0, 0, 0, 0, 0, 0, 0, 0, 0, 0, 0, 0, 0, 0, 0, 0, 0, 0, 0, 0, 0, 0, 0, 0, 0, 0, 0, 0, 0, 0, 0, 0, 0, 0, 0, 0, 0, 0, 0, 0, 0, 0, 0, 0, 0, 0, 0, 0, 0, 0, 0, 0, 0, 0, 0, 0, 0, 0, 0, 0, 0, 0, 0, 0, 0, 0, 0, 0, 0, 0, 0, 0, 0, 0, 0, 0, 0, 0, 0, 0, 0, 0, 0, 0, 0, 0, 0, 0, 0, 0, 0, 0, 0, 0, 0, 0, 0, 0, 0, 0, 0, 0, 0, 0, 0, 0, 0, 0, 0, 1, 0, 0, 0, 0, 0, 0, 0, 0, 0, 0, 0, 0, 0, 0, 0, 0, 0, 0, 0, 0, 0, 0, 0, 0, 0, 0, 0, 0, 0, 0, 0, 0, 0, 0, 0, 0, 0, 0, 0, 0, 0, 0, 0, 0, 0, 0, 0, 0, 0, 0, 0, 0, 0, 0, 0, 0, 0, 0, 0, 0, 0, 0, 0, 0, 0, 0, 0, 1, 0, 0, 0, 0, 0, 0, 0, 0, 0, 0, 0, 0, 0, 0, 0, 0, 0, 0, 0, 0, 0, 0, 0, 0, 0, 0, 0, 0, 0, 0, 0, 0, 0, 0, 0, 0, 0, 0, 0, 0, 0, 0, 0, 0, 0, 0, 0, 0, 0, 1, 0, 0, 0, 0, 0, 0, 0, 0, 0, 0, 0, 0, 0, 0, 0, 0, 0, 0, 0, 0, 0, 0, 0, 0, 0, 0, 0, 0, 0, 0, 0, 0, 0, 0, 0, 0, 0, 0, 0, 0, 0, 0, 0, 0, 0, 0, 0, 0, 0, 0, 0, 0, 0, 0, 0, 0, 0, 0, 0, 0, 0, 0, 0, 0, 0, 0, 0, 0, 0, 0, 0, 0, 0, 0, 0, 0, 0, 0, 0, 0, 0, 0, 0, 0, 0, 0, 0, 0, 0, 0, 0, 0, 0, 0, 0, 0, 0, 0, 0, 0, 0, 0, 0, 0, 0, 0, 0, 0, 0, 0, 0, 0, 0, 0, 0, 0, 0, 0, 0, 0, 0, 0, 0, 0, 0, 0]

